5 100
45 57 31
52 56 37
50 35 21
54 48 32
59 63 29
57 40
83 9
38 32
79 91
50 75
80 60
35 88
99 81
46 29
5 78
13 21
81 92
53 80
33 69
49 98
59 24
43 34
35 51
90 29
79 23
5 24
49 92
51 12
59 32
21 8
22 24
15 44
57 96
39 89
8 82
51 63
15 12
8 88
98 92
56 33
48 58
89 58
89 16
90 10
30 60
55 4
33 18
38 54
1 20
52 61
13 77
46 7
78 60
33 27
70 87
34 44
73 62
99 6
50 83
15 51
59 53
32 9
27 67
70 52
99 76
54 31
77 93
70 70
67 31
20 40
71 54
16 80
24 27
39 79
13 28
93 61
89 10
98 86
77 15
41 46
65 62
58 55
25 33
94 44
79 47
25 98
70 32
70 17
60 95
31 13
24 61
70 15
36 14
72 84
8 91
95 89
56 8
27 19
97 44
98 1
49 44
81 3
83 93
5 95
18 49
