5 100
49 64 30
42 55 42
50 42 33
42 60 19
44 39 30
88 90
31 90
1 62
72 83
76 3
9 27
17 60
70 68
69 57
96 71
94 39
47 68
7 2
12 13
58 78
16 0
76 92
11 26
81 83
40 36
48 81
42 85
14 27
17 51
36 97
54 12
98 70
75 22
63 74
21 11
9 87
58 47
1 65
66 40
77 45
88 25
12 53
88 8
57 71
1 16
94 42
18 18
53 78
56 76
33 83
51 11
62 12
26 45
51 24
99 54
40 60
96 18
66 33
42 9
38 45
21 70
84 84
69 76
21 50
22 98
3 50
87 14
5 66
35 49
60 17
34 98
69 62
23 93
2 98
18 35
12 84
69 0
12 92
0 67
62 99
50 11
63 63
83 10
21 9
39 65
80 91
16 92
89 2
57 9
52 36
23 15
18 98
89 54
28 76
10 34
40 11
30 52
28 38
88 53
35 69
11 8
58 70
48 4
15 30
22 62
