5 100
35 46 23
61 57 21
42 35 40
42 39 33
64 55 37
7 45
19 76
61 5
54 59
12 85
77 63
97 22
28 60
19 94
93 8
48 71
51 37
51 59
9 98
15 15
88 86
9 76
81 69
39 35
32 39
20 8
42 62
32 2
53 35
7 52
73 36
94 80
76 94
94 13
97 11
6 25
78 20
14 0
8 69
39 73
99 75
18 32
59 98
26 62
88 38
14 18
70 22
28 32
61 98
55 97
63 34
18 43
83 23
33 89
26 54
35 22
10 24
40 76
9 98
66 29
14 68
52 34
17 67
75 72
98 83
64 16
93 88
27 23
23 74
44 47
52 88
50 57
35 69
84 44
42 21
83 94
4 64
91 90
85 47
24 78
99 63
38 82
77 9
95 99
55 21
24 15
87 8
12 94
92 28
75 41
96 46
84 2
28 20
11 51
14 11
74 48
41 55
39 89
44 72
41 45
0 56
88 2
7 82
9 61
0 80
