5 100
43 42 45
53 40 19
54 60 26
57 52 25
48 49 37
45 28
11 4
25 4
43 22
63 17
22 61
27 40
72 64
11 63
23 80
79 19
26 23
80 17
3 1
3 70
1 44
36 70
26 81
91 9
39 94
35 91
72 70
12 93
98 37
29 73
50 18
49 57
27 87
49 5
1 58
14 66
80 14
22 99
20 76
88 60
63 60
63 88
32 99
69 0
54 64
90 21
62 39
5 26
79 63
98 55
4 25
65 90
49 84
95 21
34 68
58 83
94 40
85 33
41 10
3 21
8 33
69 12
33 26
75 20
42 47
8 42
29 70
23 58
79 77
73 76
40 76
86 93
8 89
6 98
10 51
10 27
31 43
43 11
86 60
51 70
65 28
9 14
84 86
96 42
6 2
4 22
99 40
26 51
79 45
50 94
72 8
67 23
10 42
88 65
74 19
59 10
59 31
67 92
67 87
5 43
58 59
10 73
92 85
84 82
39 58
