5 100
37 41 26
36 40 31
37 44 32
62 42 19
43 62 44
34 64
90 10
59 19
74 74
66 17
10 12
27 59
73 57
95 75
28 9
81 46
34 78
26 14
35 7
53 47
80 19
9 94
69 23
23 6
83 91
80 60
24 70
26 35
99 56
29 71
48 54
85 71
90 46
3 39
54 85
58 97
20 17
31 33
24 45
77 5
44 90
36 51
22 53
64 17
30 72
69 85
4 95
58 56
68 10
81 92
5 84
80 21
94 71
94 64
70 69
79 47
84 67
40 83
54 35
7 60
11 21
79 97
64 43
84 46
84 41
29 38
41 35
7 10
51 24
27 38
52 97
5 67
54 0
58 3
93 35
89 92
68 32
1 52
78 1
47 32
19 92
76 52
56 84
36 98
40 88
3 60
34 88
8 97
89 93
69 99
26 73
70 64
52 14
57 45
43 25
69 37
62 49
7 63
48 83
5 56
60 57
32 69
44 96
23 61
43 68
