5 100
41 61 39
40 59 27
58 60 32
49 36 19
41 42 39
96 21
54 0
12 84
40 54
30 81
34 42
42 19
88 9
36 28
40 28
21 8
93 58
65 25
88 93
24 13
5 59
87 59
15 15
5 84
69 91
50 63
39 76
78 89
42 33
36 40
56 1
8 40
32 97
47 10
55 11
9 99
23 49
18 10
3 24
28 55
92 68
5 76
55 72
36 44
8 53
64 29
59 16
46 40
62 24
24 23
61 18
9 64
81 16
80 46
0 42
88 89
11 57
2 46
23 27
72 13
70 54
33 25
94 62
74 18
76 28
90 78
91 6
69 65
29 63
77 50
58 87
79 98
87 30
61 95
85 26
90 84
49 64
49 25
83 77
33 10
96 19
21 37
55 52
12 51
96 52
0 6
38 62
58 34
91 73
14 54
10 55
88 5
22 17
68 42
28 53
49 18
18 97
95 75
41 58
65 42
78 38
65 45
18 62
84 85
31 9
