5 100
61 36 39
61 36 33
57 42 21
63 56 20
41 50 41
49 10
89 25
53 51
76 36
95 82
30 84
74 97
60 64
88 7
57 14
29 99
44 79
75 5
28 31
79 6
30 70
84 26
97 75
34 90
72 83
26 97
49 57
27 19
93 89
39 53
45 22
87 81
87 79
75 63
95 51
92 6
62 54
82 0
40 43
15 29
87 17
87 91
82 9
57 99
91 20
88 43
52 54
3 42
34 51
6 39
47 55
6 98
86 40
21 96
17 51
30 61
98 64
7 61
16 5
70 56
88 9
99 56
62 74
74 49
2 40
93 52
20 68
78 80
47 41
52 25
99 6
24 12
83 69
20 93
76 37
9 19
40 37
36 36
16 63
49 4
62 15
86 72
99 6
95 83
33 98
50 39
69 20
81 56
26 13
79 0
49 42
18 38
53 48
27 71
80 75
74 28
65 96
14 4
36 14
64 14
98 88
36 70
64 45
50 73
0 34
