5 100
54 49 43
51 48 36
55 35 21
48 38 33
39 43 17
93 77
20 1
84 8
76 64
82 34
3 72
55 96
39 77
37 21
97 96
9 66
35 74
7 16
82 72
48 19
7 15
51 5
56 13
19 13
30 64
50 47
61 61
29 32
58 20
87 66
8 95
51 35
87 64
30 89
46 64
1 68
37 70
3 27
6 18
68 18
88 87
95 12
65 63
69 83
91 58
26 1
35 93
15 54
32 39
40 76
23 10
86 27
15 34
21 77
76 79
54 59
84 33
48 91
88 27
58 81
51 44
90 35
7 17
19 48
81 22
89 55
19 56
43 29
10 12
73 89
2 28
27 75
99 48
22 28
76 36
51 43
76 83
44 54
99 5
66 64
96 23
41 1
15 27
42 2
75 59
3 42
69 64
61 72
15 59
98 18
15 74
9 26
65 48
93 7
8 88
23 2
17 92
56 82
76 14
82 81
4 25
24 63
73 35
32 3
8 70
