5 100
64 43 27
49 64 24
41 37 36
55 43 22
46 49 44
58 65
21 59
98 82
55 83
35 54
25 44
92 64
11 10
92 67
26 77
44 30
91 26
56 68
90 57
29 37
81 80
81 66
82 37
35 13
42 77
72 90
14 43
15 49
25 53
40 96
47 12
77 71
37 82
90 52
14 51
8 95
6 46
37 34
59 74
9 89
9 57
4 10
56 60
77 27
69 58
30 88
40 81
84 84
91 21
40 82
24 40
46 94
96 79
67 7
42 57
52 34
23 28
46 5
92 71
39 23
18 70
25 93
16 68
51 97
94 45
35 86
86 27
72 52
8 20
52 19
21 83
54 1
92 21
57 63
75 54
33 46
72 40
4 69
45 90
81 12
4 65
43 21
4 53
9 56
65 95
28 28
7 56
8 63
11 74
69 5
5 64
22 67
95 31
10 4
69 57
5 50
76 91
79 26
0 48
68 78
59 84
91 10
26 92
71 55
92 52
