5 100
50 51 18
61 40 31
43 51 37
62 49 37
38 37 27
23 95
28 19
92 42
67 67
94 74
26 81
28 6
21 14
58 29
59 48
97 94
35 19
53 73
34 58
96 1
86 62
73 69
69 3
52 65
43 24
28 38
91 68
18 43
40 67
48 16
67 86
43 33
29 18
56 3
87 37
30 86
84 22
62 10
54 79
67 46
72 26
31 81
18 24
54 73
10 63
42 39
39 60
90 13
98 46
85 22
16 48
64 86
65 19
46 8
87 75
45 80
44 95
46 77
66 53
62 62
80 44
58 77
76 6
73 26
87 31
80 78
83 8
25 93
17 36
4 17
82 99
30 35
94 98
40 25
45 33
19 96
40 13
76 47
85 48
18 68
5 53
78 95
79 13
41 56
40 83
30 79
36 52
60 43
34 37
68 56
24 96
77 57
95 43
40 0
1 90
60 54
8 97
16 51
43 26
64 5
83 81
72 45
70 77
39 72
1 20
