16 100
16 2 10
68 71 8
67 81 4
83 80 4
47 84 5
71 1 5
43 3 7
84 33 6
30 55 7
3 43 9
40 24 10
0 98 4
58 62 6
62 51 9
90 19 7
74 19 10
12 71
12 93
32 98
34 58
51 27
43 99
39 57
1 79
50 2
96 25
87 26
27 35
85 92
35 74
64 49
3 49
99 79
19 80
68 63
92 65
53 12
67 53
98 99
61 65
15 23
4 33
90 11
42 10
98 82
56 17
1 28
57 58
19 21
66 44
79 69
35 54
87 45
52 47
49 30
72 71
88 53
90 41
36 15
57 98
81 85
49 50
19 83
73 56
30 75
16 33
65 1
51 19
37 50
10 56
60 46
32 63
62 93
64 40
73 80
54 96
98 42
68 20
42 50
12 18
89 9
8 81
26 7
14 59
97 40
68 28
70 51
1 91
75 68
77 87
93 42
32 17
65 86
26 38
91 25
57 77
46 44
99 39
56 91
76 64
53 65
97 11
11 18
46 46
55 89
56 67
19 18
10 70
65 57
90 46
9 56
69 74
65 18
99 9
62 46
32 46
