16 100
49 47 6
65 91 7
89 12 5
52 21 8
4 82 9
13 4 10
74 11 6
82 55 9
86 11 9
63 87 9
96 33 8
88 17 8
65 98 10
42 88 7
31 3 9
90 42 4
22 54
92 71
88 52
90 96
31 13
12 25
62 59
59 80
72 98
63 29
83 65
25 31
44 14
43 68
91 69
51 26
33 79
50 70
57 43
42 5
27 3
30 49
16 7
80 25
24 14
7 3
56 42
63 43
67 63
46 12
35 15
29 52
76 16
67 48
50 61
55 82
81 42
62 6
14 95
86 8
30 20
79 67
15 51
46 40
67 27
73 85
47 80
66 56
84 54
74 54
6 56
39 1
55 9
6 83
52 26
38 53
84 43
12 68
30 68
60 57
8 92
36 81
18 14
9 96
50 20
26 62
78 65
23 1
72 49
80 54
83 2
36 23
49 15
63 63
10 29
94 31
62 41
5 1
68 22
7 21
47 50
86 79
25 77
64 53
36 33
47 67
39 93
28 7
87 29
80 66
82 62
20 70
6 87
57 20
98 24
62 62
90 8
61 17
68 38
25 36
