16 100
70 60 10
76 18 5
1 57 9
21 18 10
87 13 8
7 96 9
7 46 9
60 81 4
36 53 9
87 85 7
47 65 7
5 61 9
14 99 5
49 60 5
33 97 5
35 95 4
97 13
3 83
16 71
66 45
86 77
17 59
78 30
36 25
97 51
74 13
96 40
47 0
43 84
69 62
40 9
57 68
73 43
41 61
0 78
9 39
92 44
16 44
31 54
46 30
71 27
80 9
42 60
45 10
87 55
93 52
1 65
71 29
97 73
58 49
38 15
20 85
14 89
87 53
8 76
97 80
50 8
42 44
14 90
7 74
4 15
89 85
80 90
39 51
96 0
17 31
87 13
3 18
37 10
22 70
1 9
33 63
85 3
8 40
99 54
22 58
46 91
10 82
89 33
18 69
7 49
65 92
60 57
26 4
44 22
51 59
59 57
84 8
20 53
63 5
97 80
76 36
78 3
82 81
56 82
55 82
51 92
41 37
45 49
65 66
16 25
65 7
28 79
71 43
77 97
28 62
40 10
7 54
20 34
57 81
6 44
36 72
0 71
96 97
36 98
91 17
