16 100
88 31 5
20 24 8
38 80 8
90 26 11
26 87 8
25 51 5
46 3 5
4 85 9
13 77 9
11 10 6
81 7 5
64 32 6
35 89 9
81 13 11
93 80 7
80 17 8
47 84
15 58
4 68
83 16
23 76
77 12
63 48
96 42
93 34
16 91
97 83
18 36
93 12
41 88
11 52
94 63
1 55
69 20
41 59
72 34
95 89
98 80
81 42
41 74
13 51
62 53
85 5
36 28
8 5
36 49
86 18
93 43
17 24
20 72
48 22
62 57
37 57
34 87
31 0
37 19
63 54
91 22
74 49
48 67
5 64
33 49
15 45
11 37
21 14
60 20
61 38
81 62
79 15
12 60
43 96
87 25
89 65
47 91
49 7
0 22
11 56
43 54
36 56
86 19
83 67
37 67
75 99
3 53
78 46
45 32
75 57
17 67
62 22
3 67
13 9
84 58
51 70
28 52
75 81
70 26
50 27
73 54
1 46
97 7
90 14
59 80
46 14
2 58
0 65
80 74
98 30
7 9
83 46
49 43
73 41
21 91
87 60
80 27
7 8
22 53
