12 100
98 32 21
75 16 12
27 75 17
43 2 12
78 5 21
16 34 11
61 79 23
64 61 17
3 85 12
16 36 21
41 85 19
62 11 22
52 83
39 70
29 86
81 61
12 95
10 14
37 81
46 35
11 85
18 33
26 53
37 3
79 78
1 57
67 31
3 5
47 61
94 20
60 5
89 17
83 98
5 3
97 10
17 94
83 10
11 44
98 19
34 48
70 53
43 60
93 18
45 2
74 68
34 57
12 34
26 97
66 47
10 84
48 87
57 47
33 68
34 89
40 7
13 62
65 91
48 44
55 84
25 18
4 59
44 37
90 83
53 10
91 39
49 2
48 49
21 92
64 28
42 6
23 41
25 8
62 79
54 71
73 59
32 79
45 90
37 63
66 36
40 30
50 85
64 50
97 38
79 55
27 98
71 16
30 30
3 35
86 46
87 88
22 97
68 87
77 13
31 3
84 91
23 81
69 78
37 7
95 80
10 1
3 90
66 53
59 47
53 13
7 66
34 90
40 1
89 17
64 85
82 89
50 92
36 81
