12 100
28 55 15
98 98 16
2 32 13
73 42 9
30 64 20
85 75 23
86 98 18
30 98 17
77 43 20
60 47 22
67 41 14
88 72 21
69 62
11 73
70 58
21 85
71 2
6 63
45 82
5 67
71 0
36 28
85 6
12 69
67 23
43 48
93 90
20 36
58 66
79 72
0 37
69 79
12 56
76 47
1 99
35 68
1 51
47 96
62 98
15 79
74 73
41 26
53 64
1 85
35 61
27 7
43 40
32 12
10 47
22 79
65 88
51 97
31 22
82 31
54 37
95 83
82 26
48 78
36 37
22 13
8 49
74 4
23 97
54 10
19 11
39 78
4 92
98 25
58 21
75 1
4 65
87 64
86 5
43 54
5 71
80 76
87 85
85 19
67 71
81 41
95 2
79 88
6 86
55 50
69 46
99 75
83 96
53 15
73 75
58 77
63 6
31 23
78 75
15 31
86 16
28 39
19 8
20 59
27 37
9 4
61 14
2 87
12 46
71 13
67 3
26 40
62 8
79 79
83 83
7 76
85 14
74 83
