12 100
23 25 18
25 97 12
96 40 15
34 32 18
36 74 26
80 50 13
85 28 11
16 10 24
78 13 16
0 33 17
10 74 22
60 28 18
31 94
83 38
43 52
93 75
13 15
30 25
27 77
34 0
41 88
92 41
85 6
68 36
19 87
54 24
58 77
99 6
51 68
97 3
6 77
76 38
2 83
85 13
77 91
52 41
49 3
17 56
28 92
21 75
0 19
87 59
76 68
13 2
54 88
69 35
85 99
18 76
26 94
16 75
78 50
87 99
23 75
31 80
23 28
21 75
27 8
23 77
96 49
58 30
8 21
95 82
56 8
16 86
25 18
36 11
54 75
20 36
4 32
61 78
50 48
89 26
63 8
72 27
30 92
33 90
85 69
37 72
17 39
49 59
16 3
70 23
45 71
25 96
42 32
14 38
73 67
56 62
53 81
4 93
47 5
14 94
46 26
54 72
95 1
87 39
89 73
58 14
16 34
69 35
38 46
36 80
53 2
93 85
99 64
18 66
21 10
71 54
77 66
81 12
57 56
17 75
