12 100
72 35 14
74 74 16
41 83 16
56 79 10
95 56 10
64 28 22
52 85 22
40 72 22
99 6 24
99 63 14
41 49 21
21 83 18
6 40
55 83
37 65
17 19
96 80
84 80
2 73
17 29
35 22
77 55
22 60
43 49
92 98
75 79
49 67
45 18
16 88
32 46
46 69
67 85
15 62
64 31
10 3
62 4
22 44
80 92
43 72
11 84
71 43
75 15
99 75
5 61
46 25
73 54
38 17
7 60
48 4
48 21
39 19
24 22
80 84
50 97
63 39
23 10
51 78
87 29
14 56
77 60
29 1
66 56
90 26
41 2
34 41
71 95
23 1
18 81
71 60
27 93
8 17
98 94
42 73
82 59
74 0
77 63
22 61
94 98
54 1
39 53
47 57
79 53
81 23
79 85
57 63
6 38
74 86
51 1
2 61
49 81
1 76
47 0
52 13
93 95
91 72
90 0
19 53
72 11
49 4
36 28
9 14
32 16
57 42
66 26
11 34
27 88
20 5
10 20
31 33
80 66
34 0
43 60
