4 100
37 50 30
56 60 38
43 48 50
30 38 34
6 46
24 49
8 83
73 80
67 11
42 98
79 32
27 38
79 54
53 41
7 3
33 30
50 44
19 16
63 29
15 55
85 87
85 92
28 33
46 25
56 58
56 39
72 96
74 98
76 17
55 11
77 96
46 98
37 73
67 58
9 51
94 4
25 76
93 38
25 72
89 68
34 87
4 50
78 38
36 56
67 24
23 38
12 26
37 69
51 79
19 38
75 20
56 62
67 86
12 14
61 59
52 56
73 6
90 70
68 50
86 18
85 30
88 51
3 88
92 4
45 69
42 12
55 31
41 81
93 6
23 92
41 2
67 77
68 37
82 30
81 39
7 70
32 52
7 43
66 12
80 84
35 71
43 73
94 40
57 24
0 3
42 98
90 85
54 65
3 68
99 76
39 25
36 59
39 59
13 43
2 89
40 51
5 12
89 50
13 91
56 27
95 99
17 35
59 8
85 82
