4 100
47 31 30
65 33 41
61 41 39
49 49 41
51 11
41 44
90 23
50 28
44 8
23 83
69 28
65 85
71 16
0 73
92 22
78 41
10 78
3 4
45 50
23 9
68 19
32 47
45 38
41 51
62 48
72 11
83 31
31 75
6 89
29 11
76 55
62 6
71 89
4 56
95 62
55 9
96 45
69 16
80 96
44 7
97 43
18 48
44 72
3 44
47 94
80 39
67 11
67 25
46 90
23 86
75 24
53 29
23 87
26 15
40 85
57 76
90 25
79 53
71 31
67 42
46 86
16 55
69 61
66 38
86 7
19 12
7 13
97 73
92 99
39 0
82 45
28 30
85 34
63 61
93 68
26 2
95 86
30 34
78 15
93 25
73 24
20 49
53 24
60 66
95 44
27 26
71 96
17 69
64 57
62 47
36 28
22 91
2 36
35 42
10 4
62 42
60 42
29 41
66 27
84 94
55 4
10 52
96 11
47 42
