4 100
67 31 42
54 32 46
41 62 21
35 61 43
58 52
17 56
73 17
64 42
37 8
9 52
12 73
20 54
36 16
15 22
98 57
48 26
79 46
81 9
55 95
19 46
83 45
60 10
30 45
73 87
43 86
42 60
32 84
80 50
9 33
91 97
91 84
27 68
63 45
39 77
31 20
97 62
84 80
85 31
76 84
21 91
5 77
27 0
66 65
70 86
94 35
61 69
72 73
9 77
94 44
51 29
80 95
2 88
37 91
15 63
38 58
13 8
22 46
0 50
8 74
49 4
59 50
6 82
27 99
72 70
56 18
11 32
53 53
70 46
81 8
77 54
40 0
91 4
46 34
78 27
52 92
32 54
10 67
43 67
49 31
59 97
46 73
12 1
42 20
12 27
24 15
45 67
28 59
12 85
58 17
44 1
75 23
71 2
66 31
98 21
43 80
31 85
10 4
4 74
82 69
10 67
95 91
77 6
9 2
84 1
