4 100
56 62 40
40 67 41
31 54 37
65 46 35
2 16
62 95
47 97
92 20
99 11
7 91
87 4
17 69
11 34
91 50
30 65
57 49
28 80
91 13
33 21
31 4
82 38
14 22
42 32
71 25
25 68
59 8
81 67
92 96
83 52
7 32
58 36
63 20
85 77
41 3
95 72
92 14
98 63
89 17
57 4
97 71
61 56
87 43
64 79
92 0
99 83
62 68
68 52
18 91
16 19
76 27
95 48
41 78
91 44
68 24
52 88
94 23
18 39
29 57
74 2
62 85
27 59
25 2
53 22
12 32
17 79
84 7
44 96
32 67
23 36
47 95
31 19
82 58
74 71
18 40
85 95
17 22
18 52
13 20
13 42
48 77
70 73
53 0
95 43
50 60
6 6
85 80
84 93
96 21
17 12
90 50
94 96
98 35
31 43
52 58
85 0
32 13
8 83
4 52
96 90
67 40
4 33
11 19
57 51
90 21
