4 100
37 58 49
43 47 44
69 33 37
62 64 20
39 61
51 93
78 38
76 39
81 48
49 96
75 98
34 96
73 66
91 22
64 62
4 60
36 13
37 58
70 62
88 84
7 41
17 93
29 30
50 50
38 86
38 9
9 23
68 12
16 39
90 31
50 49
25 40
3 78
1 68
86 77
95 43
99 24
49 31
38 18
80 68
85 53
11 92
43 15
87 6
80 79
14 95
13 52
16 43
65 91
54 26
17 43
0 33
35 78
58 36
92 31
15 99
53 98
17 14
8 27
14 45
56 67
85 53
37 99
78 79
88 92
71 49
16 37
7 64
5 0
24 75
7 38
94 87
37 22
0 58
75 1
55 22
67 85
58 24
89 2
3 40
76 4
86 87
70 91
41 10
71 6
84 38
41 39
57 96
29 31
33 87
44 91
31 9
71 60
77 22
98 49
25 70
62 61
12 40
52 6
2 9
64 75
37 66
80 86
1 3
