4 100
48 32 49
64 44 29
55 65 40
33 33 35
90 0
14 70
81 97
61 76
81 58
32 78
39 74
50 55
22 33
70 93
86 75
59 47
2 17
79 81
2 68
40 73
87 76
35 49
88 75
4 89
33 95
89 51
20 19
44 86
49 54
41 26
8 94
12 40
25 84
16 18
58 66
41 51
15 93
67 69
10 55
66 21
92 86
83 15
41 26
24 85
59 16
9 54
36 93
55 12
59 49
99 7
95 52
14 25
39 21
56 1
39 45
22 5
70 70
25 11
47 37
47 53
83 89
77 97
95 27
47 41
1 15
32 17
97 57
26 95
35 43
18 95
49 9
64 29
38 18
4 78
82 31
65 44
88 12
44 50
35 60
60 21
41 26
37 40
19 40
88 89
20 12
60 88
29 4
10 0
1 62
17 96
5 40
42 7
4 28
20 95
48 46
55 61
63 47
16 35
78 59
3 21
66 13
10 64
20 73
87 76
