4 100
40 52 31
36 43 36
33 33 35
41 38 49
4 26
27 18
81 54
9 32
11 25
17 0
42 56
70 7
46 45
91 51
81 86
81 67
60 76
28 17
38 9
3 97
15 14
67 8
11 65
87 32
61 2
85 39
65 1
92 22
4 95
82 2
87 16
11 51
28 54
71 47
29 36
41 13
51 12
69 86
35 28
6 17
61 53
26 75
82 86
30 19
18 75
0 63
34 90
26 53
11 98
30 94
68 59
72 70
38 2
8 8
28 63
70 97
71 39
16 19
48 4
19 44
33 64
59 54
66 24
33 10
55 44
1 57
96 28
78 45
72 85
33 22
0 80
38 60
97 13
75 48
14 26
63 63
45 76
17 94
53 64
54 70
52 76
76 12
25 14
21 98
11 51
91 53
7 64
86 6
98 35
66 51
46 73
96 27
33 10
91 29
71 86
46 57
49 13
59 0
51 11
29 51
26 72
51 83
79 70
47 30
