4 100
47 58 52
46 39 34
47 53 34
43 31 30
91 70
8 40
86 83
86 10
20 22
82 41
49 88
12 96
40 56
25 44
46 37
75 68
26 12
41 99
43 20
75 49
40 18
33 73
8 34
45 71
52 77
38 52
50 73
65 56
86 96
30 67
90 27
78 13
99 7
8 58
99 91
52 91
67 97
78 0
92 2
17 28
6 45
50 13
71 27
36 10
80 99
15 47
21 55
71 10
36 24
54 52
96 91
79 84
14 4
93 95
31 88
44 26
20 32
70 65
96 85
97 52
81 86
44 96
71 1
20 51
86 21
23 30
89 3
56 34
53 97
40 66
94 21
54 37
55 13
73 70
80 11
76 26
7 17
49 83
32 64
25 79
94 59
7 93
11 86
31 1
24 64
38 7
36 19
36 76
65 27
39 33
80 84
21 76
75 64
63 29
96 30
42 22
31 69
63 14
4 14
5 7
40 75
12 70
24 69
72 39
