4 100
35 30 41
53 56 33
61 45 47
30 62 31
94 45
60 3
2 97
64 65
75 84
71 75
74 19
43 97
66 47
2 80
91 37
63 16
70 39
83 61
8 20
53 72
73 48
24 67
57 48
95 41
45 87
62 66
40 56
22 23
91 64
22 52
39 89
53 17
95 13
49 36
59 36
22 12
1 49
84 80
7 46
95 93
22 59
75 40
21 43
75 75
44 48
26 30
78 71
95 40
95 9
45 47
80 4
54 34
28 49
28 63
45 38
52 93
34 65
94 61
85 83
57 7
54 43
89 80
53 30
63 63
22 21
23 92
19 98
5 83
58 44
54 66
90 27
62 13
73 71
80 97
80 75
70 40
91 18
88 48
56 35
73 58
75 68
89 79
55 10
51 9
73 53
6 2
91 46
19 80
25 15
82 95
48 91
18 89
1 49
93 74
58 94
90 7
50 31
43 21
35 50
16 29
92 92
34 72
23 83
63 58
