8 100
46 50 28
49 47 18
51 45 10
54 53 26
54 51 23
54 47 11
51 45 28
47 50 12
30 13
81 28
32 8
81 76
76 17
38 66
56 98
26 64
41 60
37 46
92 1
93 58
10 9
62 43
80 3
17 87
72 43
51 86
62 8
33 75
82 90
31 68
25 89
63 76
40 94
90 47
98 19
24 44
5 75
79 22
16 85
29 88
30 39
51 44
22 33
33 11
6 78
14 82
84 96
17 82
43 31
14 75
15 37
31 47
74 16
77 38
67 10
86 86
87 94
81 6
28 77
97 92
31 25
24 57
92 85
62 44
53 78
92 53
46 88
85 26
59 25
34 96
98 10
94 43
62 59
34 80
41 96
40 19
15 72
88 91
43 35
77 79
71 26
85 28
21 88
55 41
89 86
46 4
12 35
7 96
35 29
76 14
66 13
6 30
24 36
79 87
89 0
41 94
15 40
88 54
85 2
25 19
54 19
46 83
64 94
75 1
10 18
40 93
40 36
58 50
