8 100
53 47 16
50 51 10
48 50 27
49 45 12
50 49 16
45 52 23
51 47 28
45 48 23
35 28
35 56
90 96
21 45
25 54
77 94
50 97
15 52
84 88
95 1
18 36
73 80
95 39
6 76
86 32
49 17
65 14
25 91
25 24
8 17
16 98
28 53
73 62
50 53
24 89
16 61
24 83
29 79
19 29
12 77
7 64
84 59
87 55
72 62
11 41
63 38
88 40
92 5
17 64
61 86
42 14
63 14
52 50
39 50
59 38
55 42
60 51
54 75
61 5
6 76
39 51
43 37
78 92
21 38
77 19
78 17
46 96
79 2
21 24
18 59
91 41
25 58
27 78
57 84
32 63
96 73
55 44
0 82
76 33
74 40
2 62
23 52
43 27
2 34
16 81
88 32
49 36
50 15
88 98
49 12
5 84
70 50
81 16
50 23
67 57
19 38
23 75
59 87
77 86
23 38
73 98
36 47
42 22
88 89
42 68
57 5
81 86
92 75
73 50
92 34
