8 100
53 50 26
52 48 11
53 52 25
54 45 23
49 54 12
52 50 10
49 54 25
53 46 19
95 21
70 13
55 11
76 16
23 27
66 66
94 61
53 27
56 16
41 40
56 17
23 61
16 66
60 7
90 10
14 67
23 46
99 81
0 4
75 84
39 95
94 60
47 76
25 30
36 14
51 78
79 89
42 35
74 1
69 18
72 10
83 6
56 61
85 98
33 15
39 61
6 86
0 41
38 93
52 55
63 99
45 57
83 89
50 50
49 33
19 17
45 94
7 18
56 77
59 67
83 78
90 76
22 61
41 21
18 41
41 40
17 42
10 77
49 89
34 0
2 54
45 3
14 21
36 11
50 12
62 33
96 73
86 84
68 23
88 30
95 4
88 68
54 87
66 2
74 50
37 1
75 37
73 5
92 89
55 21
15 46
79 70
87 73
88 54
42 45
19 12
59 27
25 11
67 47
73 79
10 85
43 7
66 4
96 91
45 99
96 43
94 27
33 56
71 98
36 12
