8 100
52 45 23
45 51 12
53 46 23
49 52 26
48 47 12
51 49 15
50 54 26
46 48 18
7 24
98 50
86 35
83 15
97 43
82 37
64 92
97 59
19 44
40 63
17 82
19 18
70 22
24 44
49 40
17 14
61 50
6 45
42 11
73 19
34 53
86 86
76 9
94 54
36 52
69 40
20 11
45 79
60 25
49 75
78 3
40 58
32 63
81 51
91 5
22 3
31 70
94 15
70 91
93 40
97 56
48 20
70 12
82 7
86 92
89 29
58 26
54 27
70 44
8 96
38 32
95 86
70 23
51 41
97 32
52 14
99 54
70 93
30 60
40 51
59 41
50 59
49 95
51 58
32 62
42 44
1 37
12 39
99 86
52 91
11 42
65 20
32 57
70 61
39 53
51 6
78 41
20 36
83 69
28 75
52 92
50 62
3 73
19 67
6 16
3 82
65 54
90 29
3 83
62 94
87 67
41 88
23 35
77 92
65 5
90 47
99 49
22 96
66 62
29 17
