8 100
53 50 18
48 47 17
49 53 18
53 47 22
48 49 23
46 49 13
48 48 14
47 52 26
91 33
95 29
27 43
83 46
67 61
61 74
62 58
49 33
58 17
11 95
79 62
77 31
94 20
95 12
58 87
8 92
92 28
55 30
7 54
33 10
66 36
60 64
97 21
20 82
99 73
93 80
78 75
47 31
1 88
24 8
47 20
20 86
32 80
82 26
93 25
89 31
71 16
24 46
9 18
74 21
3 6
87 23
70 92
23 11
93 54
40 33
64 56
77 59
96 57
65 32
37 70
62 57
82 49
60 15
56 32
57 1
91 35
37 0
91 13
83 80
34 37
86 19
43 97
25 78
8 32
6 79
79 74
3 32
56 80
88 55
36 60
29 73
75 32
1 45
76 54
89 60
38 46
50 4
71 83
70 63
0 84
59 57
10 77
83 27
21 48
41 9
2 79
98 50
55 83
27 16
83 33
90 37
71 40
73 65
25 53
38 32
69 47
82 38
5 78
60 14
