8 100
51 52 21
45 54 24
54 49 17
45 49 18
50 46 11
47 52 27
51 45 22
48 52 16
8 46
25 0
1 84
89 15
49 96
80 70
48 51
65 56
91 29
32 22
8 9
75 19
77 41
56 57
59 47
60 35
76 62
25 63
73 33
85 35
17 43
40 20
34 32
34 99
60 29
44 64
98 59
89 3
42 42
42 59
89 89
31 26
21 37
76 85
61 68
25 86
92 58
71 74
3 75
62 57
3 26
88 74
24 19
7 56
43 28
73 90
87 7
42 33
56 25
84 75
2 2
17 64
21 24
27 26
15 10
60 39
99 79
45 67
97 58
33 4
51 7
64 40
8 23
40 75
81 48
33 89
78 81
29 90
78 58
39 92
19 19
96 51
68 80
15 75
2 73
34 74
74 4
59 35
6 98
17 76
45 80
20 7
49 6
26 19
19 46
97 11
5 46
96 76
55 61
48 70
66 78
23 51
28 14
96 49
38 22
40 78
21 87
86 43
71 70
38 2
