8 100
53 48 19
54 49 21
46 51 10
46 51 27
52 45 10
52 51 28
47 49 24
47 45 11
66 68
96 97
85 38
94 16
80 52
81 11
99 75
91 80
27 6
6 40
16 63
19 70
53 66
80 75
97 72
25 54
44 96
79 75
82 93
18 97
43 23
45 91
15 95
99 85
15 84
29 23
44 61
13 86
41 43
4 46
94 43
20 99
67 34
87 79
89 75
58 36
72 76
68 81
23 69
78 24
45 8
89 13
62 40
34 52
74 24
18 8
89 86
40 59
65 59
35 91
61 85
33 45
54 34
98 44
84 88
55 7
11 82
67 99
95 60
84 83
23 88
13 52
77 40
31 44
56 62
48 0
2 39
76 43
22 33
52 74
89 74
46 8
46 0
58 60
13 99
73 23
79 16
81 81
47 11
98 77
29 28
64 91
22 17
72 43
98 50
61 66
93 66
14 19
67 50
59 46
61 95
7 72
76 71
5 20
69 13
47 61
59 5
23 38
15 99
31 70
