8 100
53 48 13
51 50 23
53 48 25
52 47 22
54 51 25
47 48 16
51 51 13
54 54 16
47 2
43 70
28 60
87 21
40 28
94 30
55 53
92 97
16 88
1 63
44 91
69 72
92 99
0 68
44 31
64 77
1 13
41 1
88 0
78 74
57 11
88 61
97 68
98 60
15 90
6 39
30 12
57 47
94 27
11 30
61 20
91 51
75 88
67 55
93 23
19 2
95 2
66 40
49 72
83 54
38 39
13 55
8 18
67 78
56 77
85 98
45 3
71 98
51 17
34 47
93 23
6 45
85 66
45 3
91 28
45 32
66 52
96 35
47 74
0 19
29 94
42 38
88 53
23 13
2 70
37 64
70 53
12 25
76 16
60 80
72 97
47 41
59 35
4 91
72 13
3 60
74 6
37 91
67 82
47 76
44 33
63 45
64 89
71 67
72 82
56 9
96 15
13 6
57 53
10 48
37 22
55 84
62 3
23 1
82 52
34 44
47 83
57 48
83 11
39 74
