8 100
51 50 19
45 49 20
48 46 14
52 53 19
54 51 21
50 52 27
47 49 24
51 51 12
66 53
80 82
48 48
22 53
60 67
99 69
7 46
68 91
65 40
22 18
73 10
33 49
18 5
53 14
87 14
6 59
71 79
15 87
55 45
46 0
43 6
96 15
90 1
81 23
6 11
82 37
6 96
86 19
83 5
13 4
55 69
53 39
30 25
81 47
66 84
66 35
77 46
21 20
4 7
92 39
66 16
28 24
54 47
93 40
8 95
4 22
60 32
13 69
82 49
72 50
11 69
91 40
7 49
24 78
36 16
70 15
23 64
78 72
2 2
35 47
5 67
25 64
14 95
96 58
70 10
68 0
58 97
44 66
29 83
47 8
29 69
48 77
36 20
67 74
55 10
25 5
25 25
17 6
87 46
91 17
13 75
49 85
22 20
74 63
42 82
69 25
7 62
94 15
91 64
87 26
43 77
94 16
49 34
55 93
94 29
4 86
5 24
61 53
29 76
73 63
