6 100
37 40 30
47 47 11
59 59 29
58 63 33
44 66 27
65 40 20
21 7
80 55
66 21
78 2
9 21
99 46
6 70
85 45
74 79
98 12
84 43
62 75
71 76
94 37
33 55
62 57
2 52
84 6
22 58
10 48
91 36
57 66
15 45
20 41
98 89
97 31
14 24
88 98
30 30
41 10
39 60
35 79
47 32
6 28
13 15
98 82
22 36
84 51
3 65
87 76
44 35
66 37
98 33
3 26
43 29
37 28
80 41
19 27
10 84
31 71
4 85
66 39
29 51
27 65
70 59
42 16
55 29
56 8
92 58
9 94
8 48
58 13
57 43
43 31
33 47
61 66
15 40
76 86
22 77
14 31
22 90
22 4
32 92
30 71
61 94
61 54
88 48
15 19
78 75
92 36
97 42
28 52
59 6
18 38
33 62
78 75
17 92
18 14
25 50
85 57
20 74
82 59
63 19
14 50
38 64
10 68
31 82
90 17
48 48
13 15
