6 100
63 49 14
64 63 17
49 33 33
52 56 36
66 46 22
64 66 32
59 29
32 76
26 86
48 67
24 14
7 90
85 30
31 56
28 64
29 69
77 91
94 93
41 87
7 67
21 63
38 16
16 76
25 61
68 61
91 42
71 5
46 54
16 31
52 71
40 74
92 41
25 80
11 55
22 35
63 69
4 49
44 90
0 78
70 97
89 29
51 92
79 36
35 89
39 85
3 6
16 33
76 48
98 30
25 45
67 19
6 98
68 34
58 9
53 3
83 56
96 71
93 25
96 33
58 44
9 88
98 50
31 8
9 48
87 37
71 4
96 56
16 26
77 50
27 92
62 43
48 80
54 54
5 16
92 95
80 24
62 29
35 24
39 70
89 96
34 77
14 15
34 27
91 70
84 38
48 61
65 53
60 14
20 82
59 48
44 7
91 60
68 83
80 8
83 46
78 97
59 46
21 16
25 88
60 94
60 75
87 54
24 87
69 96
46 66
51 74
