6 100
57 64 23
66 42 20
58 43 18
67 56 33
67 35 36
69 69 23
87 53
61 33
86 24
70 35
40 7
18 92
98 33
69 39
35 69
66 39
28 63
98 18
70 59
38 70
45 2
75 15
6 19
88 95
48 50
15 67
62 15
5 81
90 21
7 40
81 94
88 15
23 16
61 57
31 44
52 67
91 26
9 77
3 17
15 27
16 44
48 9
91 36
51 36
21 76
52 53
12 66
33 45
49 94
86 5
33 52
59 68
77 37
48 77
35 75
89 13
59 26
3 31
32 23
74 55
35 72
38 31
20 94
60 22
64 72
97 43
7 23
75 15
67 88
70 80
36 38
26 42
44 64
76 19
70 60
23 21
72 96
40 86
53 50
97 7
17 54
32 38
74 1
48 36
27 59
34 15
8 85
49 68
71 71
54 67
89 23
89 75
92 90
9 88
86 7
12 71
74 9
48 81
95 88
15 34
23 71
52 76
20 22
62 14
49 98
88 49
