6 100
59 52 27
48 46 29
56 61 31
59 51 15
44 30 20
58 32 33
51 24
81 71
78 56
69 7
87 90
40 75
22 76
82 19
8 5
5 18
8 75
37 7
60 99
37 89
60 2
66 58
18 32
83 55
72 69
42 26
87 40
18 87
75 74
60 74
83 73
83 4
69 45
70 58
55 67
85 80
10 19
55 80
99 68
0 1
46 39
34 93
14 39
45 8
93 82
77 25
29 14
28 63
39 11
21 47
36 28
32 70
50 52
88 4
20 54
97 67
92 62
90 66
11 15
69 8
65 94
69 30
93 38
66 19
36 66
42 20
78 42
34 22
6 78
26 30
3 80
92 32
52 46
83 14
44 47
12 80
35 39
66 44
7 67
78 31
52 80
73 99
1 98
6 40
89 2
29 7
81 52
57 34
34 59
90 93
3 45
91 26
41 17
31 33
17 57
60 26
82 43
37 96
27 58
7 10
2 37
28 11
24 19
19 46
26 68
99 72
