6 100
47 55 24
45 67 35
39 36 20
67 56 23
67 53 27
38 69 24
40 63
46 17
70 46
2 41
97 57
3 69
91 76
56 48
94 79
73 35
97 32
38 38
7 65
32 52
36 15
74 87
83 10
77 72
37 84
43 42
59 88
26 76
18 46
28 22
31 52
93 38
5 25
56 46
96 13
63 76
79 68
38 92
5 40
71 35
2 90
62 81
4 38
17 2
50 11
25 64
97 70
1 4
68 80
63 1
70 35
59 91
20 67
49 33
90 88
80 83
99 16
62 70
36 32
70 6
45 84
24 40
26 38
96 20
25 71
41 80
6 88
12 22
5 64
78 65
18 32
30 64
24 32
66 92
90 28
15 38
70 70
61 25
28 89
34 92
58 21
94 40
31 61
2 1
95 37
74 5
49 42
58 61
12 66
70 7
76 74
88 70
69 47
70 45
81 3
43 27
0 62
47 37
54 0
44 54
72 88
25 90
15 33
71 69
70 18
55 38
