6 100
59 62 29
40 36 15
39 54 23
58 55 32
36 37 26
68 46 27
58 55
60 28
96 67
43 91
23 7
80 66
23 85
0 3
22 59
13 59
27 53
71 98
1 25
22 92
67 9
37 77
10 47
74 3
72 48
29 35
0 69
85 4
35 27
60 6
5 57
99 33
5 34
33 13
31 81
97 84
35 64
23 65
5 34
94 42
29 30
12 76
90 12
92 33
89 7
41 96
64 70
67 27
25 26
45 26
47 85
33 33
14 14
40 12
94 50
24 73
41 97
13 68
78 56
96 99
45 34
70 5
69 77
70 82
42 1
87 54
56 4
79 8
74 53
78 10
73 12
56 62
28 76
81 81
36 22
26 64
52 46
9 11
95 30
61 7
14 71
67 74
48 33
58 63
16 55
82 24
33 36
22 16
30 95
4 41
95 92
10 64
54 14
71 99
29 24
30 91
74 28
67 70
99 20
35 21
70 73
52 36
10 23
41 95
70 12
59 2
