6 100
34 57 36
40 32 18
63 67 27
48 69 22
62 44 22
30 48 29
68 81
14 10
64 51
16 43
79 36
97 75
66 50
70 56
88 51
73 25
2 91
65 28
63 25
17 94
17 37
42 51
1 68
70 51
53 59
91 38
55 52
13 77
18 68
58 99
62 15
95 43
71 50
23 31
26 65
21 96
29 70
58 59
22 31
71 68
96 31
44 37
75 75
16 23
68 99
28 51
11 57
0 15
66 58
8 6
62 88
62 60
48 56
43 14
23 94
64 40
56 53
78 48
41 98
46 18
77 40
25 87
10 93
27 33
16 94
57 51
58 52
71 35
0 24
99 21
75 99
46 15
12 67
41 63
99 53
21 51
27 92
40 16
96 59
14 8
33 36
52 0
3 51
24 29
48 65
8 95
71 55
76 11
80 34
87 86
78 77
8 44
77 71
55 23
88 84
55 52
37 68
9 95
89 87
56 30
1 88
70 66
24 49
89 6
56 37
63 80
