6 100
31 57 12
59 63 27
48 30 23
52 58 27
43 57 32
68 44 33
21 79
38 86
50 94
87 93
76 45
45 19
85 79
24 5
19 63
13 68
17 86
84 88
18 24
2 61
54 28
60 89
79 65
2 94
78 22
86 31
9 57
11 2
0 28
58 47
63 96
19 3
86 6
29 76
91 22
56 73
49 25
25 90
86 18
10 36
57 15
32 27
52 75
4 44
24 35
12 45
10 29
38 28
83 17
9 34
2 78
85 98
45 54
87 25
67 93
80 73
2 27
96 9
73 82
12 24
2 43
2 2
79 89
85 54
52 37
95 84
6 91
48 71
24 0
47 76
89 3
91 57
33 30
13 25
97 30
77 98
73 49
98 83
69 59
83 40
3 4
8 63
0 74
47 29
86 28
25 84
54 6
0 96
92 61
39 32
63 66
92 56
19 68
68 93
33 77
15 86
1 47
72 35
21 95
68 64
82 64
41 96
37 93
38 27
50 14
85 83
