6 100
56 41 24
43 44 34
45 62 37
39 61 17
37 63 16
31 47 26
86 76
34 18
27 55
77 62
72 92
52 20
44 74
92 6
13 10
7 64
50 57
78 75
90 0
63 66
5 71
7 14
2 86
25 6
46 62
48 98
31 64
37 8
21 59
82 47
24 20
27 69
3 79
98 93
44 46
2 64
6 99
46 37
13 30
21 69
51 72
83 79
96 52
11 40
81 69
48 10
98 38
44 98
69 70
37 28
13 16
88 68
1 68
7 90
63 83
20 73
40 69
33 93
93 84
30 28
58 24
90 35
17 44
61 23
78 86
99 53
55 48
5 35
35 36
87 17
49 67
57 6
18 57
71 19
23 84
37 39
36 3
78 83
10 58
73 70
46 65
61 8
22 60
9 47
85 58
86 29
29 30
74 90
43 59
39 70
33 6
81 23
28 13
14 24
34 32
85 72
0 84
88 46
84 21
79 46
43 71
32 54
43 90
70 75
31 68
85 40
