6 100
31 57 29
52 56 33
40 32 30
64 54 22
59 50 23
69 59 16
82 23
25 86
88 94
96 33
65 52
36 44
61 81
4 21
18 14
30 29
54 20
47 93
87 47
85 87
87 44
72 0
41 33
1 69
52 1
98 57
6 59
20 85
55 95
0 10
72 30
39 68
17 61
42 51
1 72
38 74
18 84
31 17
14 8
15 5
14 12
73 33
70 74
83 81
58 46
48 74
8 83
68 35
67 89
96 1
66 86
10 5
35 93
11 63
8 11
24 79
61 94
75 0
33 53
9 83
7 25
60 96
17 0
17 28
6 12
43 36
75 51
41 41
99 59
68 80
37 87
12 1
40 65
24 22
13 2
54 50
98 78
22 96
81 35
22 69
74 79
15 80
2 84
93 2
69 85
96 27
89 15
49 46
93 17
56 76
22 21
0 58
89 43
43 37
58 44
77 30
50 45
8 50
58 59
19 60
51 16
54 45
67 69
44 63
55 84
79 56
