10 100
42 2 20
33 90 24
94 86 16
50 0 15
85 28 16
84 85 16
38 30 17
48 44 15
69 61 12
6 8 15
24 73
83 92
56 57
12 60
48 30
14 49
6 57
12 67
34 83
43 51
15 3
6 35
17 88
89 82
94 58
35 50
70 97
50 82
88 40
51 91
4 21
1 89
13 95
5 92
46 24
19 88
49 58
21 31
0 12
73 44
83 54
53 26
71 24
30 40
48 36
32 14
43 40
84 56
77 79
22 23
90 44
10 23
30 45
70 92
33 28
7 80
34 73
91 5
1 70
61 11
62 59
67 58
62 91
32 83
97 90
11 58
18 63
48 76
44 97
73 36
22 32
41 53
39 1
23 30
31 74
96 39
15 37
13 98
21 1
50 44
39 93
19 14
51 50
3 83
73 30
50 20
23 22
39 14
62 0
94 78
38 1
26 77
23 81
60 63
21 17
99 11
85 30
38 27
84 24
66 16
41 78
17 45
51 66
8 50
63 39
92 94
0 23
89 40
6 82
96 3
