10 100
58 38 20
98 45 23
74 53 22
64 99 11
87 3 20
97 6 13
81 75 22
1 23 12
28 72 9
85 42 8
8 43
24 61
12 75
67 78
11 90
61 73
2 61
82 44
22 1
39 48
60 80
36 90
66 44
50 42
0 91
74 93
24 22
5 44
7 34
57 63
9 69
99 2
88 14
72 91
44 86
62 37
21 35
85 26
91 1
16 14
75 94
56 49
66 41
23 6
28 90
78 19
65 79
37 73
61 94
92 67
47 31
27 76
75 31
56 66
35 77
1 31
89 93
6 36
0 10
41 35
22 46
5 47
97 30
79 3
5 48
27 11
6 40
47 8
10 33
21 34
50 64
50 51
4 69
45 54
41 63
44 11
7 28
31 1
87 99
62 14
65 86
56 66
81 49
34 69
3 54
47 46
46 41
66 64
35 55
67 47
98 47
57 93
69 56
89 32
46 46
41 38
10 49
87 75
57 85
33 17
22 7
82 58
26 14
45 58
9 0
66 97
13 74
53 53
59 74
32 15
