10 100
78 60 16
52 32 27
93 14 17
45 57 13
27 13 12
33 6 12
76 83 16
65 36 17
15 17 13
33 28 17
39 91
49 73
93 95
91 68
89 85
31 55
44 71
93 53
25 96
79 25
72 17
88 43
28 11
65 54
86 50
18 68
92 36
9 80
22 48
76 27
10 56
44 46
90 75
91 77
43 71
37 11
35 24
82 1
38 26
10 74
55 50
80 52
95 33
1 0
35 47
8 61
99 26
13 50
73 66
37 55
44 65
82 59
59 80
88 5
94 31
59 44
88 54
55 66
95 70
11 14
2 36
62 10
60 53
98 67
90 3
60 80
13 42
39 82
96 3
75 82
76 7
65 74
61 58
60 73
11 3
81 36
59 55
2 36
65 32
15 13
35 53
46 71
58 58
86 22
12 48
27 53
51 16
8 77
83 38
3 88
64 71
9 79
19 28
61 40
72 2
27 0
74 39
78 77
84 48
92 83
73 58
79 71
84 99
88 27
73 28
92 59
54 52
19 36
44 34
67 83
