10 100
43 25 20
18 38 19
78 59 14
49 25 18
77 24 17
61 66 14
73 27 11
84 51 20
72 51 14
43 70 15
97 64
45 39
97 79
16 9
17 18
30 6
18 59
86 82
90 39
1 56
84 0
29 2
78 86
47 42
29 94
36 27
84 53
84 63
72 41
88 24
65 18
1 0
71 96
26 48
57 39
93 22
86 68
97 15
36 90
53 6
7 55
17 54
45 63
18 90
97 32
96 99
19 40
96 67
96 48
75 50
34 84
75 71
66 46
95 56
15 26
28 46
62 69
69 72
51 19
60 8
0 70
92 96
19 13
88 45
18 38
46 10
31 28
84 7
48 11
73 61
22 61
3 83
41 48
40 75
44 57
28 67
42 31
92 55
76 21
25 49
85 32
36 53
73 95
24 87
71 25
39 64
17 13
4 78
26 35
68 49
65 30
39 52
81 4
65 4
69 82
76 99
12 13
73 20
58 85
23 1
32 52
59 9
82 13
48 26
56 97
25 10
98 83
60 53
17 9
17 40
