10 100
60 63 11
75 14 10
3 17 20
2 76 18
89 43 22
28 80 10
61 19 19
80 9 20
89 64 10
63 43 16
58 10
60 61
13 19
82 76
57 40
36 47
98 31
31 12
31 34
58 87
18 24
96 67
87 19
66 52
20 84
83 2
87 52
44 88
26 36
87 93
9 9
73 87
64 66
8 44
26 44
66 52
11 56
76 87
59 0
84 44
67 8
79 35
44 86
93 37
20 26
76 96
87 53
92 62
33 97
9 20
57 84
5 73
45 9
9 34
46 72
19 59
55 39
36 4
88 32
4 30
19 44
98 82
42 86
2 88
91 49
38 14
45 57
98 72
20 90
29 51
6 98
78 67
62 36
31 45
79 23
93 9
77 84
99 75
31 55
1 42
90 68
45 96
80 44
8 95
50 55
76 97
55 42
57 10
52 66
47 24
95 25
97 64
35 0
88 52
90 94
59 60
7 67
18 20
33 36
98 88
57 83
73 69
57 96
96 6
57 79
73 7
47 7
80 86
74 47
95 28
