10 100
10 15 18
19 69 17
21 72 9
98 26 19
63 2 10
62 45 19
20 15 18
70 98 12
64 85 20
32 40 12
7 19
29 91
2 84
70 71
44 95
92 16
57 38
38 25
20 42
81 55
99 19
39 15
86 19
29 95
58 77
67 88
29 21
58 88
89 81
14 60
12 57
83 35
88 80
73 3
12 65
29 55
8 39
30 92
79 82
55 89
97 13
81 14
20 30
73 18
95 24
52 5
17 40
14 70
66 24
81 31
19 55
43 76
36 39
42 4
46 47
62 12
64 48
87 94
86 87
97 15
47 26
70 44
97 60
19 49
2 35
68 50
43 99
53 95
16 6
61 92
72 61
49 57
95 93
6 93
35 65
54 76
60 56
14 69
65 47
90 29
89 89
73 28
94 6
20 78
88 22
41 12
39 61
69 66
4 49
63 15
98 97
72 52
73 16
89 56
91 56
0 3
83 43
53 45
9 62
86 81
17 43
60 60
32 34
49 38
99 4
46 54
22 91
51 15
38 18
22 70
