10 100
91 53 16
46 82 12
5 55 14
92 40 11
97 94 13
40 75 23
47 89 12
47 45 11
70 0 23
17 38 24
44 64
29 70
53 6
20 99
27 35
95 89
29 48
2 19
36 4
43 5
83 46
10 53
5 40
47 26
80 68
80 40
24 94
6 32
63 43
23 80
96 42
85 60
27 19
57 64
36 56
49 65
14 67
18 89
15 64
37 5
26 88
5 99
14 75
33 12
64 78
30 79
40 93
93 26
93 76
92 11
70 91
36 31
90 28
25 19
0 51
76 92
4 92
34 31
64 42
88 84
91 86
88 81
27 90
90 37
23 14
44 56
83 4
80 79
59 75
66 38
12 47
43 61
20 62
18 26
62 1
16 20
47 98
27 90
0 29
90 38
0 22
75 66
46 36
95 58
17 59
96 40
88 20
70 80
4 73
77 40
58 78
64 97
99 68
48 34
32 40
7 68
79 15
21 53
52 98
30 47
22 50
24 22
86 32
64 77
47 56
0 41
37 88
74 77
73 48
0 25
