8 100
33 57 26
46 31 20
69 61 15
56 62 28
52 57 18
54 62 22
42 36 14
40 45 12
19 49
15 80
99 70
25 99
98 16
87 6
0 40
44 82
58 88
47 75
86 43
84 29
11 91
63 67
29 48
67 90
44 1
14 54
36 44
68 43
73 22
77 71
30 22
23 86
4 62
92 93
64 3
2 50
45 30
40 12
60 6
52 50
83 99
53 58
99 29
31 15
46 30
12 29
4 66
69 62
86 80
89 36
17 30
81 4
28 79
85 57
42 29
13 79
24 12
61 84
45 8
77 9
68 91
21 97
54 3
21 33
83 12
97 42
67 4
73 97
2 38
90 41
53 82
46 91
75 33
23 29
51 96
74 57
18 25
85 83
41 38
73 42
66 79
26 50
35 57
73 39
26 50
72 42
60 20
91 77
53 1
63 60
0 56
10 61
53 5
0 84
67 3
76 43
67 52
42 83
35 74
58 29
50 93
59 95
59 27
20 70
4 35
95 52
53 9
20 14
