8 100
57 65 10
30 50 12
65 56 26
44 65 18
55 52 24
41 69 20
50 63 20
39 50 24
15 54
72 62
42 44
22 12
21 11
21 88
74 33
83 63
98 66
76 50
37 8
40 22
68 18
68 66
7 72
75 10
14 15
80 56
57 43
29 22
36 43
36 43
19 24
17 97
15 8
38 46
28 7
56 78
70 68
60 59
71 92
54 0
23 49
68 85
8 70
13 56
52 6
51 86
71 39
38 4
1 80
21 64
32 23
24 87
88 60
39 61
29 82
49 79
92 47
72 7
69 19
8 4
91 70
82 21
90 44
60 0
97 79
71 92
0 51
52 66
99 51
36 55
96 79
0 4
97 37
95 32
53 62
53 81
83 35
16 76
79 1
43 17
91 84
40 34
2 33
88 42
14 18
11 5
29 9
45 7
73 26
83 92
98 34
56 23
21 7
61 92
67 31
8 6
18 23
46 61
29 8
52 67
53 59
73 67
86 25
66 7
68 59
63 46
16 28
70 12
