8 100
60 43 23
52 30 12
30 56 11
44 41 27
63 44 14
59 32 20
62 68 27
55 42 18
36 3
14 30
26 37
16 23
31 14
1 78
68 10
71 16
7 26
70 14
65 11
95 37
56 44
58 25
47 33
68 82
49 76
17 35
70 93
41 76
71 63
8 86
80 42
75 33
96 76
83 67
29 95
1 88
12 49
41 65
58 96
65 89
41 44
64 77
21 26
11 11
17 12
56 7
92 92
80 85
26 49
10 25
63 38
80 72
81 14
99 20
66 11
1 82
80 43
53 11
75 44
93 1
80 80
65 38
22 80
11 27
42 2
19 64
72 93
30 79
7 51
89 86
76 88
29 58
94 44
46 91
59 45
85 95
43 49
23 17
37 46
74 0
69 7
95 14
68 97
60 15
11 22
47 14
24 82
0 60
60 77
11 53
27 97
79 48
1 53
16 99
48 29
34 76
76 71
65 83
82 14
32 25
52 78
27 37
56 82
71 28
59 81
54 58
93 15
37 29
