8 100
62 32 16
41 53 24
60 64 17
60 44 24
47 65 25
30 47 15
68 38 14
40 49 17
54 92
82 32
8 70
71 17
5 63
26 98
77 60
87 65
17 83
2 78
90 69
20 14
81 20
39 1
88 70
63 46
27 57
88 95
33 72
57 53
84 94
39 63
91 56
8 20
53 24
20 95
20 93
70 65
65 23
40 34
83 79
81 40
25 2
70 20
48 88
4 44
61 51
54 1
74 47
51 36
35 98
0 32
58 65
98 39
86 6
32 81
95 71
78 33
62 69
30 43
80 67
4 98
66 49
6 63
91 90
32 38
38 82
70 14
49 2
68 35
62 75
10 95
80 70
20 80
86 44
62 86
76 44
39 87
32 48
96 85
84 89
22 59
84 83
95 30
10 91
28 46
83 99
18 28
56 73
61 68
63 71
0 30
95 3
31 40
3 65
97 44
78 82
14 30
63 16
48 78
82 76
96 98
2 38
13 20
18 9
74 62
19 84
2 72
69 0
71 73
