8 100
50 58 17
44 43 10
59 52 24
48 37 22
52 62 23
40 46 26
35 56 17
59 62 11
17 31
80 28
34 79
32 30
55 43
73 32
22 7
71 27
34 50
29 77
21 19
15 87
10 21
44 71
62 15
21 77
16 79
90 18
52 69
79 85
44 11
35 35
65 99
5 38
25 62
16 46
43 53
54 57
91 73
61 64
33 3
16 49
19 11
44 66
58 76
68 26
70 60
52 47
80 40
45 39
88 58
40 31
78 6
19 66
56 10
98 1
63 98
76 51
58 33
25 17
7 30
19 90
61 48
59 89
12 26
91 94
60 31
40 74
66 62
12 9
98 44
67 57
39 4
80 5
77 62
63 76
70 88
79 30
58 72
13 9
36 10
79 58
28 17
87 17
57 72
40 67
82 74
60 96
1 50
66 96
68 1
5 70
78 37
53 23
9 18
12 46
26 42
15 85
60 87
7 77
77 37
86 10
51 40
69 46
44 86
45 51
77 96
1 46
1 21
67 46
