8 100
50 32 17
54 42 25
43 55 12
58 64 20
61 55 15
49 58 23
62 56 17
65 47 28
59 78
89 57
91 92
83 70
92 15
81 13
2 32
22 6
19 31
26 58
28 70
77 34
89 0
99 82
8 29
74 56
98 48
41 8
43 28
88 91
39 95
24 98
30 78
95 80
49 15
49 4
78 90
86 96
17 94
61 16
67 39
69 32
35 52
30 2
46 89
15 97
79 74
27 78
53 10
44 11
62 2
45 24
79 44
98 42
16 75
94 28
88 2
27 98
98 41
98 5
27 88
26 20
98 74
32 62
60 91
12 34
38 20
91 43
34 74
60 87
4 17
58 39
20 72
20 77
97 60
41 57
92 43
42 56
5 21
69 4
60 24
40 89
58 55
68 12
23 66
79 41
68 57
15 17
77 65
40 45
17 98
63 63
7 39
24 25
85 57
17 13
23 36
16 36
30 92
96 36
62 98
17 80
96 44
66 58
90 60
39 21
46 24
57 32
1 25
58 1
