3 100
23 80 50
84 49 70
42 67 32
5 93
86 54
53 85
31 67
85 94
4 10
0 54
62 32
29 29
46 63
97 56
23 48
5 68
82 11
59 44
34 13
71 14
33 4
90 37
16 81
62 53
22 57
64 90
1 39
74 54
78 63
69 20
18 47
24 74
15 66
6 12
21 8
72 93
71 29
53 88
62 10
66 85
65 20
49 36
72 67
89 47
71 62
9 89
11 82
97 9
12 62
3 43
85 51
51 30
61 37
81 75
9 42
88 56
85 34
4 77
29 99
38 15
0 78
11 69
48 58
74 42
15 87
37 94
50 81
48 95
15 30
32 97
13 90
42 74
86 23
37 29
73 56
38 5
94 72
24 51
37 18
28 55
47 26
42 67
87 16
2 3
8 21
30 53
77 55
31 46
81 63
17 82
36 54
90 5
10 70
43 82
82 64
14 18
5 18
81 95
5 79
68 28
63 39
77 93
36 80
