3 100
17 18 42
26 2 65
72 16 45
68 81
30 5
79 16
5 40
61 43
40 77
25 34
8 39
23 34
47 4
54 95
33 17
32 14
10 95
76 7
89 77
60 63
96 8
6 2
78 83
44 59
64 64
79 75
24 4
40 61
13 50
62 94
97 46
63 70
17 34
38 62
50 78
36 36
25 62
34 99
70 74
29 26
44 22
54 34
41 91
69 89
96 80
18 44
57 70
23 74
51 1
52 36
92 84
54 75
0 89
65 69
33 58
39 43
39 57
10 52
44 67
57 20
79 59
97 87
51 54
5 14
11 89
66 2
86 44
63 32
99 84
63 42
13 89
72 54
48 84
18 7
0 85
67 64
26 42
29 42
56 63
22 98
10 54
58 12
38 52
1 6
41 56
53 80
33 28
44 82
55 73
74 52
10 92
1 79
23 87
36 13
4 51
2 82
88 18
15 24
22 35
10 76
53 18
86 65
32 15
