3 100
66 77 50
51 78 68
75 46 34
68 59
42 74
16 23
89 2
11 27
56 83
58 12
28 24
22 95
62 90
49 6
1 82
99 31
69 5
5 20
5 70
52 64
26 24
12 86
90 20
56 10
31 16
66 26
70 84
15 82
15 83
10 99
60 86
85 97
46 69
32 78
19 58
43 57
25 13
68 17
67 11
24 81
81 76
96 59
40 66
25 77
4 8
24 78
67 25
2 58
77 8
46 33
62 9
84 34
68 53
65 36
15 45
46 86
33 95
11 23
32 7
50 13
61 1
75 13
12 59
93 43
73 84
69 52
90 93
15 45
72 93
6 67
8 43
4 97
24 85
53 93
74 50
7 91
73 51
33 94
76 28
34 22
84 71
81 50
19 25
26 64
5 65
26 17
88 61
24 15
41 37
80 11
51 67
46 26
0 75
26 49
23 63
33 35
71 75
61 68
78 64
2 11
41 3
87 81
47 33
