3 100
37 31 42
45 59 54
20 20 54
25 69
78 85
58 70
57 97
97 18
57 11
23 75
57 23
61 32
27 91
8 56
13 87
27 93
7 51
85 47
5 5
75 40
1 31
18 67
9 69
84 85
19 46
76 59
81 8
8 82
1 57
78 68
69 12
42 14
11 82
21 67
60 60
8 71
25 62
16 97
94 7
23 90
62 8
0 68
18 64
11 26
29 88
35 80
20 34
45 73
67 31
24 68
21 86
19 96
3 99
37 33
94 55
30 76
37 60
68 50
34 12
59 64
35 4
61 50
7 75
75 54
39 40
59 9
9 69
74 81
7 53
39 8
25 4
90 41
89 9
57 97
77 57
80 13
3 65
61 48
56 16
98 62
81 97
25 21
10 28
49 27
23 58
56 67
63 11
2 38
2 5
46 57
87 41
75 90
32 16
79 90
66 10
78 36
3 84
20 36
14 13
52 12
56 76
49 49
95 77
