3 100
29 73 30
39 30 71
65 78 49
31 15
57 91
76 58
6 85
7 38
25 71
51 61
22 8
68 57
47 88
94 20
55 57
45 8
71 9
28 91
71 59
97 14
23 48
49 89
13 73
28 4
99 84
41 49
24 53
97 73
90 16
31 3
58 37
55 74
69 59
50 37
29 50
77 53
62 84
40 94
3 50
31 28
0 37
6 0
4 6
29 69
0 77
63 98
82 88
11 19
7 22
2 13
12 8
50 85
48 59
88 8
30 55
60 88
30 71
14 9
57 94
88 15
30 73
33 95
21 10
7 99
98 26
78 97
34 19
90 97
44 91
79 16
16 76
55 95
80 43
63 95
7 15
25 34
30 10
34 92
7 33
1 83
9 42
97 48
32 72
37 19
52 97
55 2
40 53
26 52
10 6
71 97
39 19
9 40
78 74
38 68
47 75
56 76
15 35
11 48
80 4
39 88
85 6
53 33
68 23
