3 100
46 59 57
32 40 60
47 64 45
9 71
99 0
31 75
99 1
20 6
89 73
86 63
68 11
95 23
85 17
25 0
31 65
8 11
62 46
27 44
45 69
46 0
16 65
91 86
96 6
86 4
21 65
49 52
90 68
20 67
31 20
31 2
83 44
89 45
9 53
77 23
82 76
14 69
19 81
9 11
50 47
6 99
91 44
58 34
7 44
68 38
99 88
56 9
3 36
90 18
60 49
19 54
14 89
18 16
89 86
4 89
63 87
4 89
76 23
52 28
85 78
44 13
94 26
92 36
45 86
70 89
85 98
7 57
85 23
22 25
41 46
63 50
25 73
96 24
30 78
15 27
77 38
32 50
46 4
74 73
79 60
14 8
46 95
33 42
8 49
81 76
67 51
46 98
54 23
83 49
59 91
96 0
46 27
15 54
9 0
93 2
5 69
20 49
23 93
51 36
68 61
49 0
36 41
38 4
79 11
