2 100
52 24 79
43 75 64
66 34
83 94
8 37
26 7
68 15
84 92
14 37
52 25
90 63
43 75
41 59
53 55
78 20
92 46
43 73
5 57
57 3
71 63
8 25
86 56
42 59
92 60
98 50
16 44
5 23
47 25
10 62
21 99
49 87
97 63
39 7
53 39
54 48
96 11
75 18
74 60
9 32
47 23
21 42
2 16
91 30
26 32
22 56
5 37
8 79
16 63
9 24
90 37
48 43
94 3
69 98
87 77
47 94
15 17
52 14
59 50
59 17
78 0
99 72
65 2
29 43
5 36
20 82
68 17
64 92
44 65
89 68
12 83
74 33
64 65
40 94
80 61
4 90
18 23
70 44
85 36
41 29
28 19
99 74
92 71
7 72
87 67
5 52
33 21
81 34
92 61
67 40
73 38
62 27
94 93
98 31
81 74
19 43
42 35
76 79
72 22
94 77
46 78
0 81
94 29
