2 100
9 8 80
37 33 60
5 26
66 59
78 64
37 95
25 91
17 10
82 57
21 62
98 77
76 2
6 56
73 10
31 60
0 17
53 57
94 10
42 51
88 4
74 98
51 26
14 18
68 13
2 66
91 71
27 12
67 38
45 82
20 95
46 50
15 48
52 96
62 92
93 79
97 98
8 9
57 60
10 73
95 39
77 52
37 22
51 37
78 17
48 61
14 98
91 87
87 11
36 26
71 77
59 69
54 18
68 19
94 48
2 15
39 95
73 18
13 79
76 18
8 33
88 69
54 62
34 94
11 20
31 49
78 61
29 87
61 71
74 56
51 11
49 23
67 87
43 50
51 25
65 76
30 76
72 85
57 76
70 64
40 95
96 26
43 61
56 16
51 78
15 82
92 36
83 20
31 61
93 94
5 77
58 27
65 95
52 23
8 51
59 91
77 8
8 83
77 4
75 30
40 62
98 36
5 55
