2 100
74 65 79
57 4 83
33 19
88 28
10 95
12 8
46 59
92 92
6 57
27 41
2 64
23 78
16 27
65 58
59 45
1 41
71 1
7 23
6 40
24 17
73 63
68 73
35 69
43 99
28 58
40 22
44 50
54 88
75 31
40 35
11 38
41 63
56 52
58 40
93 52
61 69
37 25
48 59
61 6
85 65
96 33
68 45
11 65
61 41
66 48
72 43
74 83
14 67
22 79
90 99
72 73
15 75
99 21
50 45
52 26
63 12
97 65
71 38
19 55
78 94
98 54
47 41
39 81
43 50
48 7
78 52
20 29
14 73
48 52
20 62
97 13
27 82
1 52
17 44
60 22
64 19
35 50
89 35
78 99
83 21
0 50
29 43
79 6
65 45
55 61
26 36
37 57
30 12
89 34
35 48
0 62
39 59
45 38
12 44
47 95
77 65
65 41
28 76
6 10
96 91
76 44
77 33
