2 100
96 18 82
33 2 58
65 42
9 72
5 12
97 5
21 94
56 21
72 41
21 44
33 83
60 39
81 90
0 11
44 89
90 73
23 38
22 98
20 83
64 94
54 20
6 12
23 11
30 31
78 71
98 88
84 46
20 46
85 42
61 79
35 20
93 11
57 65
97 30
94 76
80 63
39 80
82 22
72 90
68 20
26 87
73 12
16 74
90 8
77 44
37 33
71 94
53 81
76 61
32 19
4 31
89 85
20 11
91 71
45 80
84 83
23 28
78 45
39 40
86 30
76 51
42 38
48 53
53 27
62 6
34 17
56 93
10 11
56 61
20 7
59 41
69 15
47 47
68 1
78 33
80 37
64 67
59 44
79 10
9 37
62 38
83 21
20 7
74 3
68 38
0 88
95 22
21 29
78 44
25 12
5 72
34 94
89 23
82 54
50 63
97 66
33 76
89 37
96 96
89 96
45 25
69 24
