6 100
58 2 25
71 17 24
68 98 20
99 25 17
59 18 38
29 84 39
0 46
96 73
83 90
21 34
80 84
64 32
39 44
67 26
88 50
22 71
44 77
82 24
72 54
99 75
16 6
11 94
62 80
31 69
58 77
92 9
64 4
65 71
84 43
54 72
67 2
39 91
88 95
8 76
91 70
28 58
70 45
57 37
84 46
91 49
14 83
94 39
21 51
72 81
99 67
79 97
8 51
88 42
44 5
57 52
96 93
54 52
56 55
59 40
8 33
59 87
29 20
16 22
60 7
77 96
79 99
63 79
47 80
56 78
67 15
84 0
34 30
7 86
92 75
73 71
1 86
50 3
54 40
92 87
95 57
34 42
3 48
90 36
73 91
26 80
86 62
11 21
95 99
67 52
31 54
97 28
6 16
57 44
91 30
2 68
39 47
42 2
88 39
88 33
43 82
82 75
74 82
10 61
20 52
87 69
47 65
87 30
73 98
40 56
93 50
85 6
