6 100
85 0 28
23 75 16
72 88 34
45 27 15
46 35 34
72 55 36
34 25
17 60
68 28
49 36
7 10
80 26
71 77
23 7
14 15
4 99
97 62
27 86
24 54
65 59
22 10
15 90
36 19
72 43
64 53
27 17
17 11
27 71
49 29
85 59
46 6
52 91
87 4
97 78
4 96
30 37
23 66
71 56
97 37
62 96
8 72
30 11
89 46
37 75
1 43
13 44
16 35
65 46
9 75
69 20
99 32
40 50
49 6
64 56
27 79
38 50
35 90
12 14
79 26
23 20
91 0
49 26
71 46
56 44
90 64
22 18
72 88
4 97
29 57
45 76
95 35
97 17
40 21
97 37
94 42
76 66
64 58
72 79
57 80
91 77
18 30
88 19
79 18
1 53
51 56
43 58
38 61
41 13
69 57
23 30
58 75
17 85
51 47
72 49
81 7
16 14
22 11
48 21
63 73
29 72
20 95
47 56
64 17
41 3
7 75
98 5
