6 100
10 50 31
54 94 31
76 9 33
85 31 19
22 43 23
14 49 31
44 65
85 14
91 88
68 69
97 39
36 87
28 24
2 78
5 13
16 3
67 72
17 77
97 97
30 64
51 85
15 83
93 29
59 25
32 11
29 98
44 87
13 3
77 88
3 58
49 79
94 7
72 25
28 96
3 0
21 15
62 88
12 43
13 26
52 97
3 60
48 17
29 77
83 96
80 37
19 35
47 8
25 29
68 63
14 23
94 25
61 56
28 71
39 10
50 0
2 78
93 75
95 20
58 1
67 60
0 97
71 8
75 93
18 35
45 51
51 67
7 64
60 72
27 98
12 56
3 6
95 90
16 33
84 25
5 96
51 38
7 49
33 65
53 13
20 96
85 29
84 95
7 3
63 18
95 5
3 54
79 84
89 99
16 7
42 2
85 3
15 92
17 65
60 76
51 46
45 48
7 61
75 53
68 70
95 80
66 66
13 88
49 35
45 46
56 85
83 81
