6 100
37 26 18
75 5 23
86 17 40
67 44 37
13 64 19
9 22 26
80 46
6 44
76 15
26 97
2 48
97 90
15 10
9 36
29 49
78 66
10 32
44 41
53 42
73 58
14 72
17 67
76 10
22 21
17 26
11 75
63 34
71 27
51 47
44 68
53 41
15 62
64 28
26 71
29 73
82 74
75 27
41 67
68 54
57 20
96 8
26 92
6 10
37 17
68 79
88 51
73 99
24 86
57 41
95 11
65 97
38 99
16 55
20 49
99 50
84 15
79 61
40 56
5 14
42 11
20 41
38 78
91 67
10 37
20 4
3 72
88 68
1 71
8 41
6 19
51 30
57 21
30 93
22 63
35 92
76 27
6 87
11 16
17 40
2 76
76 68
18 5
86 44
92 19
50 44
3 74
89 50
58 90
71 33
23 49
3 97
8 50
73 70
9 8
32 81
75 32
7 3
80 96
10 52
57 19
79 8
8 95
25 81
13 66
31 53
33 17
