6 100
4 14 39
23 16 20
21 80 22
42 50 35
95 17 21
98 20 23
74 19
43 97
57 62
95 89
95 40
8 12
65 6
52 47
0 89
90 58
99 86
77 73
91 92
2 41
56 60
33 33
98 3
33 70
23 42
43 15
97 76
43 47
58 90
39 72
58 36
72 46
31 96
11 35
3 15
7 44
87 72
14 47
31 99
90 65
11 14
20 49
52 15
18 34
98 21
33 32
67 22
0 37
71 20
77 2
49 55
96 12
65 68
92 73
58 74
22 58
16 13
4 77
13 79
48 22
36 62
79 16
76 48
8 48
95 56
13 42
54 93
6 37
78 47
87 48
79 48
36 44
46 82
64 67
2 82
3 7
1 25
18 27
43 83
81 59
56 63
35 69
50 50
4 85
69 40
35 67
10 67
77 17
79 32
98 23
82 18
77 28
4 99
19 72
11 8
77 69
17 81
75 71
5 34
67 86
70 2
64 27
86 36
67 35
13 33
18 78
