6 100
72 64 31
75 47 34
7 19 25
39 66 25
41 27 37
46 59 13
44 78
24 79
93 77
12 26
94 97
19 58
74 87
62 76
93 49
34 85
37 22
84 79
15 51
53 73
6 45
91 31
88 48
15 79
68 32
37 68
88 77
94 10
41 31
58 34
75 34
82 54
86 60
65 69
40 65
17 0
15 23
97 85
15 54
6 22
15 13
80 46
32 97
83 49
47 23
16 94
81 10
36 82
68 25
62 64
99 82
30 0
43 73
47 31
36 70
72 81
34 78
73 37
13 34
19 2
66 61
77 34
6 90
31 30
12 95
6 20
29 17
68 86
62 61
9 75
30 10
89 82
72 51
41 53
7 50
3 2
84 4
58 95
83 18
48 25
98 69
19 48
10 5
45 18
31 70
95 30
5 15
91 78
16 88
43 73
47 79
51 79
45 62
9 52
26 63
51 85
74 61
76 31
16 21
91 7
20 9
15 81
91 1
68 62
99 70
56 77
