8 100
88 32 36
1 7 35
97 4 21
9 56 13
56 55 33
63 3 22
67 26 19
71 8 18
74 11
2 39
48 6
15 39
67 91
26 98
39 15
70 23
59 96
22 30
57 86
27 44
77 27
82 90
34 66
49 77
40 62
63 41
17 84
6 8
22 52
43 55
53 36
93 82
64 86
46 95
14 45
94 19
16 2
70 54
54 48
71 43
17 28
25 22
41 7
4 36
40 92
86 69
60 34
58 33
90 55
11 33
20 24
13 42
56 51
79 95
78 26
32 28
90 61
94 37
13 90
24 79
87 30
69 19
9 69
6 97
27 79
52 25
87 27
68 66
36 52
60 56
42 36
3 11
9 74
35 37
34 94
4 84
96 67
54 37
96 46
54 35
45 46
83 90
75 81
71 44
57 92
97 49
19 86
67 93
63 47
88 68
63 73
83 44
83 11
91 7
77 20
23 89
38 20
51 91
24 81
11 24
45 72
96 35
30 98
18 48
52 68
3 55
30 78
13 77
