8 100
54 0 20
4 1 27
2 61 30
64 97 18
37 46 24
76 79 20
79 14 17
9 53 37
82 62
32 83
58 59
57 79
67 26
69 59
0 41
56 93
51 63
65 83
53 74
69 27
89 84
26 86
29 99
41 18
71 15
55 11
4 17
12 6
5 57
30 36
18 29
98 55
33 7
31 59
14 40
68 11
32 93
12 59
60 27
45 32
99 49
61 1
75 83
14 69
52 38
10 25
34 86
55 99
85 17
62 73
0 6
72 9
67 22
31 77
11 62
93 50
30 39
12 79
44 63
54 90
48 66
84 51
45 45
92 26
49 36
1 82
66 82
16 23
61 43
48 66
3 79
29 31
20 12
16 13
74 71
50 28
82 86
19 41
28 37
18 95
37 24
11 9
77 18
95 68
73 89
7 43
9 45
94 81
71 70
46 24
25 34
45 50
25 97
87 41
91 97
57 86
51 4
12 94
32 74
68 94
45 38
60 81
10 15
22 62
55 37
48 33
44 62
43 38
