3 100
47 49 64
86 61 62
67 50 25
85 84
22 21
31 22
0 89
13 83
31 18
55 73
96 80
46 79
84 76
45 64
84 59
88 99
65 80
60 85
26 8
7 72
97 96
66 18
95 76
2 0
15 28
27 1
2 76
93 67
58 86
74 85
54 99
28 5
41 11
86 92
57 56
8 40
2 86
57 81
86 39
71 93
14 65
47 60
56 53
30 73
14 15
60 94
72 64
87 86
6 43
88 47
71 22
19 99
92 94
38 90
80 55
76 33
52 97
57 43
59 26
22 39
19 53
58 25
67 11
39 97
40 52
23 78
89 78
46 97
96 35
28 26
44 89
92 83
38 13
37 73
46 82
72 3
45 0
26 67
74 54
74 85
0 2
29 35
93 12
99 68
6 3
7 84
8 13
20 84
90 72
7 47
74 3
71 15
69 13
34 89
53 82
75 31
82 81
7 81
53 76
1 3
81 79
14 86
58 80
