3 100
58 9 38
76 36 64
21 42 49
10 20
12 6
32 98
64 72
0 46
94 64
5 81
40 2
13 30
13 29
78 56
34 50
20 72
25 20
66 97
42 33
23 13
12 14
95 26
4 22
26 71
26 71
2 55
97 6
51 0
77 73
75 16
7 85
58 28
27 67
64 16
67 17
51 13
60 58
71 1
97 62
34 19
32 78
1 63
75 48
5 96
45 43
58 64
88 1
42 87
64 13
10 38
33 94
53 69
13 46
19 30
16 26
98 92
69 68
8 55
56 79
22 33
66 17
21 14
81 74
18 6
76 82
90 47
4 87
22 26
66 17
93 90
47 3
40 83
39 8
93 17
57 85
15 38
5 22
61 13
98 71
25 90
90 78
56 20
80 25
62 80
5 42
12 80
77 58
97 8
57 33
72 84
17 55
9 43
45 0
26 15
40 98
73 46
43 59
59 76
71 52
85 35
16 18
43 79
2 49
