3 100
73 16 62
35 15 42
36 83 48
44 40
80 70
89 61
78 72
54 52
33 46
16 80
43 69
92 20
70 53
23 23
32 5
55 47
91 35
91 67
54 19
63 9
41 32
57 94
14 14
69 20
97 9
37 87
70 68
44 80
32 94
13 90
35 81
91 79
22 16
68 91
57 52
51 49
86 27
9 2
21 68
93 41
41 80
92 63
8 38
42 38
54 36
3 16
17 86
53 0
79 23
79 2
97 82
13 63
93 15
32 72
39 15
87 80
86 64
89 66
95 42
9 35
36 23
52 50
83 39
74 51
12 9
53 8
70 56
73 99
57 63
1 25
17 78
99 34
48 25
65 21
76 76
91 62
33 9
66 68
97 83
38 82
83 89
66 72
17 9
40 19
0 61
48 99
53 63
68 41
34 99
2 77
1 79
54 63
21 59
53 62
73 42
67 92
30 54
95 91
6 43
48 75
42 65
6 18
11 68
