3 100
78 24 67
64 32 66
89 13 18
21 39
97 91
52 20
94 72
79 89
57 65
7 61
43 32
47 74
99 28
40 71
98 65
63 4
36 25
33 57
66 71
42 45
20 24
42 67
38 58
69 7
37 42
18 15
26 9
39 93
15 86
49 63
32 46
37 25
41 72
53 41
2 61
41 11
29 28
26 4
85 50
48 73
96 10
4 89
13 23
65 5
28 58
81 56
83 78
80 55
56 29
85 17
77 99
86 74
78 5
86 87
8 43
94 48
81 82
40 95
39 82
81 27
19 61
84 17
33 36
38 36
85 37
87 89
7 44
15 71
43 87
24 26
28 94
97 33
48 83
66 80
70 26
83 79
84 78
24 75
17 94
26 36
57 87
17 96
76 55
10 94
90 15
4 48
86 83
40 32
64 61
61 44
60 58
94 82
21 57
78 39
22 53
43 43
1 56
54 86
69 59
60 8
46 21
1 98
74 45
