3 100
11 60 37
34 69 56
66 84 58
92 15
35 81
83 21
80 10
73 78
36 75
33 78
46 43
2 60
59 4
11 57
58 1
91 50
79 76
54 98
54 60
46 59
72 59
64 86
38 61
26 65
58 38
38 49
48 86
47 57
13 84
73 18
25 94
43 99
29 77
52 24
76 6
35 70
3 44
39 92
12 50
94 97
79 3
44 20
3 72
76 21
77 97
71 69
51 58
45 70
0 97
63 23
43 15
60 33
16 27
77 99
33 78
28 39
63 31
95 78
62 60
64 11
63 64
73 92
36 80
48 57
16 14
84 84
35 74
96 40
58 48
33 91
47 15
6 99
64 95
90 1
24 66
34 78
98 43
59 6
69 28
43 2
24 53
9 99
78 63
33 69
90 80
67 22
50 58
95 99
68 15
31 39
74 59
63 87
74 67
18 14
59 30
44 97
46 52
74 86
34 49
15 38
0 2
64 6
26 54
