3 100
81 76 76
29 87 39
72 82 37
95 95
52 15
49 92
25 88
79 74
12 63
92 2
20 94
71 72
52 15
62 50
56 70
81 27
13 56
50 71
41 99
41 65
45 1
59 17
57 99
10 90
95 37
10 41
11 16
13 62
14 10
14 8
12 70
17 94
64 79
64 2
59 92
39 51
8 0
48 88
26 44
77 64
75 68
35 95
81 3
49 44
27 4
83 32
63 31
43 63
87 7
29 59
40 64
69 2
36 56
93 13
41 3
34 43
58 20
81 77
28 75
37 13
58 26
63 51
65 0
83 92
15 68
32 91
51 99
75 97
9 48
74 69
92 42
84 90
31 56
36 54
45 3
32 3
70 78
5 76
96 75
62 92
35 68
60 74
86 97
65 50
58 70
42 88
41 31
30 53
62 34
6 63
11 97
69 21
70 53
7 41
27 3
6 91
77 28
9 23
71 56
74 6
39 24
62 18
18 10
