3 100
87 57 55
59 37 62
25 40 34
39 57
73 88
42 77
37 25
36 51
57 48
73 92
76 7
46 37
23 46
73 3
0 19
39 82
51 26
15 30
17 29
3 51
99 62
89 2
12 37
49 29
11 58
79 48
43 55
68 30
24 34
98 2
58 48
37 28
42 69
65 63
47 59
94 64
96 13
48 40
93 60
7 2
25 44
73 12
33 23
50 55
22 83
33 99
21 33
70 76
15 67
83 2
46 13
47 15
96 0
50 81
49 0
10 29
20 67
91 10
30 52
61 1
16 96
25 77
67 32
86 75
26 78
49 30
61 92
83 64
75 85
28 40
85 68
87 92
6 83
39 74
1 40
30 25
63 54
5 54
42 41
45 12
55 89
45 26
89 49
86 97
83 64
97 18
95 10
11 54
3 95
71 87
44 89
36 47
1 54
93 10
50 63
89 86
70 65
83 94
22 83
62 80
22 80
24 53
73 93
