3 100
15 79 67
9 40 38
36 86 45
82 80
81 26
94 31
39 19
13 57
91 53
34 61
56 25
91 82
83 90
73 12
92 81
90 31
43 97
92 97
29 21
5 14
85 21
53 96
89 80
2 71
90 25
58 38
43 15
76 74
50 96
0 92
70 50
47 43
27 77
30 8
34 31
50 37
19 6
12 5
2 78
93 0
14 27
68 93
3 59
38 33
10 93
8 51
36 85
34 29
95 86
86 83
95 93
53 29
91 76
26 99
19 77
63 57
85 53
45 10
72 35
2 13
59 6
21 72
22 58
51 63
24 85
49 59
84 42
48 88
35 83
34 5
63 86
62 48
94 89
37 79
66 11
85 99
15 76
39 20
55 19
35 62
91 99
96 0
3 0
47 63
45 83
55 35
80 30
98 75
97 49
34 73
4 22
34 57
12 62
4 46
83 6
96 18
45 35
92 23
33 23
20 54
57 75
18 22
97 55
