3 100
64 28 59
47 14 54
61 88 37
1 43
21 8
36 67
88 34
55 65
74 55
41 74
66 36
70 76
69 66
56 89
42 63
45 84
26 53
8 52
38 79
86 2
24 54
58 19
81 75
31 26
23 22
82 91
40 23
78 69
97 19
74 62
5 25
29 26
81 68
30 41
38 22
59 80
76 84
9 63
71 13
41 69
8 43
45 80
97 72
64 6
55 30
29 39
74 82
88 56
5 77
40 49
54 51
94 56
32 58
95 35
84 74
74 32
29 56
42 23
64 27
92 27
21 97
25 60
95 37
91 27
21 84
27 21
85 95
60 76
2 68
41 75
99 29
10 75
21 77
52 39
48 28
54 51
70 79
29 27
70 88
98 61
19 68
55 19
98 95
67 65
24 7
68 3
3 25
22 78
80 74
40 43
47 48
15 8
34 13
53 55
88 23
34 78
5 4
11 68
16 92
20 31
49 75
14 75
48 55
