10 100
59 73 25
56 6 25
56 46 29
67 79 18
83 84 14
59 94 18
38 63 11
52 77 5
34 58 5
69 44 6
94 97
74 30
4 31
47 73
50 40
45 76
44 20
72 26
40 73
91 60
85 14
95 91
52 50
18 81
4 59
24 73
38 11
13 59
18 63
64 13
80 61
84 39
37 33
9 48
15 95
54 80
20 69
68 81
89 43
70 58
69 43
15 54
51 97
43 11
5 91
47 13
75 83
34 85
5 41
19 12
52 61
84 26
11 7
62 22
39 46
44 96
28 12
13 97
3 55
52 42
26 1
33 85
1 16
21 74
22 34
40 18
64 40
49 92
73 68
98 76
86 99
62 67
82 69
90 23
45 56
41 12
79 54
65 39
19 2
78 22
63 71
87 11
45 63
55 34
4 27
68 39
85 91
77 21
37 1
71 71
98 67
11 0
81 4
95 14
66 30
43 10
50 16
41 57
80 81
15 39
38 77
20 51
5 50
49 25
4 93
75 12
82 24
18 8
48 47
45 27
