10 100
83 95 30
4 64 29
29 2 26
25 15 8
14 49 10
1 39 19
91 55 12
98 85 6
70 19 6
93 37 6
1 95
60 62
88 37
23 49
78 3
45 6
53 93
9 57
15 57
10 11
50 68
19 3
49 51
44 77
95 14
42 43
53 43
31 51
13 59
97 42
74 21
62 81
73 44
36 83
95 40
89 76
93 30
65 75
39 68
29 41
44 91
0 72
28 79
4 55
83 83
87 98
5 94
39 96
56 47
67 63
49 88
40 98
43 6
57 15
87 64
28 45
46 34
79 43
35 89
9 48
78 42
24 39
68 41
24 52
98 19
54 63
78 71
37 55
18 62
15 33
30 18
58 41
26 19
3 3
94 20
86 9
15 45
57 84
12 25
2 13
77 8
70 9
5 88
30 84
12 73
64 90
33 26
2 57
42 28
66 5
43 94
45 45
44 17
70 88
99 93
91 11
43 99
43 0
77 84
37 76
54 48
37 30
50 12
71 45
15 50
4 38
2 53
27 25
68 29
50 80
