10 100
72 78 22
33 49 30
37 6 25
87 57 17
74 22 9
11 29 13
9 71 21
66 11 5
66 37 5
46 35 3
81 26
53 28
76 85
97 64
58 50
37 50
17 65
95 7
21 17
6 11
88 49
55 62
1 3
68 66
72 42
67 10
11 12
52 73
68 98
22 55
8 58
4 47
75 13
65 61
1 49
87 46
67 16
50 47
67 28
23 38
71 83
19 44
15 38
76 54
17 93
48 28
16 87
37 1
85 34
16 45
94 33
76 99
87 68
78 34
45 32
2 17
24 48
75 18
39 73
42 93
45 69
18 13
16 18
10 92
9 84
88 85
90 99
64 16
96 41
66 53
22 42
82 11
72 51
52 48
60 9
61 63
31 58
85 4
13 72
59 80
70 87
68 51
16 88
44 75
50 90
50 92
79 33
60 92
1 64
24 79
81 67
27 30
75 51
63 84
4 10
88 58
32 50
33 60
11 61
45 5
46 65
63 98
66 61
83 17
63 46
77 64
43 73
6 12
98 84
64 35
