10 100
46 76 23
3 53 23
83 95 27
71 28 13
46 56 19
70 44 18
5 91 15
12 89 5
67 98 6
66 11 4
32 91
68 83
77 51
94 22
80 39
65 63
81 48
77 4
31 36
72 19
21 5
95 84
82 64
57 71
33 13
9 66
21 94
39 59
74 45
92 91
61 67
89 78
59 2
69 80
58 85
56 32
91 46
74 8
89 6
52 40
78 55
12 16
36 53
47 80
60 44
74 35
1 66
67 57
16 49
19 79
46 51
79 33
55 50
70 63
82 53
3 3
32 35
24 23
71 55
20 84
79 8
75 87
63 24
65 48
10 64
88 95
32 44
77 64
88 95
32 53
95 40
86 83
12 22
29 38
72 56
4 76
49 31
58 33
0 67
11 42
74 78
6 52
97 62
64 5
38 30
90 25
28 59
49 23
75 53
95 98
75 64
1 65
37 92
83 66
46 63
16 42
20 21
87 97
26 78
95 91
8 15
25 74
83 41
52 70
4 12
61 58
86 67
2 49
64 29
10 94
