10 100
41 39 25
44 77 30
40 45 29
67 41 18
75 41 9
27 93 16
32 23 15
70 77 4
35 30 5
48 4 2
75 29
56 82
99 96
43 6
61 89
81 71
94 39
57 82
1 37
10 13
28 0
42 4
6 7
60 71
41 17
66 32
47 83
59 75
17 20
64 23
89 2
23 15
98 81
84 82
68 29
75 38
67 56
51 73
32 9
86 62
71 52
40 6
83 49
16 11
8 56
3 97
28 59
5 10
65 38
12 79
36 29
83 72
41 18
23 13
97 54
85 84
23 20
1 94
12 1
50 19
70 15
29 26
61 13
57 21
62 7
33 62
99 53
13 36
37 54
28 63
26 65
40 96
75 63
31 4
34 20
28 74
22 68
38 90
4 56
48 10
10 5
83 28
72 95
49 6
95 16
88 66
24 10
90 20
31 7
88 12
29 7
38 54
82 21
91 23
89 75
68 92
64 90
34 48
36 19
80 24
72 8
33 19
43 54
13 81
47 51
32 92
70 47
39 40
80 5
4 49
