10 100
52 30 26
68 66 32
83 44 32
34 29 10
17 29 9
63 25 12
27 4 16
87 89 5
62 5 6
84 75 7
96 35
51 68
46 15
6 69
56 53
68 19
26 42
96 14
26 50
74 32
66 96
48 30
63 97
31 43
18 68
93 67
92 9
7 24
34 85
56 61
73 7
95 38
25 4
95 31
30 55
46 6
80 60
25 2
86 73
70 63
25 42
54 34
89 58
93 48
52 58
62 53
52 64
43 11
77 2
60 51
71 38
13 88
97 85
18 50
58 78
94 59
88 2
66 2
41 10
67 90
24 70
45 95
53 38
96 66
89 34
70 15
0 12
42 20
78 27
85 47
33 46
71 37
19 23
81 39
60 49
19 27
80 68
35 75
80 85
79 41
26 53
59 40
95 6
50 22
34 94
58 24
64 22
85 31
78 89
5 49
17 29
25 39
33 84
96 84
4 22
18 74
76 37
77 10
15 56
76 3
93 5
7 58
64 85
30 30
4 9
8 81
6 38
71 74
82 5
26 82
