4 100
40 63 28
44 63 54
42 46 39
40 58 32
96 9
75 96
86 76
25 61
48 81
43 22
72 76
5 35
64 3
7 47
50 10
16 53
5 26
67 36
35 97
88 74
87 78
33 72
65 45
25 25
5 15
17 48
46 8
37 95
41 72
17 99
39 53
13 11
97 36
67 3
26 40
91 8
44 76
35 64
96 92
43 7
34 74
33 53
69 14
8 82
42 9
8 42
74 0
31 34
28 33
29 52
46 0
52 9
47 77
52 29
65 82
28 81
58 37
83 87
89 6
31 69
22 97
18 44
9 0
39 61
69 35
85 29
7 84
80 22
56 39
72 12
52 81
6 28
86 97
35 50
19 17
54 49
80 28
92 51
77 49
79 54
92 64
55 82
55 82
62 43
76 71
4 8
96 97
74 97
24 33
95 6
81 22
56 81
42 12
1 12
91 3
11 87
31 2
50 71
86 67
84 30
16 61
81 21
95 18
22 40
