4 100
53 48 34
63 58 40
37 54 51
60 57 27
41 7
80 36
82 79
37 33
20 11
61 88
91 3
36 24
14 44
24 70
55 90
33 38
81 7
27 43
5 67
37 1
94 51
58 47
50 59
82 13
35 61
80 53
18 63
33 65
28 54
80 8
85 81
22 52
91 91
94 64
22 34
75 15
85 32
82 63
22 37
77 45
3 79
91 7
45 43
96 85
31 57
98 78
35 21
78 99
70 77
4 15
97 18
36 33
18 34
11 23
91 12
23 13
39 7
13 14
76 40
65 73
48 59
69 18
45 46
77 25
70 33
2 62
10 67
66 44
3 90
45 72
72 29
22 38
71 30
52 23
61 89
63 67
48 84
8 20
96 14
44 10
42 78
47 79
58 76
66 85
5 39
68 45
27 75
4 16
41 29
85 93
48 67
23 46
65 0
75 61
53 34
90 34
26 4
84 42
72 19
0 55
19 43
97 6
21 44
57 61
