4 100
54 37 39
42 44 32
45 46 36
38 57 46
66 47
75 41
39 56
59 17
22 82
33 83
67 54
63 48
67 70
37 64
92 14
15 20
67 49
39 6
44 0
3 1
66 68
42 6
90 98
41 11
8 67
96 80
90 76
21 83
57 29
33 63
47 12
63 50
77 21
85 31
6 66
84 54
35 65
38 19
83 88
22 93
73 20
36 24
47 54
25 40
49 96
61 36
90 61
28 66
1 31
64 5
71 79
67 61
13 43
67 34
91 75
39 63
47 80
99 42
40 63
2 4
82 61
24 60
15 19
92 91
83 65
32 80
74 82
82 78
15 87
19 75
50 88
24 49
79 89
83 46
42 83
53 66
83 17
88 33
70 66
60 66
61 23
75 46
61 6
89 99
85 24
91 10
84 71
61 36
50 44
54 62
23 11
48 87
80 32
8 43
25 47
4 87
89 90
73 17
34 65
98 2
9 77
71 93
97 53
88 74
