4 100
63 47 34
37 50 31
59 54 38
57 61 47
9 68
90 97
88 95
78 37
48 37
55 19
36 94
50 62
96 62
30 91
65 8
91 98
3 71
92 54
25 26
22 66
77 75
4 81
37 47
51 79
74 66
31 69
89 26
55 92
75 32
71 73
35 1
49 49
12 65
52 60
7 78
91 64
72 0
67 90
81 90
93 58
55 38
21 83
90 96
83 47
69 26
84 98
3 66
16 98
27 62
52 37
0 0
49 18
22 16
11 55
15 23
65 8
46 97
38 6
23 99
19 92
50 51
71 56
75 77
1 71
46 37
43 36
61 62
93 62
49 91
54 81
10 44
22 60
7 29
82 26
92 99
41 87
42 90
80 6
28 59
76 76
67 84
95 64
41 60
30 69
8 46
23 67
88 16
38 40
79 29
62 28
76 65
66 67
13 38
58 29
67 13
85 90
59 61
46 76
91 26
10 25
53 43
89 86
74 4
35 86
