4 100
43 60 30
36 64 31
61 47 30
64 48 61
20 45
78 51
72 8
75 2
62 96
37 71
25 34
81 42
26 83
13 91
54 94
51 16
11 46
2 59
67 86
59 62
62 39
58 34
99 84
97 63
0 81
29 80
66 36
48 1
62 6
97 84
37 28
48 48
61 17
48 38
24 7
71 74
73 69
63 99
22 79
60 31
57 67
26 65
89 74
41 84
90 81
26 27
92 26
24 42
61 63
9 77
86 72
47 96
70 91
31 7
84 1
55 44
38 22
86 81
22 13
59 35
63 1
32 46
78 2
42 28
13 79
78 59
86 93
95 55
34 63
58 56
83 71
66 41
87 28
76 45
64 10
27 15
84 64
1 73
22 79
65 81
31 8
88 63
65 10
25 1
70 70
44 20
83 13
28 54
66 99
10 58
7 83
71 13
81 54
34 90
29 16
37 86
85 9
32 56
9 70
77 23
47 86
28 82
75 86
31 7
