4 100
38 58 33
49 45 31
43 48 52
60 57 37
27 11
2 7
80 76
49 26
83 78
38 60
84 84
28 24
21 25
51 13
42 6
66 78
13 93
87 60
92 27
73 69
25 92
96 76
64 3
50 57
58 62
40 83
62 16
14 12
58 4
16 18
12 27
45 53
7 94
74 87
70 44
7 88
45 31
58 37
96 67
10 81
25 93
41 39
26 43
25 15
43 66
85 99
40 50
41 98
40 81
56 82
22 80
69 53
12 83
98 16
61 45
49 10
93 53
75 71
6 4
3 3
21 83
87 57
95 61
94 45
58 24
44 93
65 81
94 75
55 55
64 27
18 85
50 72
0 95
29 23
54 54
80 81
79 96
2 84
39 51
84 75
86 66
9 58
75 8
39 14
88 51
77 38
61 72
51 96
66 41
55 63
6 61
2 39
51 59
41 60
65 50
18 90
43 19
93 7
86 40
87 67
23 48
77 75
78 43
0 21
