4 100
42 41 50
61 49 34
50 36 36
41 62 30
3 59
19 0
38 74
25 77
5 23
6 90
1 42
55 51
56 57
65 71
7 35
72 53
41 69
4 57
39 4
13 13
6 39
41 70
22 31
5 31
68 26
19 38
46 28
21 75
34 92
73 94
80 75
36 25
73 98
96 66
74 32
74 74
41 7
87 37
61 0
76 58
40 13
48 50
42 97
98 1
87 82
84 64
34 60
23 15
34 56
62 33
68 55
64 0
99 91
2 44
84 70
78 90
45 52
90 25
13 27
15 85
29 88
73 72
80 26
59 14
40 90
38 44
68 82
99 59
64 82
84 64
78 62
32 63
42 58
58 60
15 16
78 6
70 77
44 9
46 73
93 24
26 28
31 62
32 66
67 35
78 2
7 33
1 89
24 12
55 56
75 76
90 95
66 17
64 40
47 80
94 64
28 20
74 61
15 5
81 81
32 82
98 89
81 46
67 53
8 29
