4 100
40 58 32
55 38 43
45 47 32
51 41 44
22 79
39 40
8 31
37 75
85 91
13 85
81 60
91 80
23 80
44 22
65 90
11 51
47 87
79 83
11 32
77 29
35 0
15 37
73 85
77 80
90 39
16 7
3 91
96 23
79 95
90 75
83 43
39 21
35 95
38 11
68 60
89 43
4 46
38 89
6 6
5 26
21 86
83 67
44 26
52 79
18 6
67 23
55 55
38 32
66 56
23 59
19 25
83 38
52 8
75 85
27 94
89 16
83 14
77 92
89 4
40 23
16 17
36 59
13 50
97 74
6 83
67 38
62 47
20 61
97 39
94 0
31 76
30 55
29 45
73 83
96 0
96 7
45 68
80 28
93 4
9 92
16 51
45 15
97 25
33 69
35 2
31 21
14 30
35 12
3 42
43 4
35 77
24 14
26 60
26 55
69 92
46 92
62 83
87 27
51 20
96 70
81 81
88 38
42 45
28 98
