1 100
10 7 193
25 5
42 49
81 55
59 96
10 37
43 66
95 94
40 51
84 54
54 97
68 18
20 7
71 24
78 10
21 1
56 10
88 91
17 11
10 89
98 1
91 73
28 97
21 32
36 48
64 12
23 88
60 27
95 9
94 41
52 62
97 69
4 8
89 18
88 50
15 37
15 2
39 43
79 14
55 9
79 70
19 42
2 18
47 33
67 81
26 16
73 84
94 82
7 31
39 18
29 44
65 42
96 43
28 94
10 55
56 77
4 23
6 99
37 46
40 99
41 2
62 36
5 56
83 73
79 42
24 76
73 57
29 65
3 40
25 60
78 49
0 6
7 8
50 91
28 41
60 50
24 26
31 48
1 35
73 49
23 71
38 22
76 61
66 24
12 79
45 94
19 57
21 49
14 50
77 33
80 61
52 7
94 27
32 95
80 29
13 28
57 35
33 2
44 34
22 69
17 56
