1 100
6 48 209
10 76
49 15
34 7
75 85
10 86
64 55
3 77
8 63
32 35
54 64
11 24
68 55
27 52
78 57
65 41
40 13
82 91
2 3
55 44
77 9
1 98
7 39
23 86
28 50
52 16
22 6
74 41
6 96
65 10
63 87
21 23
86 71
54 52
30 78
76 37
28 15
21 4
87 43
38 21
70 84
20 74
73 71
76 20
78 42
26 81
36 7
30 40
92 52
24 46
57 79
75 49
66 18
79 89
34 45
61 51
45 31
28 31
88 21
34 52
21 85
51 64
47 79
20 0
31 69
79 97
3 95
90 82
43 50
90 90
83 56
95 40
54 85
18 8
83 56
2 14
68 4
71 74
23 60
24 53
98 75
4 99
60 46
39 80
10 27
24 66
64 9
1 25
95 16
38 88
53 53
18 34
52 28
33 88
10 2
8 97
18 84
7 41
95 78
15 32
32 7
