1 100
96 61 190
99 18
2 33
46 91
45 97
97 37
70 42
73 86
82 37
5 47
74 55
86 17
32 44
46 46
30 74
41 47
66 9
93 4
59 21
39 89
94 12
3 84
11 48
33 43
69 66
10 62
67 4
31 98
10 20
29 80
2 29
14 38
66 38
7 51
20 80
69 56
48 54
48 79
69 39
48 12
12 75
93 87
21 34
39 65
95 29
35 14
10 96
23 54
69 20
58 81
13 65
57 84
91 80
30 34
74 14
19 0
29 62
29 93
3 83
34 15
67 6
1 97
22 46
31 99
56 30
15 85
54 60
42 4
96 60
30 95
58 76
66 13
49 56
25 10
94 28
98 26
76 81
30 17
93 21
40 42
81 91
75 44
41 51
3 2
29 65
15 90
94 76
18 25
47 19
54 1
29 28
31 75
44 32
76 96
52 29
2 12
96 80
7 91
57 28
50 44
83 76
