7 100
67 52 38
73 41 22
81 8 41
92 28 28
6 45 22
16 86 27
36 86 26
9 98
9 50
77 98
32 21
30 37
38 45
69 34
46 73
63 8
30 22
13 25
16 18
42 99
65 76
65 65
84 81
21 88
64 59
18 41
51 54
24 43
59 90
92 72
45 41
94 51
0 84
13 32
22 98
69 5
23 26
32 21
53 3
86 29
83 5
50 49
21 8
67 79
94 31
8 72
45 66
13 61
77 83
99 84
78 32
59 6
98 71
59 87
34 2
45 11
1 73
26 90
54 35
35 7
1 30
38 2
54 63
73 83
20 83
22 65
91 18
32 80
24 27
74 19
90 40
10 28
54 53
28 84
75 51
66 4
8 10
45 13
40 92
98 73
97 39
91 36
2 51
83 63
26 39
41 8
0 81
1 95
79 20
47 98
94 78
90 7
61 68
49 22
46 64
91 34
30 74
21 54
19 66
78 7
0 88
35 71
98 31
93 14
51 8
88 29
30 99
