7 100
20 99 20
16 67 34
4 8 19
66 9 43
43 85 39
53 66 31
39 68 18
4 3
19 29
97 70
37 98
74 73
15 56
58 32
95 47
69 5
72 97
5 90
50 14
38 89
74 0
70 9
75 80
30 57
87 9
2 38
40 28
76 21
18 93
66 2
63 35
6 97
79 10
79 55
88 51
1 49
13 34
30 55
32 25
98 3
51 96
68 95
32 72
90 56
42 56
19 16
98 59
1 53
95 26
60 33
72 0
64 27
31 57
3 90
54 89
22 21
40 24
62 30
34 94
85 25
35 76
42 34
22 81
54 81
36 71
84 9
20 12
13 69
65 37
33 1
62 87
64 4
40 53
44 10
91 57
74 87
18 7
43 47
46 51
74 39
53 73
64 91
47 87
68 18
11 78
39 58
84 18
54 62
6 57
78 49
75 28
74 52
46 55
97 13
62 62
28 93
45 0
8 63
62 86
48 48
70 92
31 56
91 68
38 62
59 8
12 27
54 38
