7 100
81 34 38
96 3 19
58 9 28
98 41 33
40 85 30
75 64 32
56 31 24
66 33
72 77
36 50
27 30
64 97
73 86
18 95
41 28
72 5
42 41
99 30
65 91
66 14
8 44
7 45
42 89
88 6
3 1
64 12
65 10
42 5
20 12
3 18
78 78
42 51
4 4
30 84
42 1
59 28
87 86
6 99
62 14
77 8
86 11
49 31
63 44
94 94
44 3
60 49
80 14
44 57
65 83
43 3
99 71
79 74
19 41
50 42
79 87
27 43
6 57
55 65
75 10
82 80
22 74
51 0
25 50
49 19
89 74
5 31
59 74
20 16
88 8
7 61
57 80
54 28
67 83
74 48
96 57
60 13
99 29
21 60
45 5
57 17
33 50
70 58
98 1
31 7
46 3
19 94
56 17
4 95
9 24
38 69
1 39
93 81
77 98
87 3
58 68
27 3
60 28
60 12
46 76
68 83
81 34
99 95
14 14
90 71
92 29
91 89
8 18
