6 100
50 54 28
56 48 21
49 40 28
59 44 34
44 57 19
47 55 24
48 94
29 7
70 6
87 10
7 60
23 20
44 11
72 40
31 19
1 1
96 12
36 3
18 56
98 52
34 43
77 58
40 23
38 17
61 65
3 81
90 18
2 16
71 14
77 33
34 53
57 48
34 80
60 59
97 91
51 0
54 58
26 83
58 88
64 18
14 21
95 23
67 55
44 83
26 55
53 90
8 72
63 84
20 82
8 81
51 29
27 85
27 80
26 6
44 40
85 87
49 44
10 96
76 38
74 11
3 55
63 82
8 54
71 54
56 67
5 15
13 71
74 37
87 56
95 39
65 72
91 46
17 56
52 79
23 2
30 60
9 33
77 82
40 69
56 18
77 26
17 92
44 15
29 44
64 71
44 3
21 62
80 22
75 96
40 80
46 15
26 6
7 97
36 74
98 22
90 1
13 23
9 4
83 92
89 25
87 78
80 25
67 22
30 30
63 42
8 7
