6 100
40 40 24
45 53 21
58 51 28
42 48 37
44 50 27
47 40 15
46 73
71 66
53 19
54 76
40 67
77 26
41 26
52 28
51 57
86 96
29 98
16 10
5 26
94 83
19 37
51 25
89 6
0 86
44 89
34 11
48 67
49 76
5 34
67 34
71 96
22 67
19 96
34 68
73 73
48 27
6 58
34 12
96 4
87 98
51 36
47 76
97 32
6 5
49 41
28 80
47 96
22 74
63 26
59 62
2 25
66 67
52 70
48 84
31 20
41 94
86 81
2 99
0 85
40 25
24 73
69 2
78 31
18 48
96 35
75 45
0 27
35 23
21 96
80 28
90 59
80 57
77 87
60 4
42 51
61 38
74 50
99 93
87 11
65 14
59 70
24 88
26 86
11 47
25 5
53 30
10 24
50 7
95 35
10 75
83 3
46 13
60 62
98 35
14 57
28 44
22 80
1 55
70 0
26 35
58 48
54 56
22 75
68 66
71 90
9 98
