6 100
58 44 17
40 59 21
52 41 17
40 48 38
46 59 36
46 58 22
92 40
12 25
66 98
35 59
66 65
18 70
58 69
55 67
53 57
81 88
36 28
93 39
74 30
94 26
81 14
4 3
2 99
35 2
35 74
68 15
25 52
46 35
67 28
71 25
39 64
99 98
7 47
2 7
63 45
72 30
94 22
45 93
62 35
0 30
26 39
99 27
39 93
7 72
13 32
40 93
41 89
75 54
94 52
11 87
19 33
66 16
13 18
5 74
2 41
62 13
56 2
55 83
8 66
3 62
97 99
72 77
6 45
93 98
72 2
54 59
58 3
59 73
64 39
16 74
28 84
43 17
97 18
26 71
29 59
52 82
82 58
1 68
29 89
73 93
2 26
90 8
79 38
64 64
57 97
90 65
89 27
88 29
73 53
11 79
52 12
19 61
3 82
87 53
8 43
19 27
6 68
12 49
84 8
49 72
6 42
53 4
36 84
47 54
68 91
61 73
