6 100
50 50 30
48 53 12
45 42 27
44 51 27
49 51 28
57 42 30
58 47
90 24
20 87
7 84
64 2
39 13
36 74
96 18
66 49
53 6
78 4
83 67
74 49
40 38
16 83
42 44
28 79
17 99
34 97
1 76
1 87
92 45
92 77
97 65
70 69
24 17
91 68
5 95
76 25
87 53
10 25
35 10
80 91
73 8
11 34
60 36
85 57
87 87
92 45
94 35
83 7
51 93
25 96
27 49
31 51
52 78
97 54
7 91
51 36
11 46
47 15
91 98
69 85
76 60
67 64
17 2
87 88
74 95
90 64
74 76
55 20
10 60
75 13
28 9
89 23
32 5
27 98
56 41
70 91
78 6
65 89
17 9
25 9
20 36
80 82
37 46
51 42
16 14
37 81
8 67
35 59
7 11
79 23
15 97
7 98
56 80
37 8
73 6
2 60
84 39
28 66
12 10
31 39
40 84
92 28
72 72
76 43
52 54
20 60
82 92
