1 100
69 34 180
63 89
47 14
39 52
64 13
98 57
28 47
36 6
27 65
62 8
41 71
1 61
84 15
83 38
56 32
46 34
58 52
54 67
33 45
10 97
31 50
46 90
0 33
47 74
85 67
56 32
82 29
57 92
41 6
1 51
52 7
20 29
17 57
44 35
8 83
49 78
42 45
1 80
11 0
52 71
87 87
5 83
76 13
56 36
13 80
94 29
75 82
24 8
14 48
80 48
13 19
72 76
20 8
57 38
17 65
0 54
81 4
63 11
57 98
80 47
97 11
88 57
96 59
81 94
97 79
17 29
55 27
57 98
4 7
66 68
82 0
55 30
30 99
68 76
88 49
67 59
68 31
76 40
82 10
25 45
43 82
32 3
85 89
71 6
21 72
79 56
62 11
5 42
90 12
47 61
76 17
74 82
22 39
85 13
34 58
47 98
73 95
3 88
28 74
47 50
2 54
