1 100
83 24 180
9 88
43 81
22 24
47 30
73 6
14 31
31 46
90 79
44 36
37 52
33 90
9 52
42 35
62 56
64 18
87 46
13 97
6 47
87 89
43 3
90 4
64 14
69 29
57 99
80 87
3 16
18 54
41 40
31 42
66 61
93 76
14 19
46 73
1 91
81 31
13 87
1 18
41 44
45 59
83 3
19 18
64 53
67 36
32 60
12 36
1 75
31 35
76 33
35 90
41 71
33 82
62 91
92 88
84 60
30 35
52 70
57 31
88 69
81 5
78 86
40 39
73 16
31 20
36 1
82 39
13 29
90 49
34 69
51 24
16 46
21 4
34 77
9 59
97 85
56 3
4 25
96 67
67 94
45 13
6 53
15 82
21 56
15 48
75 93
87 38
30 25
5 46
71 55
10 85
56 62
65 76
41 12
42 14
21 63
73 83
85 3
25 77
9 93
54 40
21 66
