1 100
10 10 180
27 77
57 33
29 56
92 8
72 55
94 55
73 5
77 98
60 84
32 80
33 1
16 15
7 42
62 75
8 12
83 19
80 58
18 21
78 89
84 30
79 54
48 38
53 98
18 82
11 20
81 62
92 43
16 91
33 43
30 51
83 52
27 37
42 86
13 78
51 49
62 85
96 10
37 33
40 28
84 61
68 81
11 74
87 1
63 10
42 51
28 74
25 47
87 29
71 33
72 24
63 3
32 51
83 55
92 81
4 51
38 99
26 36
53 87
51 9
69 47
66 72
61 9
23 49
2 4
31 55
83 76
83 16
31 33
66 20
45 53
62 23
57 8
72 73
71 44
67 5
24 26
1 30
6 86
3 36
15 86
99 5
24 29
98 20
96 3
23 66
49 57
98 61
15 6
3 63
36 1
23 96
12 90
98 99
91 51
36 81
99 53
27 91
61 82
8 58
92 78
