1 100
74 44 180
52 91
1 16
78 14
64 20
74 41
67 75
51 73
39 83
51 53
44 34
53 16
66 63
9 58
7 72
81 94
82 82
75 79
12 51
46 44
75 90
90 61
41 46
23 24
8 99
97 8
58 26
39 52
39 31
11 21
50 83
96 10
80 22
62 67
95 39
59 44
96 30
46 61
14 78
39 37
91 53
30 63
13 36
21 73
68 14
5 80
58 46
17 59
21 33
87 31
90 14
80 95
10 79
43 23
23 93
83 42
37 13
57 52
20 55
91 4
8 39
23 93
33 51
82 39
7 27
48 70
8 63
86 50
7 71
61 0
35 79
16 66
26 91
91 73
33 54
12 27
35 58
16 56
71 27
95 29
95 44
90 38
25 99
82 8
84 96
42 14
96 53
78 34
34 2
54 72
81 11
78 51
90 76
99 56
70 30
6 26
96 11
84 90
24 94
1 24
5 58
