6 100
49 20 31
30 74 25
40 79 26
23 68 22
55 59 13
44 72 35
63 81
99 99
36 6
23 86
26 9
67 41
23 31
42 55
12 39
94 87
43 49
78 1
52 26
17 33
55 70
98 62
79 24
41 74
80 17
13 48
92 99
79 79
91 48
94 4
37 22
80 5
84 56
29 84
25 77
45 57
78 17
4 66
49 77
74 46
68 74
47 37
1 58
97 18
64 15
43 86
38 93
75 11
32 45
66 71
41 97
77 38
31 2
50 23
29 30
75 92
83 90
25 66
79 77
70 27
30 39
93 68
49 24
38 48
2 1
59 89
84 31
47 73
1 82
71 22
93 25
8 61
58 9
18 66
96 85
47 24
62 9
6 31
83 93
15 27
90 35
47 57
52 36
6 87
9 86
26 92
57 58
7 81
5 9
7 54
59 39
40 91
96 5
87 23
44 6
48 57
19 82
12 85
47 23
93 22
15 63
76 48
6 97
64 64
77 40
91 9
