6 100
52 53 17
51 54 36
63 71 19
22 67 28
26 34 33
28 61 21
27 39
85 67
50 60
71 14
5 9
4 89
4 73
33 69
59 88
29 6
10 81
8 26
27 29
48 77
57 56
55 23
7 83
6 60
29 32
99 56
7 5
91 88
22 44
58 60
94 44
29 25
87 49
48 25
43 52
77 35
17 30
34 75
81 3
73 75
49 83
49 13
99 95
62 50
56 61
95 13
92 45
2 26
97 11
95 86
60 0
68 14
47 59
0 99
17 19
5 46
4 80
7 28
96 73
34 44
93 25
14 68
59 81
7 28
42 75
86 69
67 50
79 63
70 6
97 2
99 23
47 11
80 37
11 70
96 82
14 54
51 74
35 22
99 97
49 43
71 34
97 27
98 36
84 31
10 25
14 59
83 95
55 81
51 49
25 32
97 56
77 3
14 54
21 84
21 89
88 85
87 74
2 80
5 85
31 18
7 95
94 60
86 89
56 9
11 68
41 34
