6 100
72 59 33
57 69 19
74 75 23
21 55 26
72 48 34
75 30 17
51 46
6 70
55 66
35 52
62 32
29 57
86 40
23 50
31 32
0 52
60 6
96 78
81 88
91 49
34 66
12 63
46 58
24 46
52 88
9 62
48 83
40 50
7 76
49 44
49 5
61 95
62 52
68 52
2 6
20 25
79 1
22 17
55 37
47 95
44 87
24 53
45 48
2 93
93 35
28 18
34 32
40 98
14 28
99 38
41 51
59 70
43 90
88 20
49 71
90 68
55 24
48 25
75 42
60 46
37 40
24 1
48 91
39 92
57 5
8 50
48 78
9 41
39 95
8 53
34 25
4 79
33 58
42 68
36 51
36 42
82 61
33 73
71 10
51 71
1 9
50 17
82 83
62 8
41 92
13 19
43 66
97 56
27 0
42 15
42 53
93 48
21 6
62 2
24 49
68 73
4 43
2 94
96 34
23 49
71 55
53 37
77 51
88 26
35 9
50 60
