6 100
70 24 26
53 33 33
68 33 19
64 78 27
71 45 21
58 41 26
36 69
15 4
52 92
34 28
11 75
91 67
77 96
51 14
24 96
7 96
16 18
92 2
29 72
41 10
19 26
25 90
34 46
31 63
96 43
48 86
24 39
12 16
34 9
19 11
22 14
51 67
31 72
28 79
14 84
15 3
24 46
51 89
47 48
22 37
12 34
62 64
16 1
66 18
20 67
59 7
39 85
50 47
47 58
66 95
53 0
18 63
23 53
69 77
90 80
37 4
43 74
92 46
35 14
21 48
24 94
54 13
94 0
52 95
27 12
47 93
22 81
46 10
93 19
56 45
44 45
20 76
29 53
50 23
19 46
87 23
78 91
25 77
74 18
29 21
36 46
0 46
22 26
95 57
35 22
80 86
65 86
95 85
85 24
54 66
67 3
57 2
39 81
67 11
17 48
26 40
37 4
71 71
35 42
93 35
50 58
53 53
15 72
90 94
25 8
46 36
