6 100
53 32 28
40 74 24
38 37 34
37 67 28
26 30 22
26 36 18
70 45
63 25
23 91
53 26
60 15
43 15
1 78
93 8
3 23
34 8
40 28
42 23
78 31
14 38
86 22
42 54
21 85
1 22
89 87
24 99
28 16
70 90
30 24
80 69
23 2
93 0
59 26
32 30
95 2
88 53
87 37
61 22
13 92
9 3
9 39
45 91
37 60
45 83
8 55
58 19
18 57
43 85
13 21
12 97
42 17
14 18
52 19
43 96
89 23
17 52
36 92
13 40
44 57
44 68
54 66
97 93
75 50
57 30
65 44
95 98
45 81
68 79
35 94
18 18
5 33
48 20
1 75
34 3
0 56
21 4
38 77
91 82
74 89
33 44
15 56
89 60
62 97
32 73
81 6
91 75
38 3
63 52
74 47
42 60
53 61
64 34
30 49
84 0
84 15
87 11
40 99
64 36
45 27
92 85
73 35
51 14
78 71
64 59
92 55
46 11
