1 100
46 39 182
4 36
85 3
60 50
42 14
7 40
83 42
38 9
2 73
78 59
69 1
81 16
11 47
53 9
22 51
21 64
36 85
42 31
40 50
32 4
22 90
12 73
71 35
15 64
22 21
19 14
29 49
53 41
92 86
32 11
34 26
51 40
3 56
60 52
10 69
84 14
48 55
24 60
83 97
69 49
74 86
38 83
60 86
21 70
24 53
20 36
78 21
13 5
99 98
91 32
10 62
56 28
35 92
65 40
96 29
6 97
18 65
31 42
15 36
8 48
62 2
35 57
91 4
57 86
48 59
96 29
88 17
98 67
82 68
8 61
61 45
3 38
40 54
90 63
16 2
32 19
50 25
59 7
88 32
22 36
24 28
35 49
20 25
94 8
17 47
30 0
75 52
84 45
64 77
84 40
28 71
82 5
69 6
84 21
66 40
4 43
98 21
24 34
33 91
75 79
75 36
