5 100
29 68 30
61 30 29
58 31 27
56 64 33
43 42 35
19 34
87 31
63 73
54 13
86 27
28 0
49 2
35 36
2 40
35 99
0 28
24 96
95 53
79 70
73 49
92 54
8 49
41 85
28 27
58 52
30 29
70 84
83 26
71 74
78 63
92 16
3 41
36 52
44 73
71 12
46 10
44 69
28 36
79 2
84 14
31 75
81 39
98 9
81 30
51 6
57 48
84 73
40 80
74 29
25 31
73 96
8 67
99 99
44 12
25 20
78 55
34 86
1 31
8 19
30 33
27 75
82 12
3 89
42 49
24 37
62 28
26 96
70 86
4 46
76 77
50 98
73 14
70 4
96 63
67 5
73 28
3 43
21 90
1 72
60 16
38 82
85 93
75 17
25 18
83 86
31 81
22 43
40 6
8 20
66 2
23 1
66 86
23 52
29 46
69 27
74 6
93 91
7 14
80 3
40 4
6 48
4 66
49 96
23 63
51 6
