5 100
45 44 21
27 72 39
71 55 28
45 53 39
65 65 25
76 94
94 89
20 9
40 72
95 96
87 58
95 54
6 72
48 67
14 22
40 10
81 66
98 64
83 68
82 36
76 96
11 53
9 84
17 89
37 85
70 34
8 10
51 85
54 22
36 53
15 19
54 24
98 43
87 45
33 25
10 18
70 90
27 49
11 6
36 37
92 47
87 8
14 19
89 41
11 40
52 53
34 55
96 68
49 83
30 20
89 80
89 86
13 0
74 60
38 90
14 64
39 5
74 60
33 22
94 94
13 74
92 36
65 0
72 62
41 44
38 91
79 48
95 69
38 32
36 3
76 78
39 94
26 52
33 19
56 97
64 15
99 98
45 93
92 56
81 84
65 68
15 5
1 27
8 9
80 46
54 37
27 75
76 72
79 45
23 96
45 8
75 70
15 45
80 90
1 56
1 70
47 90
5 11
30 68
53 83
57 41
88 47
16 19
8 31
76 91
