5 100
32 51 19
41 53 26
37 74 25
52 34 44
33 62 38
18 67
22 35
0 37
82 38
8 18
27 13
93 27
4 19
49 63
61 25
61 14
36 27
18 49
73 70
5 11
53 38
83 40
0 96
11 66
57 26
10 18
71 92
91 13
45 77
67 33
29 12
57 87
56 17
43 33
21 38
11 38
8 40
0 29
77 74
38 24
20 46
5 32
47 91
22 37
21 24
71 48
44 75
91 84
39 74
57 52
46 16
53 4
20 40
9 28
52 48
92 66
68 42
21 37
6 61
39 3
90 83
70 97
34 9
89 35
19 78
43 96
1 60
32 27
5 8
77 70
87 11
20 5
49 26
99 22
26 0
76 69
86 94
86 94
20 33
4 79
25 45
25 50
84 41
39 32
66 14
98 26
52 98
4 47
90 67
0 70
47 22
24 94
9 15
37 0
6 12
22 79
0 14
71 29
92 48
89 21
42 14
53 59
19 73
9 8
25 24
