5 100
60 34 28
47 32 44
31 33 23
58 32 29
34 55 30
25 22
3 87
20 31
99 72
26 92
67 1
51 82
7 15
30 62
74 20
47 59
4 23
99 5
59 5
38 61
3 93
67 76
66 66
90 68
99 82
55 35
8 73
85 92
64 74
2 26
73 95
6 34
19 66
96 1
25 8
3 17
72 31
57 81
72 72
27 65
17 18
85 86
12 86
19 58
58 69
18 50
1 91
74 22
68 89
26 0
54 52
66 45
65 28
46 5
9 46
58 19
63 83
14 90
92 91
48 64
61 9
19 12
91 34
30 49
39 26
40 12
3 81
88 6
37 88
89 94
86 12
70 3
80 66
77 99
90 63
98 13
95 3
46 96
58 68
53 28
96 85
73 28
32 66
67 64
96 52
75 5
69 8
7 99
17 95
11 38
60 31
80 10
10 91
10 43
8 82
66 35
11 77
32 33
13 8
66 69
13 28
44 29
18 4
17 73
36 16
