5 100
33 54 46
38 58 31
31 42 18
37 61 18
28 38 38
12 13
86 85
88 28
42 15
37 30
8 30
88 60
74 49
21 13
34 79
42 27
68 57
23 81
66 51
57 2
85 3
12 32
41 49
55 89
64 42
58 61
98 56
56 95
2 72
53 5
97 73
57 11
18 69
41 24
94 86
0 77
94 59
10 33
5 35
31 21
46 27
1 91
13 6
93 2
73 25
54 57
12 17
34 94
61 37
18 7
73 61
59 98
27 2
66 16
26 77
85 32
76 1
75 36
24 30
73 88
91 96
9 34
38 5
42 38
48 67
7 68
41 99
89 74
6 14
16 62
54 39
61 52
70 16
58 36
83 55
85 95
49 83
32 19
32 82
56 38
8 77
49 16
10 43
93 80
63 61
47 58
1 98
13 4
3 26
94 22
65 63
8 70
18 85
53 65
10 36
82 76
80 48
31 3
17 58
50 92
6 11
45 63
93 10
98 56
74 60
