5 100
55 59 35
40 60 21
65 38 29
66 30 32
45 29 35
0 14
69 81
92 91
33 52
60 62
14 64
64 19
50 75
42 50
9 22
90 72
91 27
85 63
71 5
14 86
24 62
55 74
21 23
71 45
46 53
55 29
21 96
34 35
72 98
12 46
22 17
78 14
41 27
71 56
93 34
69 88
50 44
68 15
82 0
16 72
98 15
21 6
86 73
90 55
55 12
60 35
22 65
40 40
19 23
84 8
90 73
12 94
34 98
82 83
91 49
83 76
35 53
69 68
86 58
93 10
84 83
71 76
62 38
2 50
85 46
27 4
71 97
65 15
78 34
84 20
1 83
37 21
45 15
67 70
43 84
6 98
26 91
19 28
16 76
25 93
93 3
79 89
94 86
41 62
49 3
97 90
67 51
34 63
48 49
11 38
81 35
83 23
78 32
13 5
42 9
92 80
79 3
81 61
7 28
93 9
16 44
51 30
36 46
12 98
55 48
