5 100
27 70 39
69 44 37
32 69 21
51 52 33
29 62 20
76 32
70 79
68 40
7 8
63 35
50 13
25 18
38 31
85 42
62 16
4 12
87 37
77 10
9 96
95 46
52 99
30 81
53 42
90 17
99 19
45 91
34 68
86 58
2 56
98 17
33 1
46 70
74 45
80 48
68 81
18 5
73 12
21 18
83 46
84 89
77 10
85 64
62 88
78 9
56 76
52 88
18 9
21 98
84 90
66 50
54 5
39 20
62 93
44 24
95 91
74 10
80 48
37 32
81 65
57 72
93 23
21 63
98 87
99 18
10 65
52 27
59 7
45 19
41 34
94 94
45 48
90 42
70 15
69 13
75 89
12 54
74 11
22 26
59 40
62 80
23 28
80 53
0 71
3 19
80 53
28 98
44 32
65 84
91 48
94 55
10 43
15 59
60 54
83 22
49 3
57 12
73 82
64 17
93 37
52 15
52 42
64 45
53 57
90 80
52 42
