5 100
59 40 28
47 54 26
27 66 26
32 37 48
34 74 23
33 18
8 10
15 20
14 66
85 43
59 59
18 72
9 98
13 64
58 39
36 42
41 41
23 45
31 80
12 49
54 49
36 37
31 43
73 36
90 65
19 64
77 56
56 10
17 83
82 62
35 25
83 57
15 14
27 14
53 46
41 19
47 52
45 83
64 95
38 93
2 51
70 33
99 26
85 75
8 26
90 57
13 75
14 75
17 41
0 32
79 77
85 25
94 83
43 9
69 28
64 30
69 92
58 22
46 18
78 11
46 53
84 53
61 31
70 74
93 92
96 23
50 96
32 81
28 81
35 19
97 58
47 28
97 8
37 92
93 68
39 68
62 43
29 22
58 7
86 93
74 32
60 44
84 92
40 13
18 28
10 80
88 98
71 55
66 32
54 30
60 33
22 60
59 0
22 7
28 27
47 75
97 23
14 59
80 48
78 59
70 56
83 88
33 60
58 44
9 69
