5 100
37 62 44
41 33 23
25 47 21
28 27 41
43 38 21
11 62
30 31
68 92
27 60
72 32
96 97
80 58
98 0
88 26
90 75
0 60
64 77
36 29
57 15
59 53
97 89
27 5
99 71
50 54
9 33
34 52
33 55
90 68
32 75
49 67
56 40
6 1
20 72
53 76
42 64
16 46
82 17
27 63
8 88
48 35
92 50
23 86
20 35
60 34
90 24
58 62
35 44
63 13
17 70
93 88
21 18
57 4
1 23
63 27
17 83
63 0
7 80
83 98
88 32
18 13
29 14
16 80
70 91
40 74
94 94
78 23
60 58
77 26
47 7
52 69
85 35
74 72
60 16
99 0
8 1
64 41
9 85
58 28
51 99
81 44
77 94
56 79
81 48
24 13
87 38
98 45
36 99
45 34
95 52
61 92
35 10
31 72
4 9
55 43
36 67
40 33
44 54
60 84
24 52
90 11
2 0
20 18
0 12
30 99
99 36
