5 100
47 71 25
41 64 26
64 47 48
30 41 32
45 55 23
32 37
92 73
87 33
68 34
77 74
56 70
69 54
92 34
26 29
26 85
79 31
60 94
32 5
2 54
71 27
42 91
97 93
82 25
14 53
92 7
62 91
79 96
97 52
2 83
12 52
52 33
33 5
31 3
96 23
97 60
58 29
79 39
85 89
55 82
8 42
27 27
3 81
59 57
72 71
52 71
71 32
56 92
16 22
18 21
48 14
45 40
91 77
96 39
76 76
57 55
38 15
8 5
74 49
24 97
53 63
43 30
49 33
71 53
9 77
39 89
41 87
69 45
38 77
68 52
61 22
27 37
87 25
7 2
72 27
16 1
69 87
87 52
61 58
37 64
35 25
46 18
25 72
46 7
26 97
82 74
78 5
15 63
94 28
93 60
20 44
47 75
84 32
54 30
21 98
20 10
38 6
92 50
87 40
56 34
30 61
0 37
15 35
62 40
44 93
23 19
