5 100
68 32 37
36 70 18
43 32 33
31 66 25
51 62 39
95 72
91 44
79 54
50 77
35 34
17 60
21 1
34 71
93 51
71 81
24 44
3 87
38 62
85 37
65 88
49 86
75 4
25 87
15 60
61 49
38 27
2 44
91 86
92 97
3 48
51 47
90 99
47 2
9 85
73 85
69 71
11 95
61 80
75 65
40 48
61 31
25 90
90 92
23 39
19 44
62 90
68 61
40 8
57 51
13 38
9 97
71 46
64 45
44 16
73 93
73 42
18 60
49 6
5 65
62 48
74 84
85 70
41 81
66 56
20 15
45 45
79 27
57 71
40 5
40 82
33 57
15 53
94 54
21 16
96 27
74 88
6 71
39 59
42 51
61 21
33 58
31 34
94 31
22 20
23 1
75 57
28 37
93 43
15 75
64 73
97 4
2 1
0 10
6 14
33 82
60 90
71 35
20 45
58 35
27 45
11 87
34 44
87 56
46 38
45 87
