5 100
56 33 25
44 26 42
41 49 22
60 33 26
52 29 36
70 62
1 70
29 17
68 34
66 60
78 44
14 92
4 0
99 6
13 72
84 40
8 18
85 67
63 46
75 86
48 33
96 16
1 2
41 37
4 69
60 39
80 76
1 3
55 45
96 33
71 17
33 86
58 20
8 22
61 15
29 17
89 97
54 12
80 25
42 40
46 54
10 54
96 18
57 75
52 6
76 98
75 95
64 83
62 6
77 71
51 81
66 10
52 43
59 43
35 14
4 35
11 11
9 10
34 48
91 17
69 54
0 24
67 16
22 78
39 18
89 32
42 30
65 23
57 6
98 96
28 35
12 61
11 68
92 63
7 66
14 80
21 73
63 7
95 59
59 1
54 76
34 75
23 43
30 39
45 54
94 95
22 51
54 6
49 20
11 34
18 73
82 40
56 19
28 12
40 98
10 96
18 62
39 78
28 30
77 46
7 12
59 69
91 51
5 48
63 89
