5 100
36 50 28
51 35 30
59 60 24
40 26 21
44 64 49
74 46
65 43
60 63
6 88
22 79
28 85
36 83
52 19
77 20
3 12
13 21
45 68
62 78
40 62
40 64
95 5
21 94
69 59
80 10
84 42
48 1
10 26
0 43
51 55
51 70
56 38
20 96
69 50
70 29
1 5
86 21
68 15
85 77
95 61
33 50
24 46
2 27
68 44
89 15
67 5
49 30
94 50
98 16
0 81
92 30
70 7
68 4
19 81
95 97
63 48
99 43
44 73
93 43
22 20
37 81
33 44
48 97
29 49
62 14
23 93
54 61
70 55
36 9
87 76
7 33
53 49
16 67
17 41
78 18
23 32
2 77
73 85
41 83
49 87
36 52
65 90
26 26
74 17
2 26
1 47
35 86
23 87
84 71
25 79
58 94
66 44
60 20
95 77
69 19
32 94
48 37
47 89
40 37
20 45
35 57
86 37
83 27
69 27
95 28
70 74
