5 100
38 30 35
70 64 27
33 73 39
70 33 22
58 32 28
48 46
86 43
5 16
87 86
78 19
19 90
85 80
47 95
91 42
76 56
73 5
13 37
88 69
93 69
80 14
0 45
49 23
95 42
77 78
84 63
11 27
47 33
97 99
37 22
89 98
2 84
27 93
12 21
98 56
94 87
64 9
48 44
81 73
55 10
19 17
1 45
90 81
60 48
95 76
0 2
10 77
60 7
59 63
39 5
48 91
47 29
59 6
54 18
57 25
11 32
10 20
3 44
81 66
41 58
38 68
99 79
38 87
85 43
25 57
1 25
26 74
98 94
90 69
25 2
68 91
76 71
0 52
71 12
17 24
16 99
78 77
34 27
22 5
52 50
71 98
49 74
26 62
75 12
89 22
51 12
38 64
29 9
83 95
93 82
74 56
61 84
6 12
60 55
85 51
67 72
23 84
20 97
95 85
45 55
78 70
89 91
6 56
40 39
31 88
87 55
