16 100
42 23 13
39 7 12
98 44 11
81 62 8
92 95 8
7 11 16
94 31 13
40 28 15
95 37 12
12 58 9
82 33 7
15 89 16
85 40 13
3 27 11
22 39 7
40 14 11
51 4
32 56
64 68
44 41
96 6
20 61
65 80
73 91
42 5
62 6
43 8
91 3
57 13
72 3
57 72
69 78
67 58
20 65
23 67
31 52
73 18
62 78
76 57
72 6
25 23
14 95
99 21
22 79
29 68
16 31
12 22
79 40
31 93
43 91
65 27
38 6
41 2
40 92
29 14
5 1
11 18
24 15
65 30
99 61
30 59
23 53
20 70
32 84
85 92
34 1
63 6
60 10
82 40
51 52
88 56
32 92
71 61
72 25
8 72
0 19
73 42
26 97
72 37
46 9
49 43
19 72
45 43
91 14
57 42
4 3
76 72
6 42
35 34
2 93
47 87
84 42
62 50
76 17
43 21
86 52
23 6
99 59
6 97
92 11
77 76
84 89
66 80
5 83
82 46
4 61
24 26
83 69
93 5
74 66
25 0
23 85
19 57
99 54
76 41
84 10
