16 100
59 87 11
71 53 14
49 50 10
98 50 11
94 28 7
95 93 12
99 87 14
53 80 7
14 77 15
60 39 12
65 5 14
48 24 8
55 2 17
88 5 7
95 11 9
81 74 16
7 71
41 28
28 65
71 82
55 78
51 60
29 56
31 37
87 12
51 60
43 21
74 39
11 94
26 82
12 83
77 39
77 41
25 52
57 65
79 89
4 7
62 42
73 5
48 26
80 10
39 90
36 45
97 12
24 8
0 49
11 6
86 51
38 83
52 73
11 83
92 56
31 40
64 56
89 91
50 14
89 40
84 97
27 64
94 19
0 75
23 48
84 12
51 24
27 17
41 36
99 76
28 70
17 85
79 14
80 0
24 36
85 95
23 75
58 47
98 72
20 45
38 33
7 49
53 86
5 91
47 2
33 36
67 40
54 78
82 2
78 48
22 31
62 95
29 9
53 43
87 0
87 52
56 94
67 72
38 13
45 77
74 62
0 45
3 15
53 38
64 80
44 35
78 97
66 98
15 30
38 27
65 38
27 7
74 1
36 55
6 60
68 72
83 69
58 60
42 73
