16 100
39 0 8
26 81 14
12 28 15
74 69 16
98 93 14
50 95 12
27 3 15
57 6 9
49 42 8
97 9 16
67 44 7
80 80 9
22 10 13
82 13 8
85 25 14
77 45 6
41 24
46 6
70 16
30 62
56 11
48 59
2 92
15 21
11 43
19 92
52 30
11 19
62 1
39 95
97 69
19 34
14 34
62 65
23 42
49 20
1 36
15 76
72 9
22 80
35 31
22 10
8 34
30 8
50 88
57 15
63 45
5 49
57 49
48 8
11 37
76 84
85 12
31 50
33 92
54 51
52 46
81 21
70 14
37 71
71 7
82 82
50 30
69 93
77 8
89 75
31 96
47 30
9 15
4 52
63 30
81 18
8 66
73 50
32 73
33 86
62 17
38 32
89 72
48 83
75 93
43 84
69 21
85 0
88 96
95 36
25 82
1 52
33 56
95 46
80 92
30 27
37 34
45 77
44 25
87 47
39 20
95 64
4 62
51 60
24 23
30 46
60 35
20 37
23 97
66 16
38 69
29 37
91 36
82 2
30 84
58 72
85 63
60 76
51 99
23 73
