10 100
76 21 19
85 92 19
22 60 22
54 90 16
34 71 12
79 82 17
12 85 19
84 23 10
22 75 8
1 66 14
69 7
77 6
31 85
75 84
68 47
96 34
80 27
95 46
93 62
32 0
80 44
55 90
4 39
39 7
93 62
6 78
59 79
0 50
44 36
76 66
1 86
26 84
10 24
72 82
51 50
62 91
53 88
48 21
23 77
71 78
62 34
50 6
39 91
32 11
58 40
28 92
39 58
30 29
72 22
73 20
30 31
2 97
6 40
35 21
52 11
17 99
36 95
19 49
28 0
61 92
83 23
60 98
33 82
10 9
57 18
35 11
9 33
13 94
48 87
30 88
68 7
18 51
27 40
81 51
17 39
24 77
23 65
39 14
13 8
77 58
15 31
57 85
45 31
83 3
3 70
37 87
6 58
7 41
38 99
69 0
37 0
48 61
2 45
66 91
73 47
80 69
82 7
68 21
79 15
72 49
46 33
7 83
40 75
48 99
32 1
71 66
52 95
82 48
88 31
1 4
