10 100
11 23 8
54 61 17
90 14 16
77 94 21
3 72 17
31 29 20
89 53 13
61 56 9
93 55 16
71 82 20
63 52
32 77
35 10
55 27
72 71
99 46
79 95
88 20
8 33
74 96
99 44
48 34
86 38
1 2
74 80
1 79
76 14
65 93
32 51
22 4
78 42
86 74
16 48
97 67
76 16
20 27
29 16
45 65
86 47
78 60
63 90
10 50
72 63
3 73
61 73
36 44
59 62
92 29
96 69
11 23
96 74
96 20
20 9
80 5
3 2
6 55
12 18
19 5
37 94
19 44
87 3
61 54
82 63
78 91
8 25
86 20
69 35
96 19
6 28
76 14
53 38
92 52
32 45
33 58
28 40
17 53
36 64
38 42
99 73
96 46
83 89
94 4
51 1
24 82
81 59
89 22
96 99
60 96
88 76
57 1
26 93
44 57
85 79
84 84
23 0
39 42
31 13
67 71
17 23
95 44
23 88
31 13
57 41
53 94
76 41
80 52
26 30
57 77
9 47
51 75
