7 100
51 53 14
54 54 29
52 48 15
49 47 16
48 45 26
52 46 33
46 53 18
54 28
10 67
37 68
30 90
74 89
93 73
63 0
82 61
10 42
0 48
13 62
19 40
12 16
70 99
12 27
28 82
79 75
59 29
10 54
31 15
52 49
88 76
21 47
95 19
6 39
18 98
18 70
90 16
44 93
84 35
48 95
7 92
91 35
75 22
28 4
36 34
67 3
69 76
10 51
3 41
24 93
23 71
1 83
94 47
17 23
98 99
38 52
28 74
15 86
65 88
42 59
47 48
70 68
62 0
0 89
82 19
68 69
95 18
8 5
49 18
63 68
64 30
57 1
22 99
51 71
87 56
43 82
80 28
42 67
94 61
2 58
79 65
3 56
38 60
31 19
20 13
47 1
48 10
89 74
10 83
62 21
8 88
81 80
78 51
71 99
23 51
65 74
79 63
20 82
58 24
32 64
65 90
77 5
95 86
58 82
75 19
54 56
87 42
32 29
1 11
