7 100
53 52 21
46 54 19
51 50 24
45 45 15
53 53 12
47 51 31
49 54 32
73 67
67 50
30 44
60 17
28 28
87 32
42 79
35 33
90 9
62 77
89 52
57 65
82 83
21 61
56 75
86 38
87 32
79 87
5 88
82 46
51 44
62 24
95 80
82 42
67 89
64 46
73 71
24 95
18 97
48 18
86 93
49 10
2 72
59 94
85 68
33 69
81 91
2 58
64 3
14 7
67 11
13 61
1 8
94 76
63 29
63 25
57 84
41 54
60 31
2 2
72 49
18 45
24 85
74 31
73 12
23 46
80 25
79 27
97 97
64 18
5 58
6 35
91 79
16 50
63 73
38 2
92 68
89 70
56 35
1 6
52 94
31 64
89 84
67 17
33 84
1 14
69 6
32 45
85 45
40 20
4 73
86 7
98 48
14 38
44 72
52 31
50 90
7 58
69 20
27 73
80 96
86 33
67 45
86 10
23 13
68 78
56 61
84 55
90 63
20 30
