7 100
48 45 21
47 45 14
45 46 27
51 53 29
51 48 33
50 45 18
53 49 14
86 56
11 62
47 73
18 57
89 74
78 8
4 82
96 41
60 63
52 51
60 74
91 60
37 7
33 65
99 22
87 87
92 96
73 16
97 78
2 4
34 5
67 61
28 63
63 24
4 25
61 29
5 95
99 93
29 61
30 95
11 62
11 14
93 45
77 0
91 93
66 59
10 11
23 10
57 79
65 79
38 24
94 17
39 80
5 81
48 74
96 62
67 2
14 56
45 42
54 95
52 67
39 56
48 37
96 91
22 24
33 46
74 17
77 36
74 91
65 30
12 44
9 22
28 64
9 62
18 83
59 40
47 18
87 16
55 87
42 95
30 6
23 83
3 37
95 42
89 76
92 68
5 78
53 45
32 14
77 51
77 88
17 39
90 53
35 51
1 53
69 73
42 37
28 50
51 32
45 62
55 57
82 16
14 36
23 38
65 16
67 42
89 58
64 99
34 7
82 53
