7 100
46 48 20
52 50 16
51 51 24
45 49 27
47 46 17
53 45 35
46 47 14
98 50
64 10
70 11
96 60
0 95
17 74
49 85
86 18
1 34
61 58
93 32
80 68
28 81
36 34
33 16
48 80
26 15
28 9
29 70
29 31
86 47
22 56
67 28
52 40
23 45
74 95
44 2
31 54
54 21
48 57
10 70
54 67
67 70
99 69
7 38
36 22
36 9
50 86
77 12
59 66
29 89
91 53
9 15
21 4
87 85
67 40
51 5
90 88
79 35
29 55
72 61
8 51
16 62
63 91
57 16
22 97
56 34
3 42
31 3
39 82
66 54
27 64
19 44
0 85
23 67
23 41
9 14
70 47
58 51
40 17
77 77
68 87
46 97
35 73
66 85
18 34
67 93
10 99
7 83
26 86
75 56
95 97
82 1
14 7
86 73
13 31
65 93
77 94
68 68
67 22
54 97
74 54
8 82
33 68
15 97
34 22
18 91
85 25
57 97
77 50
