7 100
50 52 18
51 46 19
48 51 27
48 45 24
49 49 27
51 53 23
48 45 16
52 76
36 57
13 17
48 76
24 50
94 19
68 28
96 68
95 56
13 98
69 35
20 84
15 69
31 30
11 21
88 70
21 9
86 6
70 26
40 43
89 34
72 96
42 96
30 66
74 19
20 70
91 59
35 61
14 45
64 51
9 45
93 47
77 26
23 26
85 12
85 52
65 74
26 32
85 71
90 82
9 54
28 90
6 82
20 96
52 98
60 82
39 91
6 27
52 11
94 35
89 39
68 28
12 22
99 41
98 87
66 42
91 53
16 88
65 14
79 75
95 32
65 24
46 75
66 98
57 54
9 81
31 23
98 85
88 42
92 38
60 21
85 63
82 16
32 52
96 72
45 93
88 30
25 4
94 45
11 3
65 75
18 37
44 95
7 41
9 77
10 90
45 30
36 59
26 59
72 66
28 41
60 17
13 47
3 86
13 27
7 81
54 72
17 85
85 81
70 45
