7 100
53 48 26
50 48 18
48 54 25
51 49 17
50 52 23
50 53 21
51 51 20
35 82
34 64
87 23
15 36
22 55
9 23
98 68
82 76
60 71
10 61
50 90
9 42
89 80
67 11
98 91
46 40
43 9
20 66
93 90
29 56
72 52
77 86
76 53
77 32
26 80
83 98
62 81
95 23
29 53
64 74
0 19
53 47
64 5
16 39
80 59
59 46
98 84
0 97
56 24
25 85
91 52
52 10
55 70
22 5
82 61
4 63
13 69
85 77
89 96
47 90
62 84
33 5
10 37
40 34
14 96
39 55
96 80
64 71
51 33
51 71
29 64
4 2
96 60
31 37
41 45
88 64
1 11
3 48
32 87
32 39
78 10
5 53
66 39
29 41
22 95
66 34
80 72
93 40
87 96
72 61
59 7
75 57
39 49
11 96
1 92
45 82
18 10
80 19
45 31
71 22
60 57
89 74
64 69
15 84
68 33
94 14
82 37
24 13
95 7
10 84
