7 100
46 47 30
51 51 26
46 51 22
46 46 13
50 48 14
51 52 23
46 54 24
57 59
21 8
70 76
99 29
65 21
72 74
33 9
44 73
82 60
23 68
74 22
62 0
71 74
79 96
76 54
95 87
26 52
33 26
78 78
91 17
87 25
44 90
52 17
89 63
64 27
15 93
86 54
4 27
74 33
93 89
52 79
86 21
7 39
23 44
53 65
92 37
71 40
91 99
6 51
42 52
7 92
54 77
88 12
95 23
95 43
92 71
73 61
48 95
7 89
96 76
46 76
57 15
51 70
47 31
60 59
68 0
71 58
21 55
0 62
30 61
47 41
98 11
20 38
20 14
13 49
13 38
97 26
38 13
50 22
56 66
0 20
28 75
42 29
98 12
92 40
75 87
3 81
99 10
61 14
37 72
72 56
58 67
39 41
7 54
90 16
12 47
75 10
14 3
8 55
59 45
48 78
88 44
85 50
33 13
11 14
0 2
57 70
69 43
12 83
87 40
