16 100
26 93 8
83 3 16
99 99 9
95 62 14
34 43 14
30 30 18
56 79 18
61 20 14
37 80 10
16 91 14
93 81 9
98 40 11
60 80 10
72 86 16
86 29 7
30 58 11
8 18
44 17
9 65
91 65
19 64
13 58
68 49
6 28
64 86
14 12
33 77
16 85
72 12
72 29
84 86
89 28
16 89
6 98
3 46
68 38
59 88
88 51
27 27
99 7
80 36
79 21
36 80
94 20
43 44
80 72
78 80
52 40
48 58
19 87
33 5
57 67
48 88
45 12
37 52
32 27
41 71
51 20
47 66
76 25
73 5
8 65
64 55
94 76
16 45
81 21
27 38
73 18
74 34
85 66
79 44
51 35
26 94
52 72
53 45
82 74
18 50
76 73
65 11
70 42
60 97
75 46
11 8
36 82
91 57
19 83
50 27
92 16
38 71
81 97
33 19
9 28
26 28
24 76
34 52
19 81
14 7
98 99
31 19
95 34
75 72
94 4
45 99
82 87
86 93
54 81
24 19
88 27
79 23
40 59
32 91
25 18
57 28
70 80
70 49
83 52
