1 100
19 58 150
17 95
27 30
73 25
6 64
84 10
74 35
57 44
23 49
46 65
17 40
77 39
61 71
71 15
35 74
78 57
83 12
4 82
45 20
72 92
12 24
96 5
97 24
4 91
22 8
69 52
20 23
77 48
50 66
27 27
3 7
49 12
19 18
23 71
37 41
14 5
12 70
30 82
20 5
37 87
93 51
36 37
85 71
33 24
47 89
97 65
89 24
2 41
41 90
18 52
68 61
13 34
58 40
99 84
37 79
25 23
59 13
49 89
30 72
91 26
90 10
23 97
29 10
35 49
27 29
8 30
83 50
31 44
3 73
42 65
46 80
88 19
57 59
66 35
62 92
10 90
31 29
14 3
49 31
8 61
53 37
81 88
43 64
47 9
77 55
83 74
84 94
28 31
3 41
86 99
93 47
93 49
11 57
42 89
21 50
14 12
43 27
13 29
73 78
73 0
79 80
