1 100
79 31 150
0 51
60 48
23 1
82 77
80 6
72 81
41 74
42 1
34 36
22 35
75 9
60 75
52 61
53 82
84 47
20 62
18 33
50 59
27 47
95 87
53 65
49 19
89 8
18 74
57 47
84 9
28 64
44 78
35 76
71 19
14 42
45 19
12 28
94 8
43 23
49 90
76 36
60 19
28 2
78 11
37 96
91 41
52 66
48 21
67 70
10 48
66 1
19 15
25 44
79 93
59 7
88 39
66 87
47 7
29 63
41 85
72 60
50 65
29 24
42 16
1 36
78 6
74 84
51 5
64 8
46 6
68 38
88 21
67 60
29 33
25 95
40 4
32 48
88 31
65 40
67 59
20 92
16 80
98 94
95 54
69 36
28 39
77 98
12 86
26 95
0 7
5 87
87 0
60 94
54 83
91 39
88 9
11 73
69 56
62 87
18 58
67 71
44 13
41 87
3 4
