1 100
76 88 150
59 56
19 59
54 39
2 80
91 46
14 35
12 55
25 54
3 82
22 59
73 32
98 16
73 24
49 66
21 62
20 81
87 31
72 91
95 0
88 86
4 43
72 17
57 94
73 80
2 48
89 50
69 54
75 85
70 40
8 3
19 74
38 95
23 37
45 83
17 52
53 76
67 67
7 98
67 96
25 33
50 96
42 40
20 20
84 79
40 93
6 23
90 47
18 19
73 29
23 16
55 84
57 2
69 6
84 77
50 10
16 62
25 41
92 72
25 96
90 31
65 93
56 44
5 64
60 56
50 26
95 79
42 71
17 91
77 46
6 41
29 41
41 3
99 42
89 13
59 6
22 89
53 49
28 37
18 0
80 9
82 76
35 70
89 27
11 44
5 80
12 2
59 89
25 57
40 73
23 16
67 33
16 16
38 99
6 39
96 69
50 98
48 94
36 37
99 28
9 68
