10 100
35 28 27
51 97 26
84 48 21
33 78 25
23 62 30
67 56 5
29 40 5
80 76 3
81 18 4
34 92 5
82 10
73 9
60 0
96 21
23 15
50 76
43 27
93 84
94 49
22 45
50 64
60 71
72 94
41 57
82 92
3 19
17 24
52 75
91 59
21 15
24 13
57 27
47 52
74 76
62 64
51 52
74 52
36 14
36 8
60 45
77 37
20 63
21 73
33 14
74 94
98 12
75 76
82 82
75 51
88 13
75 84
11 56
56 83
57 58
51 44
54 56
15 93
35 79
20 75
51 51
63 25
58 0
45 71
0 32
11 67
19 45
76 92
42 55
15 6
32 1
59 84
98 47
43 8
17 40
40 74
54 34
4 1
53 16
45 61
19 52
86 62
6 16
91 35
70 69
43 88
67 66
67 64
4 20
25 75
70 44
82 5
18 76
24 69
8 82
21 62
9 58
15 15
36 13
87 93
6 14
87 90
99 0
89 70
59 94
34 54
76 79
54 99
26 62
45 83
77 48
