10 100
30 62 30
89 54 23
59 48 25
60 82 25
19 63 29
57 83 4
90 45 4
92 30 6
99 84 5
76 79 4
53 81
32 51
4 0
62 48
87 5
41 35
91 38
81 66
97 64
23 41
88 61
67 90
90 21
96 6
75 25
85 97
84 5
74 17
72 0
79 43
27 60
93 34
32 65
38 24
94 26
59 63
71 60
52 72
41 87
76 1
63 71
82 90
70 44
35 77
98 60
29 83
61 45
69 63
35 77
59 49
56 45
20 59
87 18
47 9
83 83
49 96
4 5
86 35
43 53
41 40
35 80
58 68
6 28
16 82
85 30
64 87
92 11
46 52
4 86
19 64
86 80
62 88
75 25
27 68
89 24
83 9
15 7
44 86
55 62
36 63
25 57
54 81
89 26
61 7
40 34
95 12
48 95
50 80
54 45
50 35
39 40
26 4
34 31
7 40
30 80
40 91
26 65
23 79
24 49
54 5
12 94
97 85
45 90
71 27
92 51
35 85
50 6
29 84
75 65
78 92
