10 100
32 12 30
45 55 28
79 73 28
33 36 29
1 73 27
15 31 2
0 30 2
23 76 5
15 8 2
35 39 2
20 88
65 63
82 68
71 95
91 57
41 91
82 27
18 22
87 99
61 85
30 76
43 69
46 99
6 66
13 0
69 31
64 95
71 44
17 5
40 60
38 43
1 57
22 50
6 15
40 92
93 44
75 76
14 70
82 1
26 9
26 72
65 0
51 10
97 94
30 32
55 60
41 70
48 4
30 92
62 68
27 64
11 90
52 3
69 1
6 65
45 40
11 98
20 55
67 76
58 3
64 76
68 94
89 70
17 85
17 89
1 85
55 37
6 93
84 72
61 76
75 44
84 54
8 42
32 18
87 17
83 5
1 72
36 91
79 68
14 66
50 46
16 72
66 9
77 26
39 96
58 83
20 19
37 56
85 50
0 82
88 77
76 85
34 18
50 33
52 24
13 36
38 69
87 85
58 28
46 1
51 84
5 39
55 18
58 9
30 39
24 82
23 90
60 52
87 13
22 93
