10 100
93 32 27
68 0 22
36 42 28
87 80 25
8 70 26
18 61 3
48 14 5
71 56 4
43 29 6
61 68 5
59 4
68 62
21 29
15 68
41 90
74 79
47 85
12 83
92 85
65 45
88 20
95 64
53 35
47 5
20 2
82 61
49 60
66 93
42 10
61 72
29 78
99 37
10 12
48 69
7 4
19 94
82 89
45 88
50 7
93 24
72 95
93 10
21 3
53 23
11 45
86 0
60 16
41 23
27 47
17 64
38 43
70 1
40 50
22 73
20 35
68 28
42 65
34 73
36 83
49 80
19 42
76 67
35 46
92 41
63 27
11 24
78 5
88 4
35 98
52 13
97 57
94 59
86 8
2 11
81 16
32 24
68 34
10 49
29 32
11 26
81 92
88 87
52 21
98 78
13 57
25 56
41 33
50 76
28 63
25 46
55 60
75 43
1 48
38 36
61 71
2 48
31 0
4 65
55 80
25 1
28 94
72 15
79 8
68 25
83 91
70 3
31 15
57 98
94 14
77 54
