10 100
76 42 26
74 35 30
67 56 28
98 6 25
88 28 24
56 49 3
24 42 5
21 71 4
64 84 3
2 61 3
83 40
58 34
67 79
64 45
12 20
27 80
17 22
42 42
62 21
67 64
39 63
18 17
49 80
27 7
43 57
28 29
92 12
68 82
90 91
37 58
45 73
79 52
61 57
18 56
93 3
4 26
53 70
74 8
21 10
52 79
84 73
5 23
68 12
69 95
59 76
54 30
16 71
4 90
64 54
63 31
7 91
43 13
73 0
37 37
36 11
4 67
40 95
16 86
32 75
42 54
49 98
78 91
30 85
93 31
13 32
82 92
40 37
20 48
46 9
54 30
8 80
89 30
9 40
86 65
66 50
82 56
44 47
18 8
62 70
18 42
70 43
10 29
34 54
94 4
23 19
56 88
15 88
50 75
33 55
70 43
7 40
36 96
94 44
22 64
58 68
3 4
54 16
69 96
10 77
29 40
13 93
68 59
40 64
32 2
57 57
54 60
14 31
12 96
41 34
51 38
