10 100
70 71 31
81 73 22
57 5 22
44 90 31
15 88 29
62 43 6
1 16 4
47 19 5
15 57 3
35 33 5
58 64
86 86
21 29
66 4
8 58
65 71
68 8
82 72
12 90
12 8
12 81
41 37
85 2
62 98
25 88
72 28
63 61
61 95
28 27
93 19
21 92
61 52
31 77
71 21
20 68
7 75
39 35
83 60
2 85
67 37
83 39
75 19
87 5
80 5
96 18
76 31
26 30
46 31
78 27
8 24
15 50
64 29
41 22
53 96
56 60
42 61
45 5
17 67
96 36
59 86
70 95
26 62
35 96
47 53
34 42
60 42
81 0
83 11
66 48
31 50
91 73
54 35
76 63
1 48
20 96
53 54
37 32
13 26
27 9
18 81
12 87
61 58
6 53
26 56
89 21
53 8
5 16
49 23
48 52
30 32
51 97
34 75
79 49
95 8
28 91
25 26
60 87
27 78
3 39
67 83
92 81
61 88
75 2
48 43
55 66
1 49
60 42
28 79
37 48
56 45
