10 100
34 82 26
15 92 25
4 58 28
98 44 27
15 89 28
95 53 4
77 47 4
12 40 4
35 28 5
89 25 5
16 90
0 88
67 34
15 4
51 99
52 52
98 87
65 82
45 5
86 9
94 48
4 54
33 7
97 41
74 5
27 30
94 11
13 59
17 26
32 55
29 17
27 1
82 78
26 97
41 74
22 65
20 58
34 91
18 86
27 96
81 3
82 72
44 57
44 15
22 1
72 19
98 15
97 32
23 15
55 58
37 69
98 30
15 63
31 93
82 60
67 30
23 49
84 79
46 96
43 48
83 26
22 36
68 98
70 98
2 19
9 95
82 32
76 60
72 87
61 66
94 15
42 74
56 1
66 84
8 63
80 61
22 62
90 6
36 61
22 19
74 77
97 21
18 80
77 37
60 56
33 91
55 52
51 26
54 2
40 7
21 99
97 55
88 94
48 55
78 64
10 35
22 64
74 78
91 61
93 13
61 51
97 51
97 75
46 27
66 77
86 12
84 5
79 50
29 25
91 67
