10 100
76 12 27
79 56 31
53 65 28
86 5 25
10 7 25
41 4 4
21 87 5
27 63 3
14 28 4
68 12 5
31 57
15 73
11 30
55 73
26 40
51 23
64 22
76 64
52 14
50 2
77 34
50 92
76 2
65 23
44 46
35 25
47 56
65 43
86 6
77 55
10 67
98 9
58 49
26 52
39 52
31 85
33 70
2 27
43 27
64 64
80 9
13 39
0 15
74 37
82 27
64 9
2 57
40 92
72 35
29 26
14 30
28 56
84 79
49 53
71 4
54 8
40 71
55 60
76 44
91 44
47 55
90 36
24 64
4 27
66 35
2 12
72 85
86 21
43 50
55 50
86 0
62 55
52 91
57 7
89 59
57 34
3 15
45 54
34 95
16 73
78 5
99 47
54 55
31 98
31 95
87 45
83 99
93 83
0 11
58 45
39 2
54 33
58 20
31 19
82 74
17 17
6 31
23 51
62 54
96 61
94 43
97 19
74 78
41 9
4 49
96 3
7 19
39 62
54 77
5 56
