10 100
11 27 31
96 35 25
64 43 31
97 98 23
10 11 26
7 93 3
20 19 4
20 82 3
81 71 3
76 77 5
43 6
10 70
96 66
51 90
62 99
81 71
0 98
84 4
38 69
84 22
90 29
46 92
64 24
93 91
19 67
4 55
41 23
26 85
48 77
67 9
24 79
41 47
88 36
18 60
57 50
56 0
31 69
18 6
89 67
55 85
98 2
63 52
19 17
54 75
43 17
52 51
29 45
71 18
31 51
74 54
1 81
23 71
5 86
35 52
99 37
12 64
71 50
79 53
46 69
32 33
56 5
24 49
21 65
76 51
61 36
29 98
43 55
47 17
29 99
77 0
80 40
85 46
46 11
86 49
9 33
6 21
14 55
47 60
48 76
0 53
48 20
20 30
41 66
37 69
31 71
12 70
71 58
87 93
75 78
26 36
58 35
37 63
22 87
38 75
14 70
27 13
40 81
40 93
60 45
33 18
50 6
29 86
4 28
25 26
85 37
22 76
16 4
91 8
95 35
7 48
