2 100
13 29 97
0 99 65
5 6
20 67
76 56
56 63
35 22
99 80
13 54
68 81
93 53
35 91
82 79
32 12
95 0
24 98
33 38
5 88
26 79
19 84
20 73
45 45
24 18
12 59
44 41
11 77
60 82
41 22
97 51
58 15
6 39
2 7
79 73
60 10
98 12
55 77
8 26
28 86
98 8
1 74
18 77
32 68
92 64
55 92
66 92
16 15
70 80
2 48
20 17
76 92
80 5
51 89
58 91
5 42
44 0
76 87
6 62
12 83
99 90
37 6
37 50
22 69
50 47
37 71
27 56
16 80
50 77
73 7
92 27
44 22
67 66
45 69
60 88
6 10
88 84
16 52
67 93
35 3
4 30
68 31
55 2
72 34
76 86
33 48
31 85
61 66
74 84
50 85
26 65
95 36
41 56
77 33
45 71
36 51
50 88
65 55
24 26
67 28
8 31
4 30
34 24
19 76
