2 100
28 29 52
92 90 108
19 90
23 77
5 82
53 76
66 59
91 2
60 27
36 2
56 13
88 64
80 53
31 83
55 22
98 15
90 36
77 90
75 75
34 72
20 79
70 69
65 76
96 8
71 78
77 59
13 12
63 15
95 88
24 50
51 63
73 72
41 5
77 81
70 10
51 52
78 93
35 15
81 23
97 6
18 95
40 43
59 85
21 53
97 98
43 32
55 42
20 92
65 33
64 80
22 90
78 98
99 51
2 71
94 64
88 54
63 57
31 86
46 58
78 8
80 9
19 48
66 23
52 78
17 28
63 79
67 89
57 0
52 27
1 85
67 85
81 0
41 54
41 67
76 69
29 92
65 62
5 38
28 82
94 49
21 34
69 70
81 27
44 19
41 28
72 59
66 67
2 38
40 74
34 14
75 90
6 11
15 24
61 85
65 42
36 29
54 27
75 92
5 71
0 96
31 62
67 66
