2 100
70 49 70
77 95 90
72 44
47 5
17 15
41 46
19 0
62 1
96 34
60 6
24 45
31 11
28 20
31 19
53 6
90 4
55 2
0 69
71 35
90 99
59 79
43 0
49 8
7 5
91 24
44 78
31 90
42 97
26 76
84 53
59 32
95 63
75 11
92 37
74 57
9 23
70 77
35 53
62 90
66 28
23 8
27 81
15 67
38 1
91 27
58 58
77 2
45 78
17 56
63 69
14 11
77 21
43 47
74 29
29 76
35 35
27 40
35 40
90 18
12 58
93 10
46 9
6 20
60 79
81 83
49 13
29 15
41 66
40 16
5 5
47 4
43 29
27 8
7 72
43 32
22 5
64 74
37 71
79 8
15 8
61 16
19 55
5 74
29 89
45 7
76 32
96 39
41 44
34 83
57 37
57 72
36 36
30 88
98 62
73 38
93 55
25 47
67 78
64 69
8 74
60 53
27 67
