8 100
53 57 11
66 32 11
30 53 22
60 64 21
47 36 19
49 61 26
40 30 24
64 64 18
45 9
95 46
70 37
79 52
94 68
47 75
67 51
84 51
86 36
30 60
42 57
77 69
98 14
37 17
22 25
68 63
7 41
62 42
56 92
21 0
34 34
75 67
34 64
72 44
16 15
54 84
25 10
9 97
32 23
64 67
98 5
8 71
82 85
5 94
22 74
89 93
56 6
7 29
88 5
91 28
43 69
82 84
82 95
76 87
86 63
99 31
13 88
51 74
7 43
47 23
6 87
10 68
68 32
11 33
40 78
38 47
90 64
64 13
22 69
93 13
19 52
54 44
10 76
31 22
29 60
41 53
62 17
57 68
27 34
74 14
43 99
31 94
89 3
56 93
66 18
55 91
40 27
13 84
62 11
23 59
13 20
86 66
79 15
12 70
99 28
68 1
12 21
74 63
24 99
28 55
97 50
48 5
61 63
75 17
52 37
23 7
76 65
50 92
20 37
70 3
