8 100
43 43 25
29 70 22
49 66 20
36 40 23
50 63 22
31 71 19
61 71 13
27 49 13
5 42
23 42
24 17
89 20
54 59
41 23
1 41
4 88
98 76
62 3
41 78
41 85
46 69
28 40
87 78
0 68
38 82
69 2
67 14
89 95
99 19
77 21
66 23
86 91
94 13
53 98
38 29
94 51
10 5
66 86
76 60
62 46
35 90
1 48
49 59
15 91
41 50
91 69
45 59
39 30
66 78
16 29
40 80
28 97
50 96
2 11
4 13
15 66
63 54
74 73
75 37
73 57
37 19
37 27
49 85
44 23
6 18
19 93
99 34
38 52
57 68
42 33
60 77
43 7
1 54
20 84
84 37
62 30
88 71
57 53
80 55
50 55
44 15
10 82
45 71
38 79
50 91
73 26
74 96
14 32
45 23
69 85
81 76
69 37
3 8
59 78
88 98
85 50
91 66
98 23
9 23
35 55
75 92
22 82
5 30
79 43
53 42
72 22
18 59
91 31
