8 100
66 70 24
74 67 22
73 44 14
31 25 13
38 56 20
62 51 12
66 33 25
26 59 27
84 90
21 83
15 91
42 25
5 40
99 96
75 18
51 50
88 8
87 25
55 93
19 69
56 33
75 66
38 11
54 68
64 26
8 39
76 39
88 8
54 84
53 56
18 60
78 84
33 90
94 80
63 28
86 86
32 59
19 4
85 4
39 20
12 59
43 34
58 9
32 21
51 62
16 80
74 39
7 63
63 84
48 29
85 71
5 94
49 18
53 14
60 82
74 76
35 23
1 59
26 5
82 65
23 3
65 97
53 29
3 31
75 40
33 2
43 64
69 59
32 18
25 69
8 28
78 36
65 89
20 83
66 49
46 21
74 36
14 3
70 48
42 1
49 65
77 8
93 74
76 76
72 49
23 23
65 98
76 52
25 38
12 63
16 79
71 34
96 21
77 5
4 11
78 6
13 3
24 5
51 53
39 75
16 89
39 23
72 17
64 28
29 64
37 28
66 82
96 98
