8 100
52 33 21
40 32 8
67 35 26
29 60 23
39 53 26
66 56 26
26 49 19
33 45 8
82 67
96 4
52 11
90 20
79 42
14 70
40 24
83 83
33 10
44 45
48 27
60 99
88 23
23 38
35 33
96 0
94 43
88 18
62 94
12 44
27 24
45 47
96 64
44 45
17 16
30 6
76 95
75 53
89 58
56 42
18 37
97 18
21 58
39 78
27 59
73 76
38 28
0 78
7 39
4 89
95 14
5 57
85 44
9 0
23 36
75 60
59 49
83 40
70 92
84 98
95 50
3 1
92 36
98 29
37 5
17 14
71 9
77 79
58 44
59 98
31 19
81 69
24 6
8 12
21 62
39 77
37 13
58 85
94 57
99 56
31 11
95 53
5 1
50 47
74 33
49 75
82 24
32 14
80 0
23 29
14 86
94 77
43 41
33 43
25 82
75 7
16 59
92 66
71 25
70 85
34 14
60 72
80 66
4 72
19 46
96 6
39 85
93 55
87 16
65 25
