8 100
65 49 7
61 33 20
65 49 25
35 51 18
60 72 15
55 57 16
63 47 25
50 56 25
66 60
87 46
11 85
15 67
49 77
61 31
42 87
80 1
97 10
84 70
22 31
46 17
66 57
94 84
99 59
79 44
94 78
14 88
91 6
62 73
66 19
12 74
2 49
15 38
72 3
17 7
14 71
91 65
2 19
15 41
68 91
32 87
39 50
84 65
14 26
55 95
47 81
56 85
6 22
46 48
93 86
22 21
71 24
88 66
88 49
5 45
1 83
77 30
24 75
51 78
40 73
25 0
77 26
81 17
74 75
49 48
16 51
76 21
60 23
75 88
38 25
71 29
75 33
36 71
70 54
23 10
36 32
13 58
48 90
92 53
19 65
30 21
76 93
86 2
98 85
66 32
39 34
31 38
43 21
36 57
22 50
84 78
21 67
87 94
59 92
50 7
46 24
38 42
44 22
97 81
1 96
3 6
51 22
98 33
51 45
98 1
56 11
95 4
43 58
51 34
