5 100
49 50 25
51 52 39
46 48 25
49 46 23
50 54 38
67 11
58 54
75 89
8 18
90 49
50 2
19 3
45 50
57 25
1 13
38 15
4 58
6 77
57 48
50 88
75 91
61 53
85 77
87 66
52 75
59 19
37 57
98 63
15 77
97 80
80 31
5 80
8 79
86 87
68 57
46 37
93 85
40 32
55 74
10 73
85 74
50 35
1 94
9 78
62 79
90 43
80 45
14 77
99 79
98 48
0 5
25 78
1 0
35 33
96 72
58 70
57 38
92 47
76 88
15 35
86 24
62 15
54 40
90 75
3 4
56 25
91 11
51 57
76 35
34 70
7 68
33 91
48 26
89 15
23 77
98 83
40 91
25 16
7 43
65 16
4 82
85 75
61 58
31 21
39 94
41 88
24 60
45 53
32 39
31 24
72 51
9 35
11 20
89 28
38 73
35 29
28 3
64 75
88 67
83 95
40 20
48 29
62 49
67 97
72 37
