5 100
48 53 32
52 53 34
50 45 27
51 53 26
50 51 32
33 34
72 0
67 2
77 52
91 50
50 91
60 49
99 5
48 54
61 5
45 63
3 56
15 17
14 72
65 35
65 80
58 4
7 28
3 73
24 24
51 14
45 12
80 23
59 81
51 42
19 66
48 61
44 0
16 95
10 83
68 99
55 62
86 25
54 1
75 18
79 45
46 76
69 39
57 77
60 37
88 38
10 19
42 6
78 31
24 52
48 49
83 26
75 66
87 22
93 67
35 84
18 46
59 51
38 67
65 78
53 87
58 72
88 80
65 12
78 24
14 84
71 97
85 93
85 2
67 70
50 23
56 22
2 73
49 26
41 72
64 62
9 8
80 2
85 37
48 71
19 45
33 29
33 53
65 71
17 91
91 29
56 19
88 49
14 57
20 24
86 24
31 43
94 67
29 1
68 98
82 62
13 21
33 41
97 75
1 79
60 72
72 68
34 24
20 43
62 39
