5 100
54 46 17
46 47 36
54 48 42
47 48 17
47 46 42
19 23
87 93
37 72
54 75
36 23
45 60
93 15
39 61
37 2
69 26
57 83
63 9
90 50
67 85
25 95
26 90
73 47
78 59
99 38
56 36
5 87
93 75
95 60
11 57
34 3
47 92
38 15
41 5
54 93
33 19
58 2
76 8
64 95
56 26
95 70
96 74
10 66
89 88
84 73
74 49
18 90
54 97
84 75
85 8
68 41
77 69
69 78
44 49
72 94
22 60
15 96
4 49
69 30
63 92
36 60
69 65
24 92
76 50
85 78
37 34
33 58
92 97
31 43
43 80
14 20
35 16
7 74
59 96
4 25
32 1
47 17
76 34
89 54
90 79
60 85
95 43
42 53
95 76
97 30
58 92
95 73
85 18
34 15
31 14
36 16
23 62
22 88
26 98
59 2
9 21
7 17
73 73
51 68
60 65
85 69
1 15
65 84
55 41
53 14
75 40
