5 100
46 53 28
45 52 28
50 46 36
52 51 26
47 46 36
55 56
44 63
20 10
83 20
20 3
86 9
15 48
91 24
52 0
21 87
12 8
30 74
81 51
63 2
11 99
75 44
40 21
48 87
81 48
83 44
38 20
94 29
79 55
35 50
46 26
97 74
42 41
95 57
60 90
97 13
44 71
7 68
20 19
1 88
74 30
52 62
59 51
95 80
99 29
4 11
17 13
92 63
35 5
52 91
41 5
67 7
75 35
12 79
74 26
71 51
39 8
2 90
55 21
20 0
85 70
79 68
79 12
69 27
32 81
4 68
55 30
52 17
8 36
60 34
98 7
6 72
63 99
56 57
79 16
40 38
23 85
28 13
84 5
31 8
51 28
86 37
13 70
18 82
0 86
62 56
8 94
32 27
71 57
89 15
11 6
69 12
4 16
93 44
63 84
81 2
26 37
2 33
63 71
37 50
23 72
94 38
14 5
67 79
66 95
22 82
