5 100
52 46 15
46 52 25
46 45 38
48 49 35
54 47 40
84 45
95 22
57 40
72 86
86 3
76 57
42 23
98 25
46 80
35 86
77 17
33 18
81 11
43 72
91 0
90 6
84 69
31 22
43 41
3 22
71 71
81 38
24 90
81 73
95 35
45 21
79 14
40 87
88 25
40 72
79 81
2 38
29 16
75 16
36 8
3 20
60 2
22 77
68 67
95 62
29 46
92 63
35 73
39 53
78 18
23 77
97 40
3 58
12 97
37 78
54 88
66 33
39 45
8 20
38 59
59 58
73 97
95 57
17 51
41 12
16 1
28 83
76 25
20 1
80 43
79 82
17 52
47 3
21 80
46 14
61 17
21 47
71 27
12 82
41 55
8 33
25 86
41 87
90 68
64 63
8 6
69 25
44 90
78 73
6 1
98 47
43 94
43 71
52 58
38 52
20 48
44 13
95 69
85 70
12 59
56 13
7 50
7 10
46 65
10 68
