10 100
31 53 21
11 22 17
65 68 13
26 16 13
73 31 21
37 61 19
83 25 16
39 31 11
67 17 16
96 59 11
47 73
75 18
18 62
16 85
88 38
51 69
83 90
21 26
13 66
42 27
18 91
14 95
88 35
51 21
40 33
82 8
66 47
19 73
93 75
64 77
52 79
97 37
85 33
85 67
28 39
29 73
38 40
64 43
68 80
48 54
45 14
21 94
65 89
36 11
39 12
89 39
11 64
27 66
3 42
3 50
0 80
86 64
30 63
16 76
71 64
65 72
89 64
72 93
33 52
36 88
94 29
92 33
73 43
12 39
97 60
32 15
84 27
44 72
41 89
31 59
84 39
1 1
92 13
56 31
96 81
53 60
33 33
26 99
89 20
71 92
72 57
90 19
13 83
84 91
48 2
99 68
90 10
40 80
1 98
86 5
81 96
76 6
8 17
30 7
64 59
53 63
96 49
44 97
61 75
52 6
20 34
47 77
44 82
68 97
93 58
96 33
41 25
43 26
81 95
63 17
