10 100
90 53 19
29 3 21
68 42 15
89 1 11
60 16 25
18 43 17
28 90 13
25 53 11
68 89 13
58 31 14
24 72
18 17
82 80
94 97
7 8
85 67
49 47
28 21
45 47
53 70
49 92
69 33
2 72
29 70
1 18
32 60
68 34
74 68
53 55
57 96
71 89
64 67
15 6
86 55
32 55
75 15
32 26
5 53
90 4
7 65
69 71
45 0
2 97
21 58
83 7
37 65
37 7
45 88
37 93
59 14
44 35
34 74
23 83
89 37
80 41
71 14
44 1
37 7
27 17
70 58
3 13
88 67
75 37
66 51
19 30
56 27
75 8
8 16
77 33
59 42
72 83
1 81
36 10
56 7
11 93
30 74
80 60
14 44
23 56
37 62
13 91
92 87
25 11
28 62
89 14
82 86
93 88
69 50
97 40
56 0
3 30
28 15
25 49
82 89
34 60
19 18
32 27
98 24
65 94
16 29
81 89
23 1
57 24
16 47
43 77
57 73
99 53
5 98
92 19
62 3
