10 100
28 96 22
17 95 11
14 54 8
56 85 12
4 96 22
38 10 14
67 68 20
69 96 10
41 95 19
89 77 16
25 11
53 31
90 77
59 75
53 24
69 30
26 91
50 78
5 96
11 53
20 1
32 38
98 38
33 85
50 85
5 21
78 84
50 21
71 59
38 65
25 29
44 20
32 1
10 25
95 1
35 89
10 13
72 62
62 84
44 48
66 14
48 29
66 10
92 97
50 83
6 48
13 93
85 94
77 84
13 43
93 14
98 73
50 5
37 73
20 29
14 46
45 41
62 60
50 86
10 44
14 61
1 85
16 36
75 72
91 42
66 95
99 77
40 62
25 89
77 57
73 53
26 87
14 77
76 22
98 81
72 18
59 2
14 48
35 20
96 6
80 56
90 39
3 25
23 25
35 52
91 85
32 4
16 88
50 58
72 31
17 35
65 20
9 76
48 0
69 69
16 8
72 19
26 78
47 4
43 41
10 44
16 74
29 41
39 56
28 47
43 40
21 41
2 66
63 93
21 88
