10 100
82 65 22
31 94 16
21 97 15
85 28 16
60 47 22
23 91 17
71 64 14
47 24 14
22 67 12
52 13 9
92 70
72 32
43 19
51 35
68 12
43 52
40 37
90 56
1 32
44 59
81 58
76 90
90 45
36 70
31 89
81 97
44 43
28 57
30 57
39 30
77 17
1 27
9 7
57 40
61 95
39 84
18 18
19 36
57 73
55 89
76 47
1 61
21 0
43 27
10 7
73 71
27 78
82 35
78 73
25 91
85 45
27 23
27 88
56 27
82 52
17 60
29 22
55 81
80 65
67 95
41 10
88 21
49 5
65 34
1 60
75 92
47 54
8 62
84 0
18 8
90 67
27 11
88 3
95 32
85 92
73 7
26 19
97 68
96 63
68 94
39 95
18 64
27 56
10 27
50 20
66 25
5 49
16 57
69 7
85 17
81 0
8 13
59 35
56 3
54 34
23 51
87 52
85 83
94 0
12 79
8 17
10 23
62 47
94 43
67 99
32 44
66 80
69 17
14 84
13 42
