10 100
0 33 15
62 74 10
82 3 14
2 77 11
33 61 20
19 86 12
20 24 19
29 42 18
27 96 22
99 50 12
3 92
66 97
55 63
55 21
98 61
32 49
51 81
71 76
9 14
10 13
80 18
40 16
97 98
24 30
81 49
68 22
28 27
73 90
57 36
20 27
38 32
43 62
52 27
52 83
0 2
81 51
82 93
65 5
38 48
66 69
88 1
71 87
77 3
70 98
59 23
88 24
57 73
18 44
23 21
31 31
44 28
78 93
17 1
53 40
90 37
60 25
60 45
26 2
43 10
91 2
35 98
70 90
32 94
79 89
17 85
1 39
63 62
31 24
14 86
24 32
95 57
49 77
25 0
17 42
47 96
32 94
47 58
63 36
90 67
42 50
54 7
68 18
61 35
91 81
2 64
93 0
60 17
63 77
20 55
48 75
88 61
67 16
99 61
46 90
12 34
98 96
6 57
95 36
22 34
92 73
51 95
83 15
75 76
72 46
59 82
87 18
62 83
89 96
0 32
98 89
