10 100
48 29 13
36 38 10
1 89 17
84 80 12
99 58 18
12 74 10
12 43 23
94 30 17
37 3 21
35 58 18
0 69
32 34
80 10
11 22
44 3
96 40
87 17
28 71
89 99
18 1
33 26
18 59
99 46
19 70
87 14
78 31
92 41
8 46
7 89
56 34
80 91
31 47
47 89
86 45
81 91
59 70
13 10
30 1
35 35
28 31
98 67
40 28
12 14
46 10
57 39
71 75
80 84
96 30
64 59
74 44
70 37
94 27
15 9
56 3
97 8
37 64
0 34
68 34
75 7
34 92
55 25
33 20
52 54
46 56
52 79
72 82
16 32
10 60
23 35
23 98
37 61
90 49
73 3
43 50
16 8
20 40
3 24
11 57
58 14
71 52
18 22
97 18
81 97
35 57
29 16
49 0
95 52
39 79
27 74
78 75
60 58
29 93
19 10
97 47
56 90
16 16
74 37
89 39
9 63
1 28
27 72
52 3
89 1
77 29
45 83
97 89
88 96
30 20
43 36
8 37
