10 100
10 85 14
65 49 19
66 49 16
42 83 13
89 13 20
99 53 9
68 37 18
61 8 16
52 86 14
41 26 11
78 41
92 97
53 80
87 78
21 6
47 65
50 83
7 15
53 93
56 31
25 56
79 4
37 23
83 61
19 82
38 57
51 82
24 52
62 53
36 99
13 41
53 82
14 76
7 6
91 11
19 44
45 70
12 93
68 17
70 65
2 30
77 64
57 52
93 35
8 69
2 17
57 20
15 87
29 87
90 89
31 67
26 43
97 40
86 32
82 31
42 94
99 24
18 13
21 93
93 36
30 49
94 56
57 51
24 60
14 47
29 0
76 29
70 74
53 54
21 29
36 6
95 20
8 26
14 27
76 24
54 90
20 32
89 18
63 34
89 92
32 37
92 33
78 49
0 89
21 39
80 60
9 69
38 34
47 79
91 71
59 47
34 91
88 66
39 21
6 82
8 56
39 18
36 86
28 4
21 65
59 96
88 23
17 70
93 38
38 1
24 30
33 9
69 23
58 97
38 1
