10 100
27 4 21
19 68 21
46 37 9
0 55 13
7 50 9
24 94 13
60 71 15
8 66 15
24 48 21
36 89 16
18 71
41 5
84 94
79 24
31 6
64 58
93 66
17 61
82 33
40 10
69 9
79 5
34 66
70 76
62 22
67 67
26 19
86 44
43 25
18 70
92 99
6 99
57 53
10 76
18 56
58 75
98 5
70 92
40 78
33 69
16 74
4 46
56 4
90 56
13 13
54 6
10 35
60 79
33 3
19 55
24 9
14 6
8 12
70 99
8 16
55 23
4 65
83 62
90 53
83 63
61 19
87 51
87 61
40 55
44 86
7 2
81 38
32 93
75 66
39 1
2 93
57 55
67 24
64 82
16 21
56 16
47 3
2 55
65 42
40 95
2 34
83 12
29 98
7 95
61 95
58 65
27 25
34 93
64 19
2 81
61 9
26 70
76 57
70 84
89 31
97 41
99 28
67 6
54 22
57 24
80 35
64 34
62 94
75 77
15 92
28 54
37 95
50 54
4 0
15 55
