4 100
23 82 67
32 79 59
92 7 29
25 59 48
58 98
62 82
97 64
14 38
91 70
10 89
24 90
68 99
43 32
42 27
37 75
13 38
75 12
8 93
83 72
67 67
72 19
3 1
73 76
21 34
78 85
52 25
27 32
85 40
10 76
61 23
46 72
46 54
60 59
48 26
88 61
63 9
55 62
51 21
17 37
26 69
60 68
72 28
78 32
43 75
4 81
2 37
40 64
8 3
47 57
87 95
81 39
56 61
40 0
94 42
15 25
52 63
24 82
36 29
52 24
10 18
38 69
59 69
70 53
51 89
46 12
19 79
5 44
17 16
62 53
48 44
72 8
26 96
90 84
75 16
36 13
77 44
58 28
67 9
60 86
76 45
18 10
11 47
30 45
46 16
85 46
47 19
58 86
40 27
7 94
60 83
47 88
82 96
80 74
28 66
9 90
7 15
79 78
22 30
88 54
2 50
69 2
81 55
4 91
77 78
