4 100
99 81 38
36 12 63
99 36 59
8 98 43
80 78
70 62
66 70
86 43
9 17
1 62
6 44
98 31
41 73
77 47
95 25
41 83
36 47
65 97
68 42
45 11
26 44
75 91
20 23
3 80
88 88
67 7
28 9
11 60
38 29
34 49
74 16
40 34
99 56
3 50
99 41
21 80
66 0
32 49
20 84
68 92
69 50
44 20
75 42
59 64
62 90
23 41
5 55
46 14
25 76
79 22
82 95
62 73
95 56
92 11
68 92
92 67
20 2
52 64
99 75
83 49
10 48
61 38
94 99
2 8
17 90
70 3
35 71
99 76
62 31
30 77
95 3
87 20
77 59
29 45
35 72
13 5
97 11
37 59
2 5
44 75
78 70
31 48
36 57
72 73
52 54
85 8
40 7
24 11
98 47
61 15
25 38
50 13
3 54
56 18
28 41
0 13
72 4
59 58
37 72
22 35
79 14
67 77
29 68
97 23
