3 100
84 77 76
51 36 41
35 37 33
41 53
67 25
84 71
84 16
51 12
49 62
63 76
10 86
87 22
88 80
39 38
85 57
68 77
13 8
39 23
73 31
37 22
59 66
81 42
82 78
3 50
35 35
44 21
60 59
76 47
52 75
29 45
57 85
94 92
35 14
72 86
0 32
16 95
21 63
56 95
11 33
64 57
30 79
64 64
73 65
16 59
11 60
79 30
76 68
10 11
5 54
35 15
1 54
27 12
60 86
58 24
86 0
89 76
6 0
18 90
55 8
94 19
16 76
96 17
14 25
94 87
27 93
9 21
25 91
78 71
4 10
84 53
33 82
90 53
73 59
68 65
4 51
97 56
7 68
61 98
21 76
61 8
80 38
22 69
70 30
49 32
95 44
30 82
4 92
85 66
23 20
57 44
86 3
69 17
51 48
46 18
69 3
58 45
98 52
60 23
30 44
76 75
62 56
40 70
11 56
