3 100
54 69 62
50 44 60
66 53 28
92 54
46 84
53 67
87 35
90 75
98 49
95 9
6 4
20 69
70 98
77 33
99 68
26 26
60 17
17 5
43 25
73 19
55 45
30 31
99 2
6 85
93 82
23 76
62 56
69 54
24 3
32 81
66 14
68 7
20 49
13 73
15 43
99 73
83 59
33 85
53 17
23 62
54 27
19 64
25 20
87 20
79 1
48 24
15 36
74 68
35 78
47 82
42 26
0 59
88 11
82 4
60 36
46 97
67 97
44 95
40 12
0 27
30 50
8 65
85 47
30 84
66 10
33 41
96 9
62 46
67 19
93 85
10 40
77 3
72 72
29 77
50 31
86 92
25 87
69 41
25 45
21 61
28 71
82 51
37 58
50 21
97 39
27 23
6 3
96 50
98 53
92 25
53 43
71 89
80 15
34 28
29 66
21 84
69 26
25 4
40 49
28 15
6 81
2 10
93 35
