3 100
52 46 50
82 39 35
65 57 67
93 26
94 37
73 75
0 51
34 72
10 87
20 28
59 15
63 31
87 69
32 1
52 66
86 24
86 56
97 14
36 41
54 21
49 27
61 73
43 61
76 42
18 35
81 59
44 30
36 47
56 97
17 33
49 94
66 5
8 75
84 47
12 91
35 25
15 22
2 32
36 5
54 48
49 53
4 28
17 50
48 82
11 22
79 36
3 33
48 11
10 97
8 45
52 60
31 77
54 38
77 11
59 18
44 74
40 1
75 50
1 72
70 60
76 37
73 79
75 39
26 99
80 39
85 12
75 82
14 72
35 28
66 60
27 14
67 74
56 65
17 33
72 24
36 44
95 71
89 7
96 30
71 33
62 89
4 95
2 77
70 71
87 22
51 81
49 69
33 83
64 55
68 86
27 22
61 23
32 45
39 61
39 4
0 35
83 68
89 51
61 73
6 15
88 54
84 60
69 97
