3 100
70 71 61
58 21 26
83 63 65
78 94
1 40
6 1
32 87
36 70
52 67
19 88
72 41
10 58
54 66
55 7
3 95
51 62
37 75
5 73
30 68
90 44
42 7
18 8
63 26
22 18
86 90
57 64
47 38
49 82
58 65
10 43
50 84
55 79
82 31
44 98
68 11
95 50
68 94
84 33
95 4
33 23
56 16
95 45
25 90
78 74
99 8
71 60
93 5
11 99
74 96
7 25
92 54
42 80
2 17
1 67
84 76
74 23
81 20
55 39
61 44
34 10
10 42
8 84
99 90
11 48
65 35
20 6
99 31
40 1
57 94
89 54
20 60
67 70
37 45
41 9
28 21
96 13
12 69
26 66
79 36
82 38
64 93
90 16
74 46
19 97
7 51
75 11
20 30
31 43
2 67
98 53
37 96
24 51
98 36
25 15
73 23
49 99
18 84
57 22
98 1
2 95
13 88
71 54
30 87
