3 100
29 16 61
34 84 50
31 84 41
64 69
43 5
88 94
22 12
3 63
81 40
71 20
68 98
93 18
41 96
30 44
31 18
19 58
46 85
51 70
78 26
5 67
92 40
32 38
0 69
98 58
27 23
44 1
63 84
22 42
60 4
73 54
76 30
30 22
43 71
58 82
72 32
33 98
86 18
70 29
58 94
5 48
68 71
36 12
47 2
59 18
96 29
5 37
16 68
97 54
47 70
87 92
54 68
45 81
59 9
18 85
98 47
39 64
24 37
15 49
33 11
30 39
63 75
59 54
68 59
1 50
18 39
78 6
2 96
9 96
22 30
63 21
20 64
54 35
8 14
62 44
21 14
17 51
22 33
7 83
49 98
20 52
92 32
53 47
13 55
87 73
69 82
19 83
28 71
44 4
81 15
69 10
92 90
73 69
1 37
11 51
52 60
86 40
6 83
89 65
3 68
79 41
42 47
26 24
21 64
