3 100
73 75 67
57 63 36
50 65 49
34 46
61 7
5 95
24 0
0 21
70 76
12 51
12 38
75 38
92 50
45 21
70 45
34 69
44 58
71 20
6 64
42 13
0 51
25 87
46 96
76 0
81 90
71 47
81 88
21 27
67 67
37 49
24 9
43 71
35 15
57 45
66 62
9 28
15 38
94 24
17 17
44 76
27 58
24 69
96 97
83 9
88 61
55 70
54 27
6 65
89 9
36 52
13 52
28 79
12 82
89 22
69 84
2 38
6 21
33 39
69 31
18 7
72 21
29 3
40 36
96 23
52 86
49 86
59 58
44 1
83 72
99 37
0 45
57 10
63 80
20 77
74 63
88 20
91 11
82 2
1 78
17 56
30 14
62 8
43 58
80 47
6 88
30 72
46 67
79 3
38 76
56 1
13 87
52 67
14 92
88 96
99 85
16 90
50 20
91 96
66 80
41 56
35 20
31 10
97 65
