3 100
66 30 32
55 66 57
26 59 62
88 83
32 63
91 25
84 49
55 92
54 30
12 11
20 96
34 88
28 81
54 7
55 98
30 5
57 58
97 72
23 64
70 78
54 98
62 41
70 61
3 83
48 79
96 76
26 68
20 41
67 39
6 63
50 94
8 26
54 45
75 75
47 46
82 57
22 99
29 86
90 39
22 10
89 97
2 26
53 25
56 70
2 83
15 25
22 20
43 80
68 26
26 35
13 44
57 90
33 91
58 25
96 75
72 35
91 95
16 97
39 21
8 17
6 11
18 44
10 1
4 6
96 80
2 97
86 45
83 40
26 76
69 62
14 66
31 10
43 64
72 75
90 19
48 34
70 78
11 83
31 27
74 35
48 79
7 33
33 38
89 25
5 22
27 78
44 75
82 69
16 12
61 59
74 68
65 51
81 34
97 68
25 33
82 62
40 84
49 18
51 88
24 91
11 42
69 10
32 49
