3 100
23 15 68
80 58 24
25 41 59
64 95
50 29
81 42
73 0
54 8
22 32
17 99
64 75
17 26
71 21
3 66
7 59
17 36
20 41
68 78
86 15
71 35
0 50
30 7
32 80
56 18
62 72
79 44
78 38
67 71
34 77
65 73
67 12
21 57
13 95
9 65
87 16
67 18
34 78
38 21
73 50
85 18
9 97
25 3
9 18
31 92
38 46
59 34
82 17
10 79
43 15
28 35
6 83
13 47
29 55
69 65
98 87
92 34
71 79
56 4
93 3
40 45
13 34
0 74
54 95
7 47
85 97
26 40
2 37
76 17
14 94
28 17
10 85
78 20
15 47
15 12
90 10
99 46
64 96
98 72
52 57
86 62
19 27
13 9
40 44
33 38
89 92
1 90
3 90
80 43
0 50
83 6
57 25
16 15
69 42
75 46
35 82
34 42
56 89
95 21
16 64
31 57
40 87
54 63
70 83
