3 100
44 29 44
24 40 56
80 63 64
32 38
90 67
37 94
1 86
4 87
20 52
94 96
23 55
54 53
67 62
15 40
33 34
68 44
80 89
54 59
14 44
37 16
18 42
18 53
61 35
99 49
82 8
48 18
0 1
82 65
32 75
65 43
80 40
13 27
70 25
50 6
52 22
79 13
78 1
38 1
67 69
85 0
89 63
23 56
64 75
43 93
25 78
82 22
70 60
23 63
19 59
81 73
55 35
69 58
73 2
99 20
44 36
83 53
57 49
21 89
18 19
21 42
32 6
67 73
42 92
37 9
81 42
32 56
98 63
2 23
23 89
39 38
85 92
36 84
62 49
17 6
1 35
22 7
7 58
67 33
87 74
65 25
47 30
69 68
21 43
89 63
16 25
4 67
0 78
89 45
53 39
4 32
46 2
36 39
39 79
91 78
27 67
91 72
18 40
33 59
40 36
67 81
31 4
34 81
50 4
