3 100
75 62 72
24 50 38
29 78 40
63 36
66 66
25 40
86 69
35 30
57 21
2 17
93 64
77 18
2 12
80 90
4 99
6 15
6 35
55 39
7 0
51 95
60 80
9 17
90 37
34 55
37 92
68 60
24 82
88 91
7 53
10 62
63 30
2 23
43 92
25 39
18 62
87 68
32 25
48 23
19 5
80 14
73 7
5 83
43 32
93 20
19 54
52 2
93 16
36 88
50 81
31 20
13 76
67 57
96 62
29 33
0 55
19 34
67 88
11 32
22 95
99 9
18 12
36 33
55 82
15 99
73 34
4 16
12 12
56 12
71 70
87 15
63 57
21 85
15 92
54 87
19 99
82 24
90 7
70 4
54 85
34 13
83 82
47 49
28 4
61 11
17 26
3 81
59 61
48 93
22 45
88 87
39 10
80 35
76 19
88 84
35 81
44 3
62 22
76 58
91 77
99 61
42 89
61 68
9 44
