3 100
22 41 52
41 76 47
66 48 51
54 27
58 48
58 13
44 42
17 20
16 88
55 49
77 38
89 81
76 10
46 77
12 48
21 67
65 59
67 51
17 45
34 74
45 92
84 5
84 75
37 58
8 91
83 91
71 39
57 83
1 51
35 68
34 48
42 40
66 54
81 37
4 73
30 46
86 24
52 75
50 66
16 87
93 29
97 39
67 40
5 96
61 82
88 89
81 76
63 12
84 28
29 82
95 57
20 92
95 10
4 67
34 88
52 43
85 49
95 22
91 56
25 71
12 33
18 99
77 53
20 45
86 22
99 79
23 20
60 42
43 93
12 61
65 70
8 34
16 90
61 29
45 78
42 89
91 64
4 83
79 0
29 49
10 22
35 21
11 27
46 37
81 63
31 2
73 26
92 54
81 93
7 91
57 4
54 66
48 27
50 55
43 6
38 3
96 14
20 65
65 18
9 19
3 72
61 85
79 10
