2 100
44 46 76
43 52 75
36 92
77 28
72 65
60 59
95 25
7 43
53 37
95 40
8 76
99 23
32 84
1 53
0 27
85 2
6 26
15 4
52 25
16 31
77 47
19 31
39 47
83 66
95 40
20 90
78 86
64 85
26 67
96 11
43 44
10 65
66 22
77 71
28 84
55 78
53 26
18 35
66 12
45 22
34 78
41 47
51 33
28 30
81 45
81 75
91 55
24 67
20 17
59 89
27 61
36 72
9 25
80 41
69 4
92 4
80 17
76 12
97 44
60 61
57 75
7 88
4 92
93 44
77 24
77 50
86 53
22 71
46 48
6 35
54 69
23 91
67 38
94 47
49 13
97 20
70 67
65 38
24 67
80 47
74 25
5 20
3 63
91 50
76 80
58 87
46 31
33 32
56 29
39 45
42 55
80 42
52 35
52 9
66 6
26 48
34 28
27 39
64 30
22 97
71 19
67 99
