2 100
41 45 91
41 49 90
37 65
80 87
2 6
13 24
76 19
95 11
18 15
80 99
56 18
32 15
34 97
29 42
82 94
51 12
79 29
83 1
53 59
63 63
20 80
11 68
20 76
99 8
77 35
58 61
28 17
94 96
97 7
35 39
34 53
90 54
96 80
99 67
5 88
42 10
77 10
57 9
15 76
99 24
39 50
17 41
54 81
60 5
0 3
18 31
8 14
39 77
27 21
32 44
67 39
14 98
84 27
47 63
66 23
28 62
78 37
7 76
47 71
30 32
91 17
88 87
15 55
99 46
93 74
22 26
36 63
63 48
24 19
81 33
69 82
8 53
47 49
30 61
23 86
70 15
65 47
53 76
69 30
22 66
59 53
64 49
88 19
22 0
94 6
80 5
45 74
20 52
80 78
90 62
74 73
35 43
20 66
85 52
9 89
44 77
93 70
19 27
36 89
24 68
68 97
89 15
