2 100
49 55 86
51 44 64
87 35
83 48
32 24
59 44
91 15
50 27
23 28
44 91
82 75
76 72
22 3
84 83
87 1
2 55
67 81
80 6
61 71
98 68
41 92
39 37
13 42
92 35
61 69
35 88
71 63
1 73
36 80
70 90
35 69
53 32
0 31
66 28
40 52
99 72
83 96
23 26
83 33
68 95
1 22
63 44
57 81
26 10
55 55
67 1
17 6
90 58
5 62
39 80
46 82
82 77
48 17
71 87
68 49
87 30
51 0
4 4
7 79
44 39
55 90
57 2
88 2
59 22
1 72
96 96
48 47
46 22
52 15
69 43
61 66
8 80
66 67
74 79
52 87
4 52
89 25
3 37
9 76
12 9
27 21
14 98
2 32
93 93
47 77
29 48
38 69
21 95
47 36
4 1
37 70
86 21
46 93
58 31
21 14
91 62
54 29
36 17
80 44
76 10
82 25
36 11
