2 100
56 44 96
55 48 88
94 3
90 13
13 48
33 62
78 56
5 7
71 89
8 72
15 60
82 11
81 52
53 48
99 56
44 30
54 4
55 68
60 3
61 14
94 56
99 79
70 35
99 79
75 90
22 88
48 90
1 44
51 15
31 0
47 39
20 47
81 4
84 26
21 22
36 87
90 58
29 92
28 51
19 36
74 31
86 26
73 7
28 47
44 39
83 44
58 75
51 33
3 11
37 52
89 73
28 99
16 5
29 14
6 23
38 28
16 98
46 36
37 43
70 79
50 73
93 92
79 7
51 58
63 46
26 33
66 58
68 31
49 32
42 96
37 30
71 73
83 39
44 86
89 32
90 8
23 97
78 62
30 98
67 30
27 83
85 30
45 60
77 49
76 41
31 24
49 81
2 72
60 14
12 1
95 96
5 87
94 83
94 71
69 15
32 69
29 17
12 30
15 92
28 62
17 16
20 70
