2 100
55 56 81
53 57 70
89 14
28 94
44 79
78 11
15 16
25 30
59 60
14 46
63 15
83 52
25 51
26 1
59 11
46 81
63 94
16 54
9 25
46 69
23 8
80 73
5 38
21 13
56 10
99 2
54 63
85 64
8 90
79 69
69 31
33 28
77 89
4 57
31 7
71 58
78 80
74 75
69 95
39 34
98 76
75 72
22 35
92 76
18 96
51 49
99 62
24 18
93 37
11 28
5 4
25 70
59 88
12 97
77 13
74 75
59 91
44 29
18 19
86 82
85 81
28 7
17 84
45 87
86 84
12 44
13 18
79 29
80 9
89 23
34 20
16 14
14 86
64 60
93 88
67 21
67 0
31 32
14 17
11 7
18 78
86 58
41 90
75 11
59 12
70 25
24 39
88 20
65 66
5 69
8 95
10 11
84 68
42 98
7 11
64 82
29 41
68 44
90 97
3 69
7 20
98 83
