2 100
46 53 97
41 44 97
28 4
16 23
43 16
16 44
81 19
79 2
3 44
57 26
53 14
20 12
14 91
6 7
22 59
2 69
9 59
59 84
24 8
19 90
47 71
95 63
55 17
38 33
59 39
65 91
10 48
4 57
68 22
42 23
87 79
12 6
42 22
89 52
4 14
18 53
8 60
23 69
36 32
14 22
34 2
16 77
25 53
20 46
66 32
11 68
5 1
34 68
23 78
62 27
87 19
25 47
8 92
16 87
50 35
77 71
18 43
20 17
67 32
8 65
77 63
62 70
38 89
41 23
86 98
56 98
58 55
71 91
26 46
45 66
74 73
79 16
16 49
99 40
81 42
10 61
47 43
74 89
26 14
4 10
49 70
31 69
62 23
90 61
78 98
37 56
58 68
76 59
60 66
8 55
15 73
97 92
9 96
95 15
88 47
80 76
81 7
41 76
74 37
32 5
7 56
67 49
