2 100
44 55 92
41 57 59
77 64
33 59
21 42
39 17
24 81
23 55
26 30
63 4
30 32
75 18
80 59
52 37
90 23
21 96
95 23
20 10
12 18
93 36
40 78
7 78
78 16
56 16
76 36
89 70
21 6
44 84
58 45
55 9
46 82
45 22
53 56
68 4
48 0
76 15
0 14
16 17
25 83
63 42
56 25
90 17
16 97
64 69
0 83
86 67
12 88
14 36
37 91
48 4
30 71
86 92
28 1
96 86
75 91
97 80
20 69
96 67
56 82
2 50
66 78
21 55
26 99
44 14
75 70
4 1
3 41
42 98
90 23
70 18
65 56
86 13
11 32
51 26
52 7
84 81
93 33
97 73
40 99
38 95
45 76
89 12
27 60
33 41
17 28
24 85
92 89
15 22
10 76
70 42
28 45
2 6
94 94
1 52
93 18
66 22
92 29
94 44
31 10
2 5
77 88
93 57
