2 100
54 49 83
51 45 67
83 84
16 39
12 71
55 39
54 23
72 89
64 10
97 16
5 90
48 88
29 21
82 13
32 41
19 13
88 83
91 49
52 85
81 24
27 55
69 38
4 62
14 30
49 58
63 99
54 83
17 41
61 19
52 59
2 64
3 23
15 69
48 74
16 25
79 58
1 12
4 64
18 21
81 79
69 22
40 61
26 4
79 67
30 4
56 53
56 13
65 21
13 34
11 78
98 77
4 0
72 64
56 86
37 70
94 9
51 17
30 35
44 95
44 34
54 13
99 93
14 91
32 16
24 81
89 1
44 16
97 40
12 29
39 34
75 79
38 39
79 82
72 93
85 82
85 75
57 22
15 19
57 54
60 60
59 34
9 1
9 52
99 41
77 17
13 75
8 0
38 9
46 59
80 86
19 59
25 31
37 83
43 16
93 24
2 46
41 92
79 48
10 82
65 48
68 66
68 57
