2 100
41 51 51
55 46 99
99 47
49 96
84 48
97 38
63 90
74 21
2 19
14 66
87 18
46 35
97 79
43 47
18 93
8 11
91 51
52 87
58 56
26 46
44 62
35 31
39 90
23 69
69 84
13 32
55 3
72 13
76 4
48 60
54 85
61 91
95 7
11 91
92 63
94 44
21 31
15 5
57 28
85 64
12 50
31 50
5 0
88 35
45 28
57 50
89 99
53 0
95 32
4 15
92 27
57 52
81 95
98 38
87 35
53 64
58 22
41 1
38 70
54 47
37 21
89 23
80 30
44 61
23 95
78 99
6 78
61 66
43 96
35 86
92 76
34 86
26 26
83 27
25 57
53 77
29 38
99 21
13 65
64 21
26 88
90 6
17 66
1 52
5 92
82 16
54 47
40 7
82 14
2 19
50 37
5 14
20 79
27 78
12 2
82 66
76 24
67 60
71 22
14 13
17 14
54 68
