2 100
48 50 104
55 49 46
3 96
37 50
31 66
29 86
30 63
63 73
13 87
31 26
1 77
63 64
11 78
71 46
75 89
32 34
8 9
0 40
54 0
77 36
81 58
60 20
6 58
25 69
68 2
83 87
38 4
10 71
14 54
36 62
3 80
33 58
72 12
35 86
3 89
80 94
23 89
74 87
71 66
65 96
97 8
75 16
18 29
80 62
58 12
94 58
70 82
65 97
77 36
7 84
9 39
74 84
22 40
92 2
56 40
36 90
78 54
27 13
24 12
68 71
94 11
23 48
42 2
97 21
63 52
36 84
71 87
4 52
32 60
86 81
38 80
98 82
97 31
44 67
35 33
72 17
91 63
53 61
0 6
21 65
63 37
69 54
68 38
36 49
3 98
32 81
27 4
80 9
64 25
31 28
5 24
17 10
15 36
16 8
54 60
67 25
11 52
70 68
8 88
59 23
67 95
43 69
