8 100
27 94 13
76 73 15
94 26 22
22 86 10
19 37 11
92 40 15
0 17 16
53 76 11
71 31
18 91
75 70
93 96
19 95
29 4
31 64
30 52
55 25
70 23
22 74
32 81
96 24
16 23
3 98
48 48
17 82
47 49
3 85
42 16
83 43
7 2
21 6
4 28
83 3
81 56
1 95
47 5
24 94
79 63
93 73
35 78
13 79
13 75
20 90
63 18
69 30
94 74
41 77
50 69
86 52
46 12
21 89
2 3
85 23
1 95
49 76
90 99
17 12
42 7
25 78
19 49
54 67
5 3
70 80
62 89
6 47
84 83
25 94
12 96
41 59
20 85
73 88
39 52
91 78
56 55
99 14
72 34
44 49
66 21
56 59
30 23
86 89
77 11
47 22
41 85
25 64
50 97
92 56
0 31
56 84
62 53
97 37
46 31
69 82
37 58
55 10
1 28
67 64
6 71
83 54
10 30
21 90
12 91
91 60
89 22
47 56
12 97
49 11
4 57
