6 100
82 7 39
55 15 20
7 75 25
6 15 21
80 20 24
85 2 25
11 0
53 80
26 38
28 49
75 4
69 94
65 57
1 12
99 39
32 76
63 40
43 95
11 86
39 31
18 42
48 77
54 28
26 55
0 10
90 32
70 51
76 91
92 18
8 81
19 90
37 13
63 55
27 82
50 49
37 66
57 1
11 15
27 32
87 48
51 11
29 81
45 55
39 28
96 78
67 86
43 12
15 32
35 66
63 63
77 6
54 97
11 80
68 73
66 75
33 54
99 33
23 1
61 47
55 10
51 47
83 36
1 32
7 80
67 20
38 64
74 52
99 99
67 4
48 12
75 23
19 41
1 0
7 12
92 9
81 31
51 3
72 90
91 28
24 93
6 33
94 86
0 30
73 72
29 4
25 67
25 0
85 96
59 19
31 9
3 11
8 75
24 45
63 19
5 81
67 27
28 79
61 47
68 50
43 90
29 70
25 82
82 41
44 15
33 20
10 73
