6 100
22 54 25
13 85 24
69 47 14
92 6 31
65 75 28
49 88 31
86 55
74 53
86 22
40 75
54 78
3 15
98 25
75 59
19 86
12 40
28 15
8 48
23 9
67 28
85 6
63 62
54 94
50 88
96 90
74 39
2 41
83 66
30 20
40 77
30 93
64 41
21 60
64 73
66 28
10 44
59 38
2 12
35 96
39 29
28 35
69 10
61 63
81 91
61 48
0 34
15 57
72 73
95 37
47 99
22 94
19 62
30 95
91 7
74 39
17 47
16 50
42 86
74 69
25 52
50 13
16 67
35 92
71 64
70 51
38 15
60 7
96 23
12 28
17 84
67 83
20 30
53 67
3 36
92 94
30 29
66 72
90 11
48 60
38 74
73 11
36 38
85 63
31 0
36 36
13 20
55 71
25 56
87 62
3 5
15 77
7 88
85 76
50 11
97 87
26 5
36 86
16 89
67 97
36 29
8 48
71 97
97 46
99 92
54 88
9 45
