4 100
81 18 29
29 16 28
59 48 25
31 48 48
30 80
54 6
89 74
49 96
69 99
24 15
97 47
53 79
74 30
95 70
96 40
64 52
54 80
73 4
99 41
27 12
12 67
47 59
38 64
74 15
63 54
78 0
89 30
15 11
40 22
4 35
40 79
65 96
45 34
0 39
55 57
36 13
76 14
99 27
74 1
41 7
77 22
18 3
36 71
84 99
87 95
13 10
98 17
23 59
1 33
39 47
33 0
1 3
43 94
26 24
23 17
41 7
54 38
90 66
28 20
89 22
29 95
97 34
28 23
12 29
1 39
18 36
89 59
44 26
61 98
7 40
75 1
86 23
20 44
94 64
55 82
7 58
63 57
94 74
22 31
80 10
17 72
15 30
83 23
66 41
51 31
51 0
28 54
99 71
79 55
79 51
60 47
27 92
24 95
96 51
27 44
51 45
83 76
0 29
19 48
45 31
92 18
62 82
33 64
80 0
