4 100
57 77 29
64 43 45
55 16 32
80 32 27
61 68
34 62
94 9
49 38
4 25
59 26
12 30
66 14
59 24
24 10
0 2
50 23
49 65
68 36
20 22
4 52
31 9
82 67
15 76
60 2
51 47
49 87
31 82
81 46
67 76
91 19
24 22
56 7
29 93
65 64
9 69
52 54
16 54
96 56
11 22
59 44
30 4
57 72
0 94
64 92
86 89
44 44
54 5
59 70
67 55
79 16
17 90
46 32
69 45
95 13
46 97
0 42
8 65
97 91
2 91
75 72
77 16
69 95
99 14
25 89
44 77
22 52
34 50
38 9
33 72
78 72
7 5
39 9
81 67
36 53
66 27
48 14
19 76
3 58
19 28
2 9
25 66
62 89
76 54
71 33
63 44
28 1
87 94
53 75
45 84
35 45
97 11
60 2
83 49
26 4
36 64
45 85
97 31
57 75
34 81
90 36
8 89
41 0
53 82
37 61
