4 100
54 42 30
2 17 23
80 89 43
70 50 34
94 13
51 15
44 56
95 43
66 28
2 39
75 90
0 92
61 60
58 24
17 86
31 79
88 26
20 68
13 92
81 52
37 1
58 51
88 35
88 69
80 1
97 17
87 16
34 48
22 40
99 46
57 0
25 71
12 4
11 62
91 11
33 62
60 12
44 97
53 13
52 72
3 3
28 69
50 70
97 26
61 0
64 95
93 9
18 46
39 18
14 83
21 22
97 23
51 16
33 10
48 94
52 26
83 60
66 48
34 41
62 28
11 67
92 21
68 14
91 13
72 66
41 8
78 7
48 65
9 74
55 79
19 79
24 98
41 68
91 78
12 86
73 44
14 18
29 54
63 21
57 39
40 55
68 61
47 54
59 20
31 14
82 53
19 92
93 72
49 36
51 23
43 86
58 55
50 2
94 32
85 67
17 86
88 22
87 43
68 55
77 56
47 19
62 41
50 18
76 79
