4 100
34 20 36
2 71 43
82 62 43
59 76 22
99 54
37 78
0 22
61 88
67 38
70 55
76 68
89 82
27 54
82 51
89 23
29 76
5 77
58 63
72 21
41 25
36 25
22 30
38 7
48 81
52 34
81 15
40 49
55 44
81 14
61 92
95 6
76 86
3 39
28 11
69 87
9 35
20 18
49 77
11 60
23 97
70 59
7 26
25 88
16 33
40 11
74 74
17 60
14 85
45 53
63 88
17 77
24 95
69 87
34 26
22 6
65 55
21 59
89 84
96 11
1 20
10 56
15 55
69 32
67 13
65 59
88 34
47 77
8 52
44 73
38 77
39 52
94 90
30 51
12 17
82 94
52 12
6 88
74 58
29 32
93 67
61 87
72 55
54 32
20 46
19 81
88 39
47 86
55 91
5 28
73 66
77 98
97 79
23 98
36 30
97 44
97 1
25 23
97 28
1 12
64 49
0 15
64 27
17 80
24 59
