2 100
79 60 82
52 2 131
62 3
80 4
93 84
92 15
92 50
67 80
7 81
73 51
94 44
73 45
65 67
62 16
29 16
95 44
41 24
81 56
28 0
77 78
40 39
10 23
76 64
63 65
37 50
30 12
8 85
45 64
23 1
16 94
56 9
3 37
65 31
41 58
91 48
92 10
87 41
64 15
44 71
97 61
10 36
51 61
2 82
92 42
3 85
1 46
50 94
23 31
78 2
46 85
65 15
42 82
5 47
82 41
60 87
92 61
52 93
22 83
32 48
19 60
22 62
52 5
35 95
89 68
27 12
45 39
60 31
44 53
12 46
91 24
21 6
30 58
29 47
49 14
20 73
13 3
65 60
12 4
35 19
17 87
18 18
45 7
11 49
89 86
82 58
88 81
42 91
3 30
18 66
35 8
6 60
36 42
31 95
0 17
11 74
59 6
30 83
55 98
84 11
45 53
84 33
37 44
