2 100
51 59 111
6 59 89
5 21
1 32
17 6
14 10
33 75
54 55
83 39
7 79
98 40
25 18
82 11
98 82
7 3
80 8
66 43
92 48
18 18
96 68
36 60
35 19
51 59
8 29
31 88
36 23
14 93
34 1
16 35
24 81
86 95
90 40
73 75
12 8
1 56
28 7
15 69
84 66
27 22
8 49
38 43
12 61
48 75
93 73
91 93
40 37
43 96
78 38
22 68
64 29
69 39
58 74
39 84
87 36
68 53
55 24
38 57
21 63
35 73
32 50
27 99
74 64
17 89
77 92
21 76
14 82
7 35
52 74
11 20
92 40
29 69
88 78
10 7
24 84
38 7
93 95
4 9
2 91
10 26
68 9
89 99
88 81
57 89
68 53
40 87
88 85
51 29
67 53
71 37
52 82
86 53
36 5
54 36
2 29
24 95
84 39
95 29
56 94
43 68
97 67
53 43
53 38
