12 100
72 79 15
74 48 7
64 90 9
42 82 15
45 47 7
96 59 16
85 38 16
23 6 11
17 55 7
31 0 8
40 86 11
16 72 8
5 30
31 65
30 23
3 42
81 13
64 8
23 39
79 70
67 99
59 82
75 17
24 28
26 51
66 30
72 44
28 53
18 59
4 21
83 2
56 64
26 74
96 17
73 22
90 12
27 83
72 73
14 54
82 20
41 40
82 57
60 55
59 56
92 7
21 10
54 55
46 95
46 31
60 33
14 13
35 96
38 52
80 57
8 54
32 31
67 48
31 76
62 72
58 89
99 88
91 94
90 40
16 56
29 42
2 94
61 20
97 32
63 43
93 35
58 64
60 53
25 74
59 73
67 79
79 18
63 23
61 92
63 71
51 69
32 10
97 16
26 85
67 42
97 39
12 95
1 58
88 3
89 84
95 88
53 19
24 64
10 74
1 69
28 68
90 30
73 25
99 90
29 31
54 75
96 3
59 30
42 50
66 67
52 5
21 93
94 97
13 53
89 52
89 12
10 44
53 57
