2 100
27 79 59
21 63 94
80 92
23 63
85 84
97 74
58 22
63 10
40 99
48 53
28 15
70 33
49 74
81 90
42 72
0 75
66 53
54 86
91 71
86 26
23 13
31 10
87 24
75 25
22 38
92 7
72 60
54 51
3 13
4 31
10 78
82 69
24 54
46 63
10 48
3 74
83 4
11 23
21 18
65 4
30 97
97 6
67 69
88 67
87 60
35 4
76 15
66 44
9 78
24 32
39 81
37 44
66 58
11 19
36 89
55 55
69 97
68 37
75 64
91 4
4 79
47 36
50 8
96 54
35 80
18 11
9 97
60 21
10 16
42 87
40 98
29 11
84 7
79 23
85 64
94 74
16 18
88 46
47 36
67 79
18 90
9 72
39 59
86 97
81 92
57 49
78 96
74 7
36 70
57 88
12 74
63 21
97 92
15 72
2 80
4 74
61 46
31 28
14 82
49 90
77 84
41 69
