2 100
69 43 78
61 38 73
9 48
60 33
27 64
72 23
51 12
94 63
91 57
35 10
41 10
4 72
40 79
51 70
22 11
46 86
0 78
99 60
75 51
38 15
8 7
78 43
30 16
10 1
53 39
81 54
6 77
25 32
6 22
14 2
77 37
53 31
55 51
91 44
67 63
16 66
13 73
69 98
95 46
66 80
64 98
15 36
21 45
7 76
35 84
8 85
9 46
36 95
93 1
7 17
32 44
55 39
35 76
84 73
13 88
64 22
54 26
74 19
67 77
2 13
65 17
54 62
46 45
46 41
32 37
72 60
79 90
73 76
45 71
52 11
79 68
87 87
66 92
65 29
37 58
61 35
37 11
62 66
86 99
19 5
70 24
73 4
83 37
97 17
38 3
9 90
74 99
5 27
22 32
40 38
46 79
56 20
43 57
54 93
20 40
33 44
13 40
59 45
82 93
79 59
86 71
99 5
