2 100
36 50 105
77 43 45
6 75
6 72
4 86
99 17
18 6
84 51
77 84
99 30
35 7
9 52
34 78
94 44
97 25
12 92
50 94
31 54
49 60
78 79
37 53
99 24
28 86
20 79
99 39
98 53
96 60
69 11
1 69
98 33
66 95
97 66
94 52
29 57
26 90
50 87
32 85
58 94
85 84
87 8
32 38
45 97
73 68
10 5
71 95
73 29
30 68
2 98
9 83
32 19
11 59
52 3
16 65
65 30
93 74
87 25
13 20
71 22
96 45
67 26
62 78
29 50
34 54
20 61
61 46
62 4
69 20
20 52
72 16
11 45
44 33
76 98
93 42
67 20
41 0
48 33
8 78
39 94
74 60
37 14
59 31
51 92
28 38
13 45
79 49
73 69
97 49
80 64
89 32
30 94
96 29
10 23
31 2
69 39
5 5
48 91
42 91
4 26
5 84
26 78
58 55
10 56
