2 100
33 71 53
51 68 97
66 45
49 93
68 45
11 52
19 10
2 89
69 25
26 97
40 64
3 28
96 51
78 46
98 71
75 43
26 61
75 92
30 78
62 65
86 9
29 0
89 61
59 68
16 34
58 45
83 12
71 74
35 58
37 41
39 32
17 33
35 90
54 75
32 35
30 16
28 6
95 5
35 29
3 90
87 49
7 88
10 21
85 30
98 78
19 53
58 83
74 19
77 59
69 53
98 8
4 85
45 1
78 16
37 77
96 15
46 71
69 82
93 2
97 77
6 43
26 36
4 13
54 33
43 31
63 21
52 40
39 49
24 58
73 86
16 42
9 7
80 54
75 45
26 4
96 73
85 43
20 63
60 47
94 17
27 9
31 21
74 21
53 13
47 19
85 25
91 81
27 47
48 12
75 38
36 36
10 27
84 40
42 17
94 93
6 39
59 47
72 36
11 51
78 74
20 48
87 43
