2 100
79 66 43
67 61 107
85 27
88 12
70 30
55 43
4 99
34 90
59 29
3 50
36 87
93 25
25 24
17 23
76 57
67 42
12 91
71 72
44 19
2 55
19 42
86 68
5 30
8 14
89 53
79 2
65 61
1 68
96 66
13 59
81 13
98 98
34 72
33 10
85 78
95 68
37 31
91 39
75 66
71 52
20 17
96 52
90 22
46 22
8 38
22 11
91 90
71 69
38 1
23 45
52 25
72 53
63 26
28 14
14 62
30 61
19 48
49 6
15 7
22 11
4 42
2 34
0 97
89 66
23 17
68 8
51 57
11 92
70 2
40 20
50 21
32 16
5 7
30 51
59 94
36 74
0 25
45 62
67 65
73 15
75 49
98 94
99 26
85 81
38 91
71 47
32 5
5 62
12 25
87 29
14 0
13 51
15 44
78 13
8 76
40 84
35 51
67 78
65 62
6 62
1 68
37 5
