2 100
32 56 64
20 52 98
94 40
64 29
45 56
90 82
52 77
48 97
45 24
92 47
62 81
67 34
39 19
12 79
34 40
30 73
15 56
61 71
53 19
25 57
93 60
4 5
33 88
47 53
43 83
29 5
77 29
98 0
21 47
41 89
67 28
99 0
22 62
31 29
62 20
63 33
35 88
55 97
58 0
19 71
38 96
69 15
99 39
99 33
65 89
57 11
23 74
10 82
29 40
93 96
51 46
47 96
42 45
79 11
51 1
50 92
97 5
19 31
16 66
99 40
88 98
64 53
9 0
18 60
87 88
29 77
21 21
66 45
69 78
38 14
93 34
92 24
71 54
13 48
70 27
18 47
14 15
80 18
48 27
56 63
7 79
63 92
36 96
64 52
97 46
64 81
31 0
77 52
73 13
92 18
83 63
82 67
71 87
25 88
58 6
58 20
31 1
44 51
19 31
27 13
58 87
30 55
