2 100
28 77 83
36 78 68
50 8
77 19
93 30
87 69
63 50
40 32
94 52
76 66
43 58
25 3
45 6
13 28
85 25
76 19
55 55
58 27
8 78
15 38
47 73
95 1
18 60
25 81
90 97
75 33
79 57
26 33
29 83
50 3
41 38
62 46
80 84
5 96
76 63
69 81
52 98
76 69
56 73
69 66
99 51
87 58
13 16
29 16
63 50
6 46
84 76
37 33
81 69
15 45
91 32
87 58
1 65
67 85
73 78
21 60
81 85
37 26
47 90
32 40
70 95
56 77
12 46
45 69
92 73
98 90
59 54
47 66
7 16
43 44
87 97
3 16
36 32
90 15
69 64
51 75
34 99
43 62
53 78
43 75
12 21
54 14
58 96
93 73
45 33
93 6
6 10
33 71
49 28
23 82
41 9
30 69
23 6
12 22
12 53
63 39
18 96
23 91
39 87
29 27
76 38
35 34
