2 100
29 52 95
25 38 72
46 14
52 63
52 47
82 20
68 59
38 94
17 87
93 45
20 12
98 56
24 23
83 66
29 87
43 24
45 90
4 90
77 13
67 72
18 68
13 34
5 24
0 98
49 84
1 77
17 77
30 61
90 54
8 23
22 1
9 83
41 65
21 54
56 8
46 20
2 95
1 30
61 12
96 62
27 14
63 15
5 70
13 53
43 46
44 98
2 89
16 6
32 93
39 64
47 70
46 65
29 43
74 39
7 70
65 66
75 15
36 70
79 14
74 98
4 52
55 0
28 8
65 48
95 52
91 50
95 22
3 61
10 46
33 13
38 0
97 34
47 89
75 71
49 54
52 70
14 83
37 37
48 85
33 7
24 49
63 85
14 87
17 46
42 20
31 91
45 66
86 25
28 82
18 95
21 46
4 86
47 11
61 9
59 71
90 80
4 12
83 29
86 89
88 67
42 36
92 48
