2 100
66 21 59
60 45 92
38 64
17 93
76 23
50 79
3 4
17 75
53 10
86 76
99 51
10 35
4 36
15 25
91 59
51 47
60 25
35 43
33 24
49 53
83 58
80 11
77 20
0 33
16 83
79 47
42 87
1 6
96 95
74 3
69 55
37 76
67 61
21 23
27 23
37 93
76 54
17 61
66 68
7 86
7 85
92 12
84 19
82 38
62 33
1 25
84 11
71 78
14 99
75 45
14 24
95 18
92 9
90 65
64 95
75 10
58 43
14 22
65 60
68 18
77 92
2 18
40 44
68 89
69 45
74 80
99 5
12 3
30 93
70 70
55 99
5 27
66 91
9 3
66 36
18 10
79 84
61 67
82 82
65 64
0 95
66 17
19 62
24 62
60 0
33 60
51 87
40 4
29 97
39 92
72 5
73 32
78 38
53 95
21 82
0 55
34 61
38 85
3 11
5 4
73 58
38 34
