1 100
49 51 150
62 90
37 79
66 52
57 56
39 92
6 92
29 97
8 95
88 27
42 27
61 66
65 12
38 50
17 39
13 77
7 59
64 34
74 83
61 12
14 90
49 2
54 25
34 2
10 5
36 91
9 78
27 89
64 72
18 44
92 67
35 53
42 12
49 28
85 47
64 86
95 37
84 50
76 43
64 16
4 27
2 3
23 83
4 26
2 70
35 42
30 13
10 87
82 22
81 62
83 30
16 25
40 94
41 76
0 33
28 24
62 70
49 62
64 19
86 81
76 75
35 15
0 7
38 64
85 71
38 50
11 36
9 6
58 83
7 1
51 51
47 59
68 26
49 78
34 49
7 75
23 96
58 59
87 57
93 81
26 83
72 70
24 0
66 31
13 17
6 9
22 72
3 92
48 37
49 5
28 29
42 31
56 88
13 13
0 67
8 36
66 39
2 95
44 6
79 37
62 91
