1 100
46 51 150
23 54
61 5
49 16
37 68
77 79
98 4
69 13
9 9
81 93
54 35
44 94
75 93
12 7
79 86
77 97
31 24
58 87
80 48
31 51
14 18
38 79
91 45
32 4
94 3
32 60
24 1
2 52
69 10
2 89
33 4
32 91
48 66
47 18
67 46
41 10
28 2
80 74
88 45
95 83
47 67
74 45
92 98
56 58
29 76
94 47
72 1
18 68
20 18
58 35
94 5
95 52
3 70
44 51
52 21
22 69
97 65
81 63
50 75
13 84
22 51
86 6
72 4
59 38
46 54
65 39
8 80
99 79
50 15
63 1
38 96
88 76
70 28
34 63
36 45
97 1
80 25
60 0
88 23
29 43
80 63
12 10
35 28
60 27
54 18
92 29
37 25
69 72
80 38
29 70
12 62
11 12
3 83
34 4
35 11
17 14
82 12
95 96
15 61
92 4
8 3
