1 100
48 49 150
14 3
61 69
92 16
42 80
53 73
46 16
30 59
7 3
12 34
79 26
1 48
90 99
61 23
89 68
64 17
19 52
17 88
19 4
65 47
57 23
8 63
22 15
83 64
89 96
53 29
15 41
6 75
62 62
44 10
85 26
89 62
22 63
0 56
57 0
12 1
50 34
46 2
0 82
58 92
14 61
46 49
59 87
10 70
83 1
42 99
40 20
65 98
6 82
27 48
4 81
96 40
84 73
73 38
95 6
57 51
99 55
12 77
31 23
34 35
35 66
50 61
58 17
46 18
81 60
56 9
65 41
16 0
70 6
7 21
91 48
28 34
78 74
66 66
90 44
75 94
95 73
57 96
64 50
12 67
69 19
3 2
98 55
94 88
67 18
30 14
37 43
70 1
48 6
21 38
71 58
48 65
1 88
8 78
23 98
20 84
28 53
22 0
8 69
12 57
12 9
