1 100
45 47 150
56 22
78 75
50 33
7 23
73 85
33 6
85 98
48 96
46 46
15 7
22 64
81 20
53 61
19 19
73 99
84 51
68 33
55 58
91 65
7 5
64 47
28 87
55 83
71 48
62 54
64 37
76 35
85 7
97 49
36 18
24 40
10 99
99 60
60 97
74 39
6 61
21 20
55 47
41 28
67 3
34 82
76 50
56 31
30 96
87 54
43 3
91 39
5 93
47 8
90 39
3 62
53 96
72 7
2 62
7 73
26 75
32 15
66 47
7 52
80 44
3 54
67 54
43 17
39 27
52 90
92 26
89 14
77 2
13 1
73 93
3 33
51 37
76 93
60 3
60 22
99 77
33 21
51 7
78 25
24 41
40 47
51 5
44 55
70 2
24 44
64 66
60 95
25 40
40 75
18 71
54 4
76 92
73 59
36 4
63 18
16 41
12 82
2 4
65 16
1 46
