1 100
49 40 150
54 90
19 86
32 2
51 92
19 72
62 62
57 27
68 22
28 23
8 39
58 77
91 20
64 82
58 29
18 21
97 63
7 77
0 2
27 34
21 11
11 99
53 48
87 43
51 91
92 16
73 63
87 78
2 24
88 7
58 93
41 44
56 17
29 50
41 16
3 78
41 70
64 69
14 96
49 89
54 2
44 62
75 33
83 12
79 72
98 90
22 35
26 39
5 45
50 5
99 51
26 83
98 36
0 40
48 78
59 22
0 65
63 49
89 91
13 34
81 6
29 86
96 50
99 3
6 9
6 12
74 85
62 32
20 60
27 3
58 33
76 59
5 4
64 57
23 45
59 45
2 26
5 99
52 60
84 11
66 94
27 87
70 46
97 49
52 69
56 45
80 73
45 26
42 26
92 98
34 7
92 63
3 42
59 82
37 26
73 18
5 8
68 28
39 38
63 41
17 50
