1 100
52 44 150
47 78
62 83
15 21
13 59
7 69
6 6
43 37
97 18
37 38
51 18
93 35
77 78
52 93
65 91
21 44
57 30
54 37
64 22
39 10
17 59
70 82
73 24
60 28
24 38
10 67
56 95
39 81
10 87
76 14
80 37
34 91
25 55
43 45
20 6
74 1
90 25
17 4
46 52
95 91
85 17
61 99
37 2
71 11
41 38
46 27
88 92
32 72
61 16
15 11
90 78
66 81
74 79
68 25
99 87
96 9
8 0
43 86
1 73
1 2
10 47
4 53
68 87
74 27
58 26
59 67
44 68
68 67
34 61
70 66
79 30
75 0
34 44
97 42
40 61
64 76
74 99
12 88
49 24
30 47
87 34
62 60
99 17
35 4
64 95
25 91
86 36
67 84
0 66
83 96
66 56
48 40
4 37
80 96
13 54
54 33
53 2
47 37
0 38
98 56
29 17
