10 200
76 60 54
86 6 23
54 27 44
72 21 64
6 97 33
44 96 61
99 44 46
4 79 44
95 94 66
16 48 68
31 49
31 2
5 89
10 20
88 39
49 76
68 25
62 96
36 76
37 65
45 31
64 43
68 83
43 41
39 73
2 99
71 57
44 34
98 8
24 63
76 37
79 66
68 81
69 13
31 16
16 85
90 38
77 68
15 73
5 72
48 8
49 71
44 68
39 49
13 56
23 45
20 85
2 60
72 69
7 23
87 68
3 14
2 67
41 68
65 86
87 85
61 98
49 96
32 76
1 43
39 24
5 56
80 43
44 68
11 25
99 52
94 70
26 34
52 45
85 98
2 41
98 72
95 4
13 7
69 19
5 33
86 61
44 46
43 63
1 65
26 58
1 50
5 1
8 6
69 92
96 31
9 93
12 9
51 50
11 81
77 88
1 44
74 75
87 22
66 1
33 74
41 45
72 84
50 22
66 95
3 15
70 44
7 10
61 14
68 0
71 31
37 47
0 82
1 75
95 47
95 51
44 26
20 32
72 7
80 57
9 59
57 13
92 1
74 20
30 76
30 44
21 99
1 41
52 31
7 37
22 71
73 66
64 16
82 15
10 81
58 12
97 88
80 36
16 6
11 66
26 14
88 19
65 52
55 69
46 49
92 44
4 17
78 12
90 79
29 55
49 56
37 2
87 16
81 21
58 87
36 33
57 81
93 29
61 95
71 55
6 4
11 46
27 41
42 17
5 85
59 18
64 72
51 81
10 73
44 37
97 70
86 55
16 72
86 71
84 0
13 58
11 77
15 28
94 72
54 68
81 35
48 28
90 0
98 66
15 83
89 94
98 73
70 7
68 44
4 72
62 49
1 25
82 0
30 56
56 81
97 43
89 29
87 22
18 47
68 32
35 57
17 27
71 23
99 51
81 24
36 57
58 51
45 21
61 16
1 61
55 38
10 48
95 72
46 38
16 39
