10 200
21 62 43
32 69 46
75 3 46
68 69 64
21 54 39
2 84 75
0 4 63
83 84 49
73 10 46
23 16 35
91 54
99 15
64 22
78 85
53 62
25 22
53 32
14 66
78 77
72 96
61 54
85 84
88 5
56 54
54 8
83 68
99 62
7 86
85 63
80 93
0 70
63 23
45 3
89 88
82 54
81 45
98 90
63 82
75 36
81 70
92 15
74 92
62 97
96 2
22 63
12 13
45 28
56 33
30 18
8 82
33 1
53 3
41 36
56 92
20 99
60 98
62 64
47 41
58 59
41 29
58 51
15 76
72 44
92 57
93 97
12 25
75 57
9 22
83 0
41 12
29 54
63 22
4 66
43 37
54 20
73 82
6 32
74 95
33 2
72 57
23 58
6 44
58 99
80 77
2 67
29 49
16 86
67 29
82 21
52 25
22 40
36 87
89 0
62 95
30 36
60 35
69 56
64 52
92 99
19 30
71 38
24 89
4 85
15 61
29 75
47 39
7 61
88 76
47 53
15 93
62 89
72 18
10 54
46 57
66 1
62 16
65 29
79 64
30 91
9 4
40 67
50 7
80 24
41 80
15 43
35 1
58 97
76 13
87 72
57 98
26 48
30 47
69 68
89 41
41 94
30 86
43 5
5 71
22 66
99 32
31 86
53 29
24 76
43 13
85 72
65 88
65 43
86 33
52 95
63 14
9 54
1 53
29 57
23 11
86 34
35 29
88 69
50 90
95 98
47 28
49 65
23 67
15 40
42 6
21 43
10 11
29 66
88 85
42 31
52 77
20 40
13 70
67 77
41 48
25 4
14 18
93 0
7 77
99 88
99 87
42 20
43 78
70 36
48 12
83 65
28 25
64 64
59 78
25 47
32 6
19 80
98 12
73 20
28 48
58 49
48 75
45 28
28 75
5 55
27 39
74 60
12 64
18 14
52 71
35 6
49 60
31 38
93 54
92 1
95 50
