10 200
88 90 70
43 83 44
5 94 33
19 51 64
19 72 53
34 40 35
26 69 43
37 14 35
99 87 80
3 14 44
8 17
81 63
99 53
70 80
99 26
89 4
37 85
39 66
26 55
0 95
96 60
73 67
63 88
50 49
85 87
35 9
92 56
17 16
0 7
11 76
7 23
90 75
14 22
41 57
58 4
23 49
55 65
70 21
46 25
83 75
33 40
23 45
13 47
64 33
89 74
78 20
70 70
35 15
84 45
43 45
11 46
17 39
82 45
65 53
13 61
86 54
94 81
62 16
25 90
33 32
61 79
56 85
33 60
2 73
29 75
79 31
22 0
73 12
58 14
47 67
93 21
98 64
92 47
80 98
45 59
89 91
57 38
23 2
65 85
96 55
96 63
81 33
74 23
91 87
43 52
76 42
46 42
34 13
84 38
27 98
56 39
13 23
47 19
72 75
76 40
16 64
74 93
8 33
95 84
51 87
7 41
21 55
88 62
76 66
80 92
41 60
66 45
8 33
13 37
57 60
62 72
20 81
45 62
11 32
91 99
20 61
47 2
56 80
62 46
5 57
88 76
63 79
18 81
70 42
49 17
78 5
45 37
72 95
66 84
66 15
99 95
11 23
45 48
49 50
0 66
86 30
8 94
18 54
22 15
92 43
71 43
95 57
86 92
91 22
3 12
31 60
5 4
14 5
16 24
99 62
45 40
14 78
97 94
66 49
90 9
71 83
77 7
60 34
75 83
59 92
8 97
35 47
3 96
64 45
65 45
11 70
6 62
27 74
86 27
55 91
41 82
79 19
10 93
80 14
77 65
99 71
82 34
23 52
37 73
58 48
66 12
9 22
30 52
54 75
60 78
91 36
19 68
66 51
45 74
50 96
48 76
30 41
76 33
15 42
46 75
34 7
15 67
38 97
80 53
42 18
34 40
56 36
19 60
55 29
0 3
71 36
19 60
33 97
14 74
38 58
