10 200
36 30 32
76 35 45
96 26 38
23 10 36
94 15 71
13 60 50
26 8 32
92 45 66
69 35 63
7 74 69
6 58
50 56
51 55
33 36
96 69
18 37
18 83
58 9
18 99
30 35
87 46
53 26
65 61
89 32
58 72
81 81
28 69
80 84
68 61
71 68
54 39
59 56
49 24
38 22
49 63
21 84
54 57
49 34
0 71
52 75
50 78
2 62
92 60
80 45
89 22
20 33
23 23
76 3
9 46
17 58
58 48
89 57
82 76
70 83
14 93
92 31
16 84
29 82
3 77
84 34
58 73
14 4
94 89
82 87
97 71
88 84
26 33
57 37
1 60
68 84
72 95
37 97
85 86
36 57
54 66
64 74
14 89
26 63
10 90
98 23
25 48
50 13
53 10
60 84
20 50
5 70
5 8
76 75
9 83
79 49
6 60
89 35
81 94
33 49
83 58
99 72
53 23
79 1
88 29
66 87
42 38
88 7
29 77
85 87
15 22
38 18
8 19
94 82
76 45
19 55
45 45
26 32
15 10
79 86
58 30
49 24
71 3
80 27
96 33
75 9
2 62
69 76
5 0
21 58
68 51
12 83
4 87
31 84
56 54
45 43
42 39
30 34
55 75
11 89
73 60
44 0
19 18
61 72
24 31
14 77
51 35
74 99
96 99
0 22
83 78
7 27
92 70
31 56
97 86
16 83
53 89
46 73
45 35
16 47
65 52
55 66
20 58
62 24
70 41
50 62
18 39
12 59
93 17
2 65
63 81
93 34
17 99
63 93
46 88
76 90
81 64
65 17
26 33
74 60
66 13
71 45
90 62
88 57
52 23
28 78
80 74
91 4
65 9
15 63
8 47
1 93
19 9
93 2
34 77
42 76
99 12
63 36
73 55
11 65
69 6
88 10
63 10
39 72
58 17
39 9
77 27
84 80
76 84
80 74
69 63
36 9
5 13
63 49
62 95
61 54
