10 200
58 97 29
31 17 62
29 26 31
17 22 64
66 43 37
0 70 69
79 79 21
27 26 68
67 77 61
11 87 67
84 34
12 34
45 79
73 9
63 59
27 90
9 13
66 89
68 81
83 19
57 70
96 43
98 3
47 38
93 67
77 34
14 75
95 91
98 6
94 35
61 16
23 97
59 69
60 41
96 62
10 89
68 55
10 45
33 66
52 78
82 39
54 75
56 10
91 95
31 56
5 9
52 24
27 3
43 5
12 6
83 68
31 63
99 24
67 91
51 34
50 34
91 36
67 56
8 21
84 39
34 33
82 9
10 58
33 53
86 62
72 42
60 40
51 72
12 97
38 34
96 78
32 70
87 20
5 32
28 37
63 70
39 73
90 56
49 60
87 77
79 99
3 59
12 13
70 64
52 58
0 77
87 85
53 98
44 70
14 31
37 82
4 31
95 25
10 29
43 24
71 1
41 77
18 3
60 95
31 30
48 1
68 29
20 47
40 92
32 87
52 99
89 30
93 91
71 17
16 19
19 76
60 85
27 0
91 88
74 14
30 85
0 10
98 44
17 0
77 44
72 32
41 59
67 60
69 43
3 60
55 2
31 27
56 11
24 2
68 51
77 22
25 99
44 73
30 73
85 74
5 9
31 15
46 66
57 40
53 3
61 93
26 34
64 33
31 65
41 99
55 27
95 31
54 49
74 32
19 93
51 58
29 90
47 61
45 94
67 24
57 34
83 87
59 93
44 88
82 20
75 95
12 43
41 41
98 84
90 50
87 50
15 99
10 23
34 30
19 74
91 99
27 56
19 43
50 78
0 8
99 5
97 38
88 94
5 38
86 70
42 99
71 82
59 25
83 98
17 48
33 25
43 13
6 32
14 52
89 90
41 95
70 22
90 67
34 28
56 53
42 91
34 10
89 35
41 60
40 78
12 56
71 38
35 79
92 44
94 81
6 18
11 68
91 63
33 42
71 53
