10 200
59 89 44
8 78 36
18 35 56
95 67 54
84 40 72
32 36 24
78 88 26
14 4 69
3 76 69
55 40 59
58 20
48 60
22 42
28 81
89 28
35 47
88 73
13 25
17 99
44 74
90 21
48 65
23 28
93 57
86 61
5 21
53 78
58 88
40 99
51 30
82 63
83 9
38 84
35 60
44 83
68 16
39 24
12 78
27 0
52 66
37 87
22 83
65 74
49 27
14 30
90 14
8 35
97 55
64 82
2 83
49 91
13 93
40 58
36 22
1 87
45 76
51 45
48 34
94 8
29 91
34 63
16 44
7 7
37 64
90 98
97 44
70 43
37 48
8 40
58 37
71 39
27 28
58 69
54 42
89 69
81 59
37 99
60 68
38 83
13 19
43 1
96 97
78 26
6 51
45 49
5 40
24 10
31 37
55 52
24 23
0 36
84 81
67 95
86 99
69 98
30 45
30 13
95 18
38 39
33 83
10 45
88 70
47 10
5 59
7 22
89 26
96 10
40 5
59 13
67 75
28 0
39 95
38 20
76 56
46 68
51 36
1 14
56 42
58 12
74 4
95 11
71 24
89 59
32 57
91 82
67 2
85 74
41 31
63 4
78 88
35 73
4 68
59 48
96 91
70 10
76 80
84 0
88 77
69 9
54 76
26 7
8 87
74 7
24 54
81 59
45 28
95 68
27 8
16 39
91 88
4 30
46 4
91 33
39 33
62 47
2 45
83 18
39 99
13 74
70 98
68 7
50 72
70 26
66 93
16 71
55 95
85 56
59 62
8 71
24 0
65 50
26 55
42 82
33 51
1 59
60 74
92 92
30 62
77 0
94 70
79 10
32 70
95 69
14 64
53 5
60 78
57 2
50 95
81 1
5 0
55 70
74 27
81 0
36 5
25 30
78 19
16 70
70 64
42 63
19 86
84 84
41 7
93 99
43 41
50 87
43 94
71 4
69 36
97 15
16 44
