3 100
45 51 38
46 44 53
37 64 59
32 6
39 81
40 37
98 30
23 2
68 21
67 55
16 38
85 31
65 39
15 70
30 69
19 48
21 65
99 55
4 89
25 32
59 95
71 49
90 27
66 43
27 69
47 58
90 14
83 85
64 40
29 88
13 52
26 11
37 55
86 98
73 42
0 31
25 73
14 45
85 41
13 38
24 71
98 44
70 28
50 70
89 99
95 37
68 81
95 30
64 22
77 26
36 53
45 55
2 77
43 17
50 0
7 49
97 45
63 36
72 64
16 45
45 98
86 88
94 86
17 34
79 83
93 32
80 86
32 39
1 10
89 94
9 2
53 1
80 77
23 34
88 21
73 4
90 33
49 27
86 98
65 99
12 87
40 88
24 32
8 49
82 59
27 51
95 28
80 8
20 66
68 88
86 21
97 3
39 57
66 24
35 19
13 28
95 28
58 75
96 84
30 23
38 55
15 33
10 73
