3 100
38 41 43
57 55 60
36 62 48
83 86
23 56
83 17
75 25
88 40
36 71
78 17
67 28
79 7
90 63
9 13
3 59
36 3
43 77
30 46
92 32
18 36
70 50
63 71
52 71
22 0
82 10
81 27
77 98
68 32
84 23
3 64
98 76
16 20
97 85
28 33
82 94
52 29
81 81
10 85
60 17
15 20
38 92
33 76
21 48
21 38
23 78
58 45
12 2
84 36
3 32
59 1
22 9
99 17
3 82
55 38
77 11
90 43
9 38
66 0
7 51
94 41
90 27
4 84
98 7
53 80
56 92
94 56
48 90
11 5
14 78
86 83
29 16
62 95
79 90
18 81
55 18
12 98
28 72
51 55
90 29
28 27
93 99
16 67
83 27
22 57
30 91
35 15
96 44
66 38
72 84
84 91
79 89
30 25
17 71
2 71
37 25
75 83
91 62
48 68
93 6
33 96
8 19
16 64
29 70
