3 100
60 55 46
59 63 46
52 52 61
1 24
17 17
98 70
5 62
38 10
35 18
41 77
46 36
56 15
12 63
43 74
59 62
45 38
59 69
9 61
18 2
2 52
57 67
0 25
25 32
68 50
85 61
42 15
39 64
34 78
73 46
38 47
53 11
18 34
12 1
18 52
24 67
74 8
60 91
33 6
93 57
51 99
59 86
36 91
76 67
67 27
79 71
79 11
89 37
90 13
68 66
31 11
28 8
13 7
28 73
6 90
77 21
11 38
12 23
82 93
79 92
41 77
99 3
64 97
42 86
30 98
74 43
81 58
43 66
30 75
9 88
56 12
35 44
55 19
90 71
70 68
15 84
75 70
97 9
60 2
13 53
9 20
46 32
69 20
92 85
15 4
83 11
91 59
76 71
36 97
14 70
65 88
99 9
68 87
94 1
33 56
44 83
25 33
26 17
54 32
87 80
10 36
39 87
39 3
87 15
