3 100
53 49 48
41 64 64
52 62 40
61 24
8 87
95 13
38 13
7 67
39 21
18 75
94 57
6 98
2 27
58 95
85 2
44 58
7 52
9 9
24 0
26 58
91 93
74 95
41 20
21 17
49 75
31 7
31 96
96 51
52 86
98 28
75 72
16 35
22 84
74 59
84 54
55 70
33 24
7 0
2 41
54 57
46 75
88 10
68 67
8 93
10 52
8 6
74 72
54 82
68 4
53 66
83 38
35 77
65 44
47 46
81 74
51 98
5 32
67 43
89 1
20 8
55 93
15 50
89 90
43 57
23 1
45 87
79 53
27 24
15 16
56 51
20 39
92 57
75 83
51 94
75 83
98 22
4 67
47 96
24 11
2 87
27 50
7 16
84 35
37 45
56 35
37 71
43 51
44 57
83 20
52 3
76 15
18 59
33 60
39 71
31 83
59 39
91 76
6 23
49 91
62 21
78 59
24 53
8 0
