3 100
50 35 62
54 41 31
51 43 59
35 18
1 96
59 82
47 47
7 58
20 13
36 35
23 64
2 16
78 11
91 57
93 27
99 26
92 16
18 84
12 65
48 67
51 89
57 87
73 13
65 93
64 58
85 21
15 35
2 33
9 57
58 50
87 6
18 70
17 31
86 99
24 14
85 51
88 57
38 17
80 12
91 57
2 4
21 69
91 88
50 26
24 93
67 82
10 82
86 70
67 92
39 75
71 71
39 87
89 51
13 72
79 57
95 49
41 79
61 31
56 55
5 42
8 83
36 81
41 86
68 76
30 29
24 19
95 27
71 64
32 60
60 19
71 45
50 35
66 64
93 67
38 69
89 37
98 2
29 4
36 38
49 65
89 41
3 49
1 18
90 12
60 9
15 87
21 41
48 98
34 92
9 97
28 84
47 28
49 16
5 15
87 80
42 95
99 62
34 27
68 63
25 44
17 9
35 63
60 84
