3 100
49 51 39
55 53 57
59 43 56
81 82
87 76
78 11
6 65
17 11
69 70
93 90
76 86
93 93
40 57
94 84
48 16
75 17
55 37
26 4
38 55
70 54
47 86
70 35
57 0
22 98
45 92
24 74
67 33
70 10
35 22
20 38
84 69
72 84
87 67
55 19
83 67
33 14
58 96
58 51
31 48
78 41
55 36
57 75
24 2
92 44
98 11
44 68
34 33
69 22
55 40
49 19
51 40
42 10
98 23
69 26
60 22
47 10
9 71
46 45
73 77
3 23
14 19
68 3
76 36
72 72
84 47
63 11
72 12
53 71
42 49
60 9
43 14
61 50
78 92
31 31
38 13
30 37
41 13
1 67
7 24
87 9
11 5
84 85
21 44
5 75
31 99
87 60
70 23
2 50
81 66
54 40
17 84
23 57
22 23
70 7
10 63
60 37
60 14
39 56
36 86
28 83
53 98
20 68
40 1
