6 100
6 98 37
16 35 22
70 64 36
98 65 16
6 26 37
68 17 33
66 0
87 14
18 62
43 79
37 27
0 49
95 72
67 50
7 48
1 43
40 64
24 99
90 55
68 24
26 51
93 79
74 5
4 88
82 59
34 94
55 86
47 89
28 57
61 84
32 44
32 86
57 1
43 44
13 25
94 44
11 21
78 3
22 58
92 89
56 21
15 34
74 78
50 52
0 83
13 8
23 96
27 46
49 36
28 35
23 85
64 44
71 92
72 71
8 75
52 82
69 95
57 51
38 82
89 82
10 66
3 55
0 65
34 73
36 47
36 45
10 36
3 19
80 4
0 33
52 5
20 72
68 52
67 40
35 83
42 41
87 38
8 62
72 99
4 34
63 74
85 14
36 28
95 10
97 24
9 33
45 9
3 49
25 76
77 8
25 8
7 66
66 39
7 89
71 61
60 63
0 23
12 86
71 94
51 13
10 60
26 51
55 58
71 61
43 64
81 13
