6 100
2 93 33
91 92 34
1 90 25
19 49 45
38 88 22
97 26 24
50 90
19 67
28 94
22 2
85 13
9 63
4 84
13 88
36 88
77 18
76 53
51 56
5 69
99 89
11 28
27 85
23 7
66 51
11 72
23 60
65 17
52 88
59 5
48 5
30 18
82 51
94 99
62 55
49 2
74 24
12 54
14 61
5 51
5 73
34 95
37 66
23 0
35 83
8 14
47 33
29 72
86 53
41 65
19 64
35 7
11 84
83 72
36 98
71 52
24 56
56 47
1 69
84 10
0 52
30 48
98 9
37 64
89 55
70 24
30 88
14 26
2 40
70 19
39 50
36 49
78 35
49 19
31 58
41 6
39 13
73 46
78 87
14 12
70 42
0 56
96 63
64 27
8 64
35 33
10 69
21 22
82 40
88 28
63 89
77 76
93 13
2 0
66 51
8 89
48 36
73 38
17 70
20 18
48 0
8 66
75 87
79 37
16 87
92 18
47 77
