10 100
40 56 30
61 80 30
45 85 29
34 71 28
93 12 9
94 81 7
12 11 3
18 70 6
4 43 6
48 75 3
66 63
15 47
64 32
85 85
83 39
84 9
56 8
93 18
93 58
47 87
48 1
2 39
96 71
69 75
2 90
9 6
32 56
96 64
50 30
42 62
10 8
41 24
63 97
33 19
61 64
91 97
29 20
23 8
1 26
19 61
91 65
25 85
69 72
17 30
21 75
97 51
4 21
15 2
12 20
66 89
87 39
67 64
59 54
63 77
64 54
34 78
30 99
20 88
2 50
90 69
75 96
60 81
0 36
64 3
97 50
56 60
73 49
1 13
67 36
18 71
72 59
46 66
62 86
23 90
43 75
3 46
28 89
42 70
68 74
15 96
44 57
66 67
36 56
3 15
60 35
90 9
98 44
88 76
44 84
99 92
85 31
48 23
45 78
9 14
72 72
31 38
42 95
99 51
81 40
45 38
89 60
13 1
99 11
67 26
8 95
57 48
91 9
23 22
57 0
32 29
