10 100
53 28 28
56 65 26
39 33 27
61 69 24
86 98 18
81 57 20
79 10 4
77 75 4
81 79 4
89 20 4
58 46
83 38
81 84
49 48
27 91
35 64
99 60
85 50
13 56
56 57
53 84
89 46
94 91
45 89
32 70
49 33
42 38
28 68
4 39
62 56
41 75
62 2
12 27
37 52
52 28
40 6
25 36
99 20
4 28
93 26
57 10
46 53
64 57
99 44
42 20
74 87
28 16
8 49
65 86
65 9
82 34
26 47
19 94
17 38
67 6
70 42
71 71
5 34
56 70
25 60
79 21
60 95
10 8
87 46
32 91
85 50
72 22
8 34
14 31
39 88
8 92
53 43
88 24
81 50
51 32
71 9
0 9
16 83
88 98
24 77
61 76
59 45
76 8
12 42
6 35
77 32
12 70
16 31
9 58
34 20
91 74
58 62
91 28
57 52
73 19
26 66
21 44
35 64
65 41
98 26
83 94
9 46
73 39
88 12
78 55
93 70
54 49
14 12
53 43
84 37
