10 100
48 76 22
19 0 28
57 24 27
78 61 30
66 7 18
10 58 11
77 58 4
29 24 5
87 82 4
29 80 3
50 13
16 11
22 63
9 88
82 48
64 3
50 26
18 83
70 89
32 39
33 29
61 56
75 39
59 7
71 11
95 13
37 13
3 36
98 71
86 20
12 55
72 70
44 73
68 12
71 42
39 25
42 90
60 33
87 39
35 24
69 13
90 10
45 83
46 44
9 53
25 41
98 35
12 27
43 76
2 5
41 26
17 15
30 25
83 41
44 28
62 1
75 58
44 49
33 27
88 39
26 57
83 48
27 96
21 0
36 99
15 63
44 69
99 26
44 76
27 76
44 5
83 10
49 96
18 71
46 70
21 24
65 72
85 28
24 33
25 73
71 21
94 67
74 37
31 41
94 98
81 8
31 92
0 97
99 38
3 14
88 29
13 47
77 55
99 79
66 33
16 28
31 86
63 44
55 25
98 60
45 65
7 74
67 67
41 85
39 96
77 44
66 22
23 58
28 4
22 35
