10 100
82 59 24
74 37 27
4 10 25
48 95 23
10 25 15
92 39 19
76 14 3
13 43 3
12 62 6
48 87 6
17 87
49 16
18 7
23 87
69 29
71 62
87 84
81 21
84 79
98 83
35 91
2 9
67 19
74 46
53 26
92 12
18 30
15 5
71 20
83 73
90 91
11 65
16 19
27 29
26 90
68 19
53 40
47 76
29 99
93 27
46 38
65 58
69 80
21 94
75 98
40 88
84 86
17 71
14 10
75 83
35 35
32 6
65 71
85 0
6 88
57 84
43 20
98 13
15 25
92 33
55 60
11 2
46 30
10 62
26 87
57 29
83 88
27 67
59 70
65 26
76 98
78 44
2 21
16 90
89 46
10 96
89 21
32 96
59 3
98 62
42 41
8 54
0 86
61 0
98 48
50 35
73 37
78 29
80 55
14 79
75 91
8 36
73 45
81 57
69 0
32 75
29 7
25 54
39 59
18 38
6 52
23 43
7 3
69 38
53 29
12 90
48 25
5 67
66 8
43 72
