10 100
35 43 24
30 29 24
45 7 28
63 66 30
0 41 16
35 89 14
63 44 6
57 32 6
21 49 6
52 38 3
51 47
48 33
79 62
92 29
59 8
39 49
85 52
70 2
44 61
23 44
60 58
33 82
12 72
53 74
28 76
32 72
5 86
69 41
0 69
28 35
81 95
40 81
74 7
15 81
10 46
80 47
59 88
77 18
84 69
12 43
70 20
95 86
4 0
91 36
45 30
19 4
39 3
38 60
38 85
50 67
92 45
96 30
17 44
67 5
97 72
22 87
53 11
53 98
34 78
38 31
56 21
24 11
32 86
47 2
29 58
77 87
19 28
47 66
85 96
13 40
15 53
74 26
76 95
75 19
29 18
68 98
86 99
20 44
84 90
86 2
0 35
74 8
62 47
67 66
71 68
12 43
27 27
42 51
63 29
73 87
3 76
41 89
42 15
45 49
14 47
79 1
40 63
97 24
29 43
60 24
12 90
95 13
73 38
71 57
54 72
57 51
60 98
71 88
87 9
60 52
