10 100
72 98 32
87 74 30
37 18 25
80 42 29
19 60 13
61 65 9
77 39 5
76 28 4
44 71 6
59 24 4
24 96
68 87
32 4
23 49
58 98
30 87
77 13
33 92
14 61
26 81
55 30
10 52
24 11
24 22
17 51
31 67
95 34
37 9
44 35
80 13
52 35
62 34
11 93
45 21
30 53
77 95
69 14
14 4
58 26
93 46
28 8
21 59
81 84
22 43
49 77
66 68
84 60
98 96
71 31
7 66
8 48
32 18
27 45
64 72
92 61
60 15
58 58
39 52
28 90
9 5
83 65
21 42
99 32
42 38
64 14
9 35
54 95
11 5
23 66
18 41
94 26
79 66
12 2
59 26
68 91
23 7
93 56
85 95
59 10
90 55
2 22
7 92
0 45
9 76
47 47
69 90
66 33
48 63
86 61
44 33
84 85
46 1
58 61
87 22
27 6
99 17
34 35
84 2
86 2
78 58
21 72
83 92
74 44
14 35
74 6
34 59
14 96
91 16
30 32
33 30
