10 100
71 69 25
37 23 26
13 17 25
15 56 21
43 14 12
92 69 12
91 72 21
8 71 4
97 76 6
16 67 5
95 99
70 2
33 96
9 6
59 24
75 3
56 16
44 36
57 35
46 98
57 9
49 95
23 84
74 32
25 41
93 40
73 45
93 28
6 98
31 32
68 33
27 22
61 1
60 83
10 56
23 59
74 94
3 90
56 31
44 71
60 66
25 29
62 55
13 92
54 99
58 52
64 58
0 69
97 82
68 40
12 23
49 13
84 73
54 17
10 31
86 53
2 73
85 80
64 45
9 59
15 13
26 29
72 23
31 73
95 17
26 56
62 30
2 33
36 98
82 78
8 68
82 76
77 72
87 25
55 64
87 51
70 58
88 28
41 66
54 20
83 78
96 41
78 56
17 49
93 88
62 34
15 22
77 74
73 36
23 35
27 22
63 77
3 77
82 25
82 46
18 63
14 70
85 64
92 11
26 94
20 50
89 10
59 34
88 99
47 52
30 84
36 58
47 1
89 56
84 85
