10 100
91 18 31
51 91 22
3 32 23
89 53 15
89 20 19
54 40 9
74 27 17
94 66 6
84 95 6
0 16 5
5 10
90 20
53 56
37 0
3 87
79 74
69 25
64 73
27 37
6 80
20 27
49 17
35 52
75 18
39 44
28 75
34 64
61 2
50 79
33 40
90 46
6 48
46 2
25 57
55 50
89 28
30 10
19 43
33 41
23 12
76 86
95 2
31 9
52 19
49 33
93 70
17 0
51 21
40 31
22 55
9 99
10 44
50 42
62 44
1 9
13 1
77 34
38 21
81 8
23 69
86 17
98 90
73 51
50 81
35 81
10 44
49 71
45 33
33 45
58 30
63 84
69 32
63 74
88 35
20 43
4 35
86 33
4 60
23 59
55 5
90 75
52 22
60 42
7 13
41 29
93 58
3 30
69 95
39 30
58 40
18 29
9 22
21 24
98 67
76 37
45 3
89 8
16 59
49 66
75 65
71 42
81 36
91 93
8 23
63 82
26 87
20 10
46 3
19 75
42 87
