10 100
55 11 28
83 32 25
73 74 26
29 57 13
54 83 17
29 76 17
96 98 15
41 11 5
16 37 5
41 84 7
84 6
33 28
18 69
36 84
30 56
70 64
39 30
85 61
8 29
3 77
89 54
52 57
36 16
3 6
88 70
27 46
22 66
78 88
39 58
5 76
24 76
54 55
17 63
98 39
26 40
78 17
61 80
25 62
64 30
98 48
26 93
7 73
48 90
72 25
66 14
70 39
53 43
13 35
75 62
56 47
90 58
73 84
70 35
36 99
44 4
63 20
73 66
55 33
48 45
95 61
16 66
14 67
30 98
86 62
14 86
24 4
11 42
24 31
30 6
78 8
48 89
74 50
84 97
73 37
66 33
86 99
47 39
42 5
80 95
52 1
5 74
18 51
28 37
99 23
33 50
40 71
84 82
57 62
83 8
54 45
8 29
97 35
39 37
3 14
15 60
72 85
44 52
33 34
41 62
99 8
95 90
37 97
47 65
95 30
46 86
69 73
89 89
39 70
75 98
0 6
