10 100
38 99 27
7 3 28
54 35 28
90 17 20
86 48 8
53 90 7
87 89 21
79 11 6
64 44 6
74 33 5
85 70
39 53
79 2
78 22
93 27
38 45
47 61
44 67
71 17
85 88
47 98
13 35
80 60
89 52
56 6
49 52
86 21
71 59
0 67
58 27
1 64
98 74
60 55
44 10
20 85
40 93
84 80
75 53
42 58
20 10
42 83
85 54
35 28
20 5
72 64
78 81
16 53
29 98
64 54
6 99
94 62
82 51
63 39
82 1
12 2
66 14
37 67
62 92
19 35
57 36
22 45
98 26
23 52
66 36
15 95
77 92
33 8
29 61
53 7
49 30
89 13
9 50
80 24
28 65
74 59
83 27
8 59
9 69
97 84
40 93
11 77
33 8
77 73
40 53
27 41
6 14
76 65
62 58
97 89
71 33
67 28
40 92
36 89
70 33
37 43
79 49
18 30
94 23
62 74
34 0
98 92
59 92
40 91
46 29
98 84
24 34
34 0
0 43
64 2
12 33
