8 100
80 22 26
96 29 19
62 99 17
45 89 26
7 92 20
60 61 17
13 32 11
97 59 20
78 95
33 58
39 69
70 53
17 49
39 6
64 81
25 78
97 35
44 18
41 82
67 19
96 69
67 94
55 2
32 1
59 19
90 7
8 77
32 98
61 99
31 43
95 67
57 36
14 58
6 45
36 29
35 7
15 16
23 47
61 6
1 28
35 37
2 4
68 92
38 43
78 24
62 19
65 42
22 49
0 37
13 97
67 85
46 69
15 55
41 33
99 50
20 12
94 93
59 10
55 84
54 34
68 89
14 35
16 1
56 27
65 43
68 66
95 47
31 86
0 61
93 47
65 29
6 18
21 64
38 17
45 9
90 92
26 79
15 68
4 21
59 69
6 60
30 55
79 62
48 71
13 54
94 35
74 35
6 84
99 46
13 61
75 7
44 43
87 6
0 80
52 17
87 54
9 73
14 66
11 20
39 68
35 97
27 89
58 43
21 14
34 43
17 49
85 84
65 48
