8 100
63 28 20
11 31 16
62 91 27
2 57 14
27 45 20
89 5 21
3 52 23
22 26 13
70 1
42 88
8 84
56 64
87 90
82 49
58 67
87 92
76 81
24 63
83 93
65 50
95 18
64 98
1 6
29 31
28 95
55 31
88 14
51 67
96 7
58 61
69 86
4 9
59 38
6 11
29 84
27 58
68 30
51 86
38 81
15 11
48 86
69 71
23 48
81 87
43 70
0 51
62 14
86 49
1 99
81 17
91 72
13 11
71 92
52 54
49 34
52 4
6 67
41 2
60 63
39 66
26 98
4 59
86 90
94 50
95 8
34 38
53 99
44 69
27 36
35 83
67 39
49 13
25 34
63 83
36 68
7 2
20 25
88 75
31 41
57 35
40 27
84 99
9 67
51 41
59 32
51 58
94 17
93 47
37 47
34 96
26 72
96 13
31 59
26 28
11 59
69 11
30 52
51 57
22 25
73 7
20 30
73 64
37 24
77 6
13 66
0 20
16 40
48 21
