8 100
21 34 13
85 67 21
54 88 15
15 49 15
39 41 17
60 74 29
50 1 24
36 40 20
79 37
70 20
4 58
10 69
44 6
64 99
1 83
37 19
27 12
53 28
8 39
88 88
99 5
97 76
52 26
97 89
86 16
7 22
52 46
13 43
38 2
4 84
94 71
71 37
38 2
11 51
9 38
50 53
79 43
61 59
27 11
80 72
85 25
82 41
46 62
18 75
1 20
39 91
0 96
82 24
77 24
51 36
27 55
8 60
55 11
12 67
31 69
57 54
43 71
78 75
29 20
27 75
31 80
84 59
96 55
22 36
30 55
19 84
61 11
70 70
44 53
63 78
71 41
70 71
88 49
60 16
20 34
34 97
51 59
75 71
2 19
11 10
82 89
33 73
65 74
73 73
61 58
65 7
47 28
82 66
76 73
18 15
27 66
89 56
72 33
1 92
72 54
18 3
22 39
8 89
38 13
64 49
59 36
29 34
10 77
20 17
93 76
37 14
26 43
43 8
