8 100
78 93 15
27 99 22
73 15 24
76 6 22
28 18 20
66 86 14
92 36 16
98 84 18
81 81
33 44
57 44
56 69
99 63
45 45
71 56
45 2
2 68
55 18
58 27
69 6
59 79
35 90
0 48
53 15
73 38
81 7
96 45
80 32
41 77
85 96
61 26
2 54
54 57
73 59
92 50
11 27
95 39
40 84
83 4
72 54
91 15
54 84
38 87
29 52
75 28
3 61
69 96
10 39
17 15
86 98
0 11
29 25
47 69
59 57
43 10
11 98
29 96
11 28
60 12
75 59
25 43
68 72
95 9
96 64
15 61
80 28
11 15
22 37
91 9
65 31
22 41
19 18
54 49
30 64
28 30
57 56
99 93
98 58
80 23
64 47
55 35
88 13
69 13
65 61
11 6
96 53
82 87
64 35
63 37
35 18
59 46
98 64
30 35
62 17
98 48
52 87
64 61
50 89
29 14
33 82
51 35
47 23
9 52
27 20
31 75
59 21
38 76
10 83
