14 100
80 7 5
50 78 7
79 75 6
64 80 12
51 82 8
57 38 10
9 94 5
28 87 12
12 45 12
76 18 9
4 50 11
30 55 7
28 86 12
8 8 5
0 37
13 26
45 58
68 70
37 2
14 75
48 34
53 49
85 13
31 20
10 47
8 85
27 21
33 35
87 60
57 86
72 55
58 36
96 80
14 49
91 67
25 4
50 28
82 2
26 56
54 8
94 55
65 27
55 18
97 61
73 51
37 35
76 90
89 29
48 27
65 0
33 91
78 98
36 59
39 63
64 64
1 48
99 30
42 79
17 19
77 8
81 58
90 53
9 99
22 14
7 81
72 24
23 46
75 48
69 52
92 90
20 56
10 49
67 17
18 0
53 80
64 90
95 86
10 79
97 40
18 13
32 8
96 61
86 70
26 77
8 9
88 28
17 66
61 22
26 65
96 55
19 89
99 37
69 99
61 74
72 53
37 96
9 10
68 96
73 43
44 4
49 73
97 96
6 7
54 21
99 46
23 90
26 2
11 33
90 79
64 55
56 95
86 16
12 27
25 65
