2 100
68 15 62
32 28 39
61 60
4 5
31 49
0 56
58 9
7 51
53 43
38 23
93 6
92 84
24 37
20 83
89 99
55 31
7 62
79 95
62 13
16 65
63 22
34 25
81 36
2 85
77 55
67 75
38 16
92 58
61 48
67 14
71 74
65 71
20 44
99 72
1 1
63 80
78 25
12 95
30 84
27 70
63 1
72 54
43 77
48 19
79 80
62 14
79 16
46 45
52 74
91 58
43 90
1 0
67 46
52 73
93 78
70 78
6 77
34 89
75 75
48 76
78 8
38 69
14 49
0 18
27 54
54 60
55 29
0 70
75 22
47 95
75 80
83 32
36 19
25 39
42 28
34 79
92 31
91 55
79 49
69 70
22 90
50 48
5 38
84 23
13 1
88 72
68 96
8 20
19 14
69 37
96 26
49 50
92 44
31 63
12 27
12 15
56 16
87 80
25 56
41 36
95 5
54 91
