2 100
12 73 31
94 53 69
69 81
39 31
0 78
60 39
24 29
51 41
48 68
20 84
90 0
22 12
98 38
49 13
36 95
21 38
56 77
88 28
12 82
42 62
58 12
89 58
72 27
90 1
80 27
7 49
34 5
17 72
10 14
21 51
57 68
87 95
39 93
3 67
35 13
17 88
93 41
41 43
41 34
40 93
65 64
1 35
97 81
46 3
52 67
4 68
50 13
46 55
29 50
10 2
71 33
27 21
66 87
71 57
26 7
41 96
64 0
68 57
75 28
4 8
4 51
8 4
18 98
47 36
29 1
3 78
44 98
68 45
25 76
79 3
10 53
88 53
87 8
85 33
0 6
77 10
94 41
0 10
47 31
77 73
6 35
77 81
46 85
59 41
9 44
68 17
57 76
78 88
76 34
9 91
70 46
81 6
13 68
90 79
8 72
21 26
69 93
6 84
64 82
10 66
3 22
43 47
