2 100
2 8 64
79 40 58
9 42
83 45
23 10
52 72
7 47
41 85
73 25
79 84
71 84
24 26
34 80
95 31
44 42
45 18
3 82
28 2
9 37
44 61
19 34
6 33
99 85
83 0
37 48
47 19
61 6
72 16
95 44
67 93
74 6
67 8
54 45
97 75
31 94
4 7
90 22
54 73
87 75
56 49
23 75
46 88
87 30
9 34
40 69
76 15
48 62
43 69
25 31
15 41
47 18
9 74
17 95
20 76
70 47
31 58
21 20
23 34
19 89
52 86
79 17
5 11
57 57
23 52
2 74
20 16
74 24
94 8
51 37
40 80
9 3
77 65
15 75
36 2
20 80
79 81
22 76
85 69
34 35
92 30
72 74
77 64
61 90
57 98
7 63
82 0
13 72
76 74
26 21
97 29
3 20
96 71
1 26
67 36
62 71
14 75
73 96
18 22
25 78
70 54
17 22
70 82
