2 100
31 32 28
30 67 72
79 7
7 20
35 6
8 12
60 68
2 67
47 96
10 12
34 94
18 23
38 89
90 3
41 7
8 19
34 68
47 4
6 77
56 1
97 87
86 1
71 43
3 22
45 2
11 92
22 64
67 43
35 25
9 61
60 53
2 0
48 21
68 30
29 82
24 83
88 75
47 37
76 18
11 40
33 25
84 38
42 57
12 25
81 14
62 53
84 82
67 92
77 57
9 78
5 7
53 34
96 65
57 36
81 65
62 97
21 85
45 32
37 4
8 73
55 4
95 32
25 47
72 95
8 37
45 21
59 12
71 15
19 33
83 53
61 27
69 26
24 72
27 69
64 51
55 5
66 48
40 88
57 24
12 44
15 49
91 84
84 36
68 41
29 54
25 82
63 39
32 85
21 90
0 43
19 25
86 54
32 55
72 63
77 89
55 9
86 91
36 27
95 75
95 40
38 60
33 91
