2 100
53 9 39
98 69 61
13 71
74 93
97 69
89 23
11 54
81 96
42 81
38 35
24 96
77 79
98 30
24 84
17 49
67 91
20 53
36 76
77 80
61 5
91 48
23 38
4 92
22 69
34 79
85 46
8 89
10 64
32 47
88 23
32 69
67 88
21 72
82 43
33 84
92 13
36 72
7 60
31 54
17 25
47 79
35 14
65 75
6 28
51 21
56 0
91 75
20 27
75 20
88 68
17 67
6 31
28 21
62 84
98 93
82 99
45 54
58 69
75 32
26 82
7 68
4 80
70 72
57 94
28 70
70 84
22 1
74 2
58 8
14 50
50 59
28 13
55 77
11 54
68 61
6 91
51 86
25 39
61 30
90 61
11 65
74 87
33 57
78 67
1 66
13 25
99 5
87 35
60 41
74 98
85 83
68 41
0 98
60 54
36 43
74 34
1 25
55 21
67 78
91 21
55 68
49 53
