6 100
65 1 25
22 31 33
54 16 29
83 57 16
95 15 22
40 6 27
8 58
17 82
77 97
86 64
20 42
12 57
72 88
98 6
52 96
39 54
5 86
90 75
88 70
85 4
47 31
92 55
79 60
39 0
3 11
60 8
88 97
90 27
88 94
86 66
5 10
35 51
79 4
81 67
77 79
17 89
57 34
36 56
98 94
34 43
84 91
53 61
2 43
21 7
62 60
14 35
70 97
68 93
92 21
71 33
69 64
79 45
51 27
24 67
12 19
97 10
29 7
89 49
42 41
24 64
23 29
67 73
84 53
21 32
6 14
42 89
56 30
86 69
84 13
93 21
58 45
72 77
21 10
10 67
86 95
11 11
62 46
87 48
62 94
89 29
36 22
54 31
5 35
30 89
23 9
74 43
35 55
98 94
81 79
46 46
5 17
40 28
38 78
2 75
87 50
33 95
40 11
9 87
90 35
39 84
8 20
98 6
70 36
9 73
52 94
55 67
