6 100
48 38 20
53 56 31
62 7 20
83 45 34
7 14 15
34 71 30
34 89
91 77
43 25
34 98
26 54
25 51
39 2
64 96
43 44
56 67
4 6
49 56
22 55
71 36
66 27
29 63
6 31
54 36
13 81
81 80
69 23
4 98
54 76
46 44
0 73
91 42
90 95
70 14
78 65
55 83
61 28
56 71
56 41
36 78
76 33
55 94
34 89
95 11
28 96
43 92
34 41
77 22
49 8
37 96
18 57
51 51
5 35
55 71
11 93
37 12
84 38
8 83
49 28
43 29
44 68
34 11
80 69
44 2
37 38
39 65
40 66
94 83
8 46
14 58
53 21
54 87
66 11
55 34
16 90
73 58
44 40
95 24
49 15
93 72
94 96
57 11
32 65
54 26
37 49
78 1
75 4
65 77
38 24
87 24
91 11
82 50
96 78
78 61
30 26
30 90
27 78
70 41
14 17
1 38
99 6
42 51
74 6
25 49
97 53
59 22
