6 100
86 3 22
7 59 28
98 67 21
24 23 38
44 86 24
5 84 22
97 13
92 75
47 82
14 29
39 50
39 59
20 35
49 38
39 4
4 54
7 39
43 50
51 18
59 50
47 49
22 6
8 16
65 98
47 91
71 30
66 77
81 21
42 8
57 73
94 16
74 90
70 26
42 50
93 61
22 80
15 52
99 56
72 21
33 54
95 54
9 87
94 43
16 16
88 6
21 13
39 7
76 64
97 4
6 36
59 87
13 58
55 94
42 38
95 31
65 57
44 87
35 31
82 74
74 67
9 3
0 16
11 93
32 67
85 78
12 46
42 61
39 82
99 39
42 11
91 66
70 17
87 11
64 19
7 43
12 33
77 18
28 75
17 21
80 72
45 14
90 56
58 9
67 60
87 22
54 88
82 6
52 98
5 91
26 36
91 92
43 85
33 42
1 63
52 53
0 31
31 67
8 41
0 49
19 76
42 15
31 71
72 80
52 67
78 64
61 3
