6 100
14 76 31
10 75 23
60 71 32
83 67 12
18 40 23
16 48 33
5 9
19 27
80 20
3 94
10 52
41 89
85 75
0 44
34 32
41 36
33 84
8 5
2 6
48 68
43 68
89 77
60 42
79 49
23 15
88 76
75 43
79 87
44 8
40 42
37 43
25 42
7 77
77 98
71 8
96 72
34 76
66 66
4 69
12 13
22 80
93 12
99 97
57 33
0 7
88 7
37 34
47 87
37 45
94 0
29 72
91 3
0 3
85 38
60 41
59 57
88 21
68 15
29 71
56 80
50 81
20 75
37 73
17 88
61 10
65 32
30 27
57 89
72 3
13 31
27 28
97 25
98 84
84 0
62 16
70 54
84 76
64 54
67 47
84 89
63 39
85 73
26 3
6 39
50 36
97 17
88 2
5 90
74 0
7 84
58 72
50 41
82 42
88 18
90 97
37 36
17 78
19 99
29 35
55 35
71 69
90 43
49 35
93 57
35 76
87 70
