6 100
63 13 33
95 18 36
25 76 29
66 98 20
77 12 16
41 22 17
46 28
5 14
27 37
50 95
95 8
8 79
16 42
88 90
60 77
78 59
84 57
0 62
38 17
49 0
11 87
27 20
60 82
51 86
53 69
97 92
21 13
46 90
70 65
31 21
99 99
84 92
25 0
34 19
97 34
88 37
36 43
13 55
28 20
64 41
77 94
8 64
44 61
74 82
79 8
48 97
45 98
12 10
39 55
8 18
53 75
60 2
28 62
75 5
22 75
36 92
60 43
41 10
63 16
4 39
28 36
98 2
98 26
58 30
48 90
99 48
41 12
98 60
51 65
39 11
15 65
49 75
18 16
62 26
79 77
47 2
13 35
70 34
15 66
63 13
4 47
95 40
3 39
59 23
84 25
50 41
11 89
13 54
64 32
78 33
66 9
21 60
83 88
2 21
46 11
28 78
75 83
99 79
3 23
49 80
92 36
60 5
96 94
90 32
56 12
34 7
