6 100
98 74 29
98 43 32
97 96 32
99 0 24
10 80 15
16 82 21
81 51
38 86
54 49
29 27
98 64
78 95
67 56
24 15
65 19
65 52
19 7
49 34
83 81
17 54
35 18
70 43
43 23
62 72
80 67
70 51
47 21
34 12
86 87
71 81
85 36
68 83
35 4
63 25
34 14
3 83
46 74
86 25
24 29
73 92
7 47
53 67
59 62
20 48
57 55
74 13
16 34
22 69
80 33
63 17
6 34
82 55
52 32
53 58
89 96
28 50
43 87
1 64
62 59
23 89
0 13
56 47
61 73
38 4
81 22
51 67
98 27
2 82
18 63
41 94
14 80
88 93
99 11
67 6
26 66
8 93
20 48
98 15
1 69
22 2
33 12
37 29
92 23
46 39
48 79
79 62
26 71
88 71
73 98
13 80
88 47
85 77
37 86
85 72
32 48
32 49
60 82
12 12
64 98
74 33
56 63
15 81
19 65
50 2
74 18
30 51
