6 100
90 10 33
36 88 32
12 57 35
0 35 20
8 67 20
26 90 13
26 33
55 64
97 95
51 7
12 8
26 22
17 11
99 80
74 16
98 40
67 80
87 26
29 13
70 24
35 14
72 53
20 44
27 49
56 37
11 50
97 5
69 98
2 86
69 79
30 23
89 52
68 29
53 1
92 8
52 32
32 20
24 82
42 26
25 36
14 12
57 15
3 8
94 39
76 99
89 9
63 83
17 84
52 37
68 86
52 64
5 95
86 43
18 56
35 71
24 1
34 68
77 4
27 33
0 25
70 24
38 68
36 6
5 97
41 73
44 86
18 26
92 99
8 52
28 49
7 90
0 42
99 10
3 98
64 56
90 75
79 14
62 16
26 60
61 75
1 91
86 43
18 86
93 52
68 73
9 37
33 92
43 18
54 76
83 85
97 18
35 82
39 81
80 17
4 25
51 88
6 49
75 45
25 7
8 67
14 40
47 19
44 45
86 10
6 2
83 90
