6 100
12 5 23
69 98 24
49 66 39
97 82 19
53 88 21
34 79 25
31 26
40 10
74 52
1 22
93 37
73 47
36 87
97 76
31 22
14 58
74 47
2 51
87 85
72 51
25 29
81 32
77 42
1 47
37 52
0 57
55 78
20 34
16 30
48 14
98 76
23 64
27 48
96 9
13 82
18 50
4 85
97 22
35 29
51 19
2 59
74 22
5 69
6 91
12 46
92 28
13 81
56 27
68 67
30 14
40 89
11 83
77 23
63 6
91 63
74 36
88 59
86 15
87 47
11 57
16 89
39 17
22 22
6 44
39 39
56 31
89 54
5 76
57 74
14 56
70 23
5 55
98 29
64 52
88 72
35 93
3 12
83 2
81 44
31 99
47 40
81 94
12 56
98 82
48 51
29 7
62 99
49 50
38 12
27 17
69 25
57 59
16 78
65 91
17 11
71 83
12 76
69 71
73 51
20 63
37 81
39 70
64 6
7 65
42 53
34 6
