2 100
47 83 77
25 44 69
98 56
31 50
87 53
15 25
35 53
77 19
63 97
58 58
48 23
19 65
5 27
50 63
66 30
7 55
42 80
75 35
6 4
33 17
30 93
97 17
53 14
96 64
24 70
18 31
63 83
85 45
18 1
1 70
6 78
96 86
21 4
50 35
76 53
38 66
1 39
4 18
33 22
51 38
70 12
98 82
40 6
12 17
60 7
49 24
77 52
11 81
26 22
11 79
48 88
13 93
22 15
27 55
27 9
49 19
5 7
51 27
96 81
92 35
31 99
90 85
73 35
48 29
91 63
5 46
6 39
90 67
23 48
77 64
31 71
76 57
23 75
85 17
55 23
83 86
40 46
28 35
93 40
12 34
12 45
85 82
31 76
59 71
78 54
84 2
9 96
95 91
1 53
42 39
25 5
71 41
7 33
69 47
67 37
59 6
38 69
67 8
98 89
1 86
45 24
61 10
