2 100
20 69 81
29 97 50
53 25
99 26
55 98
78 50
55 65
28 43
97 65
24 49
11 76
93 39
55 98
29 48
37 3
1 40
96 51
65 62
11 35
44 71
37 5
21 15
36 12
93 61
79 7
21 30
23 7
43 76
1 3
31 93
65 65
69 79
71 15
44 67
71 60
92 29
7 18
59 65
9 7
73 30
34 73
43 63
55 59
17 77
7 78
14 95
78 92
73 89
76 28
2 70
72 11
85 81
17 47
84 55
10 73
28 23
20 52
86 71
50 64
34 98
65 25
33 7
48 25
16 28
2 13
47 49
54 49
54 41
69 13
71 95
69 89
8 35
85 87
4 99
1 32
70 11
60 81
21 56
7 91
79 96
12 34
80 66
79 35
51 68
84 3
14 44
90 48
50 60
16 67
5 38
84 63
85 97
3 77
19 61
94 66
6 26
11 4
84 68
0 56
97 66
57 29
16 87
