16 100
4 0 8
68 91 12
29 23 10
2 45 11
85 68 12
39 65 10
37 55 10
68 61 9
58 33 11
41 28 8
21 73 5
67 47 5
3 71 11
94 40 11
81 97 5
85 27 13
12 21
65 10
46 88
23 14
45 58
45 43
89 81
44 49
20 77
98 53
1 24
27 50
96 4
3 81
86 3
83 85
46 17
63 8
37 68
84 80
94 35
88 16
11 8
24 13
75 59
3 64
31 60
46 49
29 23
45 11
30 53
46 54
64 15
41 91
77 9
9 93
18 65
21 17
34 85
18 83
70 2
8 85
80 45
52 39
1 68
69 12
58 87
0 19
38 8
9 87
41 29
33 45
76 83
99 47
87 7
1 62
8 25
86 36
84 87
97 41
66 49
36 58
56 24
79 50
76 61
11 57
25 28
30 44
18 99
58 33
73 9
95 13
68 76
60 98
26 44
83 83
43 85
52 63
56 34
1 81
93 25
34 7
52 52
10 14
22 31
55 61
20 71
46 27
59 21
1 81
17 70
17 98
28 54
48 94
25 44
47 30
74 96
53 65
94 83
20 60
