16 100
53 37 7
45 21 7
33 1 12
60 4 13
8 78 6
36 89 11
18 92 10
21 28 14
49 30 7
24 4 11
28 65 7
76 38 6
45 19 11
8 46 13
42 33 13
41 49 9
56 95
67 18
73 24
60 33
56 29
47 69
24 29
65 26
29 20
4 57
63 75
25 49
34 68
63 30
34 30
5 77
2 66
30 38
68 66
30 91
71 64
72 37
77 58
0 3
51 10
6 66
99 33
60 27
99 1
67 87
23 64
21 84
16 56
83 15
71 90
11 19
83 56
74 86
70 49
93 69
59 41
93 18
55 81
35 28
41 40
40 1
66 47
49 4
83 12
68 32
88 88
93 84
97 9
78 10
82 60
30 75
42 2
13 42
10 65
12 1
88 94
25 86
64 33
95 43
38 6
52 20
26 16
36 41
39 96
26 47
0 30
5 78
28 14
23 35
67 67
54 20
66 90
61 49
78 28
6 90
69 66
66 83
37 46
31 20
23 17
43 85
49 24
89 84
24 5
36 75
16 95
21 48
84 1
41 70
57 25
33 88
49 17
91 81
70 68
90 34
