16 100
25 10 6
14 58 9
93 35 11
84 25 9
78 38 6
35 4 13
35 34 10
93 21 11
6 45 13
9 13 6
85 36 12
45 11 10
33 62 12
62 51 8
40 8 7
64 2 7
44 73
68 0
90 36
87 46
83 43
60 45
77 79
55 99
81 17
21 7
45 6
77 69
14 46
0 82
2 8
94 41
5 2
69 36
71 14
85 61
64 81
68 41
75 9
83 56
66 62
90 62
32 23
80 0
99 49
51 53
65 63
27 73
65 79
38 34
63 37
90 7
5 92
0 24
66 64
70 44
87 94
42 86
64 9
67 40
42 81
77 91
32 2
22 10
25 60
52 30
63 5
29 95
28 17
54 89
19 32
0 97
41 44
78 53
41 98
14 71
2 40
1 13
21 92
9 93
31 97
68 90
42 91
88 11
2 86
7 44
84 33
36 86
41 49
42 49
15 33
53 13
82 8
8 66
14 4
7 53
98 24
11 83
78 57
13 52
88 95
8 53
74 54
66 9
57 83
0 94
51 96
32 56
6 41
31 70
32 32
18 81
42 18
46 94
61 86
27 0
