16 100
87 48 8
28 13 8
13 28 13
29 24 8
85 95 13
57 76 7
0 42 9
51 47 13
8 55 7
90 21 14
71 11 7
83 14 13
11 59 13
36 3 10
82 30 11
93 21 7
71 89
47 42
21 47
55 37
52 17
46 65
11 4
55 89
57 89
8 45
85 56
96 47
74 29
75 14
58 39
0 19
45 62
92 1
66 92
26 13
70 46
13 78
43 52
48 10
41 59
71 16
14 98
30 41
94 14
57 25
11 73
14 58
80 38
69 49
22 36
91 20
76 46
35 35
60 9
41 25
77 86
89 77
39 1
79 33
33 94
97 99
39 15
24 24
6 48
38 6
8 65
22 48
48 38
59 18
69 70
44 41
92 50
56 73
91 51
70 23
57 59
86 99
51 73
51 78
24 90
75 67
36 51
30 72
34 63
70 44
3 52
27 89
7 36
58 83
87 63
60 21
19 14
19 27
96 26
60 18
34 27
66 73
53 74
95 49
0 23
17 25
4 62
5 47
83 6
97 66
22 97
57 84
56 55
41 45
99 15
64 70
88 66
3 88
97 15
94 63
