12 100
64 35 10
56 77 8
56 28 18
6 69 13
72 62 14
21 96 10
88 11 7
73 44 19
96 2 16
31 60 10
24 94 10
1 43 15
62 90
82 34
42 29
7 93
17 80
76 1
31 32
94 15
71 42
94 4
53 13
82 44
76 73
52 8
1 16
32 65
46 16
58 73
59 67
31 13
70 3
34 51
34 79
35 71
56 16
38 3
28 56
0 84
21 86
74 28
61 90
34 48
63 80
77 23
84 91
45 30
86 37
79 61
7 74
32 5
87 54
39 24
43 67
66 25
10 55
38 2
39 21
87 31
57 22
62 65
59 28
84 96
61 93
91 0
45 55
24 67
2 29
65 65
20 89
76 36
34 65
28 88
30 8
68 78
58 37
35 67
4 51
20 69
28 18
30 9
34 61
88 90
56 14
70 6
88 39
67 45
99 69
12 51
90 11
51 36
16 95
74 65
32 86
34 66
63 76
38 46
44 27
38 94
14 87
84 26
63 30
14 7
21 47
33 26
67 91
32 20
47 55
79 61
95 74
76 48
