10 100
55 61 17
83 29 10
37 1 15
36 96 15
89 24 21
90 30 19
16 26 26
32 94 11
89 42 19
2 47 21
94 77
25 60
18 22
61 59
42 67
15 12
65 68
33 99
59 18
8 17
7 53
81 55
69 38
55 30
10 50
1 30
21 58
32 79
93 93
89 52
17 59
40 99
45 68
40 4
93 25
13 9
80 61
19 11
35 39
19 12
39 51
31 97
80 3
60 0
57 92
87 94
49 39
60 8
92 95
93 18
49 41
98 98
46 99
7 93
40 82
1 15
32 35
98 52
39 85
87 85
86 16
71 60
82 28
16 38
25 82
39 55
80 91
95 51
32 84
25 64
5 26
78 27
25 59
98 2
67 57
74 42
64 71
6 99
92 43
39 17
33 48
26 22
78 34
36 50
39 43
9 97
54 50
8 39
77 16
31 99
43 54
52 94
44 97
78 3
12 47
70 89
4 73
37 79
53 61
35 5
64 88
3 13
74 83
33 41
25 71
57 20
20 96
53 35
48 53
75 31
