10 100
67 65 10
27 28 10
72 75 12
69 26 11
66 28 22
74 12 24
75 23 24
74 9 22
68 31 16
31 27 20
23 99
49 96
32 52
99 80
95 1
55 88
33 56
32 19
28 32
49 2
95 67
53 46
14 47
47 75
52 47
61 60
94 52
93 52
4 96
61 48
99 65
28 55
58 84
11 13
60 87
4 66
47 57
33 3
15 48
36 97
15 99
35 29
80 66
43 25
30 77
88 36
79 61
91 94
30 53
45 52
81 13
77 31
76 44
68 74
64 61
44 86
59 8
29 94
53 14
90 66
87 96
95 66
37 31
37 72
96 47
97 34
33 13
22 81
70 54
97 74
44 56
3 7
29 44
0 59
72 82
31 90
39 27
62 85
83 84
86 61
81 85
42 68
61 61
24 81
51 53
70 66
25 79
56 63
90 45
71 68
54 1
38 75
30 16
24 57
64 95
79 28
64 56
41 55
55 46
63 94
38 91
62 55
99 94
89 47
14 33
19 38
3 49
49 24
57 39
37 56
