10 100
67 0 15
70 42 16
90 16 21
50 94 21
33 43 22
64 27 11
90 77 24
37 79 19
11 93 15
9 69 15
83 4
87 93
55 76
72 24
67 61
32 4
97 58
55 53
95 92
83 26
29 41
66 78
36 15
15 40
11 61
92 30
5 14
90 11
47 91
33 34
63 35
89 65
36 50
38 81
84 66
69 42
95 6
62 4
7 59
87 27
14 60
41 23
52 26
60 17
14 98
24 78
32 63
65 1
25 84
57 70
87 76
38 42
90 7
94 59
64 89
92 30
1 17
22 61
29 26
60 93
4 75
95 16
19 14
36 53
9 54
33 72
16 77
36 64
33 61
92 3
93 74
76 25
56 83
49 4
57 91
7 77
58 25
55 72
49 66
37 46
78 79
9 14
83 79
33 12
34 38
95 21
89 57
25 47
16 54
55 75
59 97
78 7
71 69
44 40
14 3
79 67
41 75
88 28
52 5
81 89
64 30
68 43
64 42
86 35
43 72
71 26
26 80
36 86
16 4
45 7
