10 100
80 95 15
87 94 18
2 41 24
1 26 23
74 5 19
51 43 22
66 62 10
5 54 15
56 86 13
16 56 18
56 97
62 35
89 88
97 21
59 68
71 91
25 5
24 19
78 21
2 84
53 15
9 57
58 76
39 54
64 94
4 98
76 53
63 6
73 45
40 82
51 92
74 44
84 39
28 22
78 34
4 48
93 79
50 38
20 81
73 36
57 83
79 24
18 4
76 29
92 20
89 22
30 80
83 52
1 20
58 27
89 83
67 60
23 76
77 39
8 86
85 96
66 22
15 53
76 83
69 81
81 93
50 6
21 7
25 38
46 11
3 14
35 24
60 39
43 13
16 65
17 45
73 58
90 47
72 1
75 43
36 54
67 28
40 60
25 69
39 61
31 97
30 32
53 1
10 38
51 64
76 16
15 40
18 18
13 98
92 5
8 75
81 70
43 10
33 89
37 56
47 79
38 3
67 78
76 86
55 75
86 58
43 76
75 75
18 19
85 0
30 38
56 57
5 47
30 90
1 72
