14 100
37 18 8
71 1 13
39 39 18
43 62 8
32 63 18
9 24 19
73 52 16
74 34 7
68 6 9
90 89 15
8 2 18
58 48 10
90 41 13
60 90 16
22 46
73 82
86 70
56 48
68 29
77 74
27 50
15 67
82 63
94 28
67 69
92 9
83 7
45 31
35 23
94 24
91 81
50 17
65 95
27 32
86 64
26 65
36 11
68 28
27 89
5 23
9 8
23 13
71 45
6 22
60 17
2 26
10 58
13 53
44 41
8 72
2 47
54 24
57 97
62 67
62 8
50 6
53 21
31 5
31 98
91 40
22 37
74 23
63 31
67 10
83 8
86 23
82 65
19 73
48 29
84 41
84 13
57 20
61 3
17 75
53 29
60 3
25 61
74 20
72 18
61 95
11 85
62 38
85 62
53 72
28 19
18 9
17 12
94 24
33 55
92 30
95 27
22 26
48 88
64 30
44 85
46 54
55 59
34 76
81 19
67 98
80 5
10 79
92 38
24 30
54 33
52 43
3 95
68 49
5 24
5 4
58 57
35 29
19 95
38 15
