14 100
29 14 14
28 55 9
74 72 11
23 44 13
65 87 10
23 19 9
90 98 15
44 75 19
87 44 11
24 90 9
3 70 19
55 73 13
30 57 13
34 47 15
0 19
26 39
10 23
8 35
78 56
35 91
38 59
88 13
81 35
30 99
6 68
32 76
83 1
49 90
27 30
21 56
59 44
89 82
98 65
35 92
35 39
36 44
81 9
57 82
49 15
95 6
48 94
3 22
76 2
65 35
49 71
12 93
71 57
51 64
53 76
85 14
48 77
85 3
74 32
76 2
21 47
41 48
79 76
89 78
74 56
89 80
53 56
44 18
24 36
38 36
40 69
80 80
96 56
28 26
14 29
26 76
98 34
15 73
54 4
70 58
78 72
35 40
97 75
9 49
36 78
57 70
80 43
20 46
28 29
49 92
52 94
30 28
47 13
40 20
91 96
90 88
75 65
54 49
34 28
83 19
20 40
39 73
18 89
68 27
16 20
65 5
93 74
31 8
7 81
23 32
6 84
89 29
9 51
51 61
64 35
81 6
85 38
3 2
4 71
46 98
