14 100
71 47 15
86 66 16
61 16 16
45 64 15
78 54 14
26 14 13
45 77 11
81 95 11
95 10 11
62 73 8
60 18 18
52 79 11
98 61 18
85 59 14
23 76
90 56
7 68
98 24
84 30
29 31
16 15
48 63
1 48
92 62
48 0
8 8
80 35
24 68
84 43
45 58
24 53
14 30
26 74
81 61
95 77
84 57
38 91
89 41
77 9
65 47
71 40
61 92
20 85
51 84
91 11
23 28
59 21
94 93
85 62
83 46
85 85
37 96
73 51
67 43
82 88
53 53
65 24
54 1
65 90
43 97
50 2
16 39
88 27
54 83
76 10
30 78
82 56
17 73
84 78
20 59
34 88
21 88
0 56
77 73
25 86
95 3
85 46
7 29
24 56
98 41
18 10
89 86
97 85
39 96
98 30
75 21
84 29
91 6
67 63
60 67
4 83
44 76
91 70
16 86
4 59
6 95
41 75
57 11
21 65
93 7
45 91
1 90
44 85
95 94
19 97
5 54
19 16
31 3
81 10
47 88
20 75
21 16
9 15
82 23
