16 100
65 32 8
4 4 7
15 42 5
65 75 9
28 42 6
66 27 6
40 82 9
26 79 5
14 16 10
55 83 5
60 38 10
25 24 7
16 84 11
60 41 4
17 26 11
51 67 7
80 18
79 56
56 94
51 47
19 97
97 14
14 46
48 92
67 88
76 28
27 93
34 42
32 70
90 31
48 78
52 50
8 39
94 50
39 87
99 94
87 72
13 77
68 81
6 38
11 48
46 90
27 71
39 30
96 67
55 19
68 10
77 96
95 81
11 15
85 84
89 50
17 2
21 42
84 46
5 77
71 68
90 24
77 3
22 42
39 89
82 19
63 48
63 25
81 77
6 42
44 62
33 37
44 32
30 81
6 33
14 63
52 40
78 34
12 42
82 68
44 63
21 92
63 11
88 19
18 12
91 40
41 50
49 79
11 0
86 12
81 93
17 51
95 68
1 93
12 48
4 21
45 87
25 84
77 29
57 94
80 21
91 9
87 29
17 14
29 55
87 25
42 93
60 48
93 55
43 87
35 33
52 82
93 30
85 63
74 43
24 24
58 76
62 69
76 67
71 89
