16 100
3 99 10
13 83 11
79 73 8
47 7 11
0 52 8
50 99 8
41 56 4
36 33 5
68 83 6
35 71 5
86 96 8
38 44 7
68 5 11
86 34 4
39 47 6
19 19 10
39 33
76 47
43 27
89 83
57 5
59 72
38 75
94 22
92 50
42 77
81 34
12 67
66 97
15 34
11 84
38 73
7 50
54 64
89 72
70 59
67 57
63 65
81 61
30 16
91 77
8 79
46 4
29 52
0 51
14 46
88 49
34 53
42 73
50 36
11 91
84 97
80 57
39 39
95 92
43 8
98 15
85 76
46 17
91 93
48 68
1 70
91 7
44 83
20 60
39 60
37 52
94 42
71 20
81 57
25 31
66 47
99 29
33 85
11 85
99 0
27 98
5 34
82 36
31 96
36 98
29 17
76 10
78 44
50 9
9 29
23 92
69 55
34 50
74 77
90 94
53 79
36 18
9 23
6 50
19 70
76 10
5 81
47 13
50 59
12 22
84 36
93 93
84 26
63 76
45 41
94 49
0 16
85 98
50 88
79 62
0 54
27 34
62 7
18 53
36 72
