1 100
60 88 200
46 80
91 18
9 7
65 19
94 38
19 46
17 19
42 65
44 86
67 88
50 53
9 50
21 71
10 89
78 73
70 39
87 70
49 79
59 75
14 10
55 3
35 88
31 52
9 9
4 92
10 89
6 46
78 82
60 62
88 26
30 75
17 55
76 1
79 94
10 96
52 18
60 22
40 79
15 11
32 83
26 92
0 24
38 59
70 0
84 54
24 14
16 21
7 40
55 7
75 32
39 65
50 77
60 67
75 94
42 26
4 23
18 38
91 68
49 66
35 60
28 46
55 74
59 64
15 27
92 16
16 79
28 74
91 93
40 12
38 23
36 29
84 16
36 35
19 84
4 19
41 42
9 44
58 68
84 23
46 43
7 13
15 14
38 22
26 71
32 70
0 83
98 56
74 48
85 5
65 1
10 29
56 55
56 89
79 40
0 95
62 87
9 39
22 93
73 50
26 56
