1 100
52 62 200
65 29
7 56
45 28
32 49
43 28
1 1
32 29
67 45
24 54
75 99
63 35
90 4
5 87
35 39
79 9
34 83
68 88
32 9
83 74
8 22
27 14
73 19
40 2
98 11
73 84
38 94
51 72
89 29
64 17
61 42
98 16
22 93
13 12
24 16
69 13
49 3
59 51
23 41
73 42
82 33
93 35
71 78
21 48
22 75
10 83
59 5
0 78
38 56
67 73
30 72
21 74
29 29
18 35
70 14
47 97
74 64
24 54
60 99
46 91
98 44
41 24
22 66
27 89
35 67
97 30
87 34
33 88
86 37
42 70
12 74
85 89
1 91
12 41
5 20
60 21
86 85
41 42
40 92
4 71
31 77
51 30
65 27
74 12
61 22
96 6
23 14
18 60
38 12
74 69
74 34
11 74
32 5
92 79
5 59
3 54
77 49
40 82
57 33
82 82
40 17
