7 100
0 28 14
89 87 25
38 21 29
42 10 14
50 34 14
62 7 32
15 17 28
5 21
71 10
82 35
72 83
46 49
21 85
77 90
76 70
26 25
97 71
11 31
64 41
36 7
49 48
96 8
25 31
69 47
7 22
21 82
47 35
99 62
18 77
79 65
30 6
52 16
21 42
60 16
37 62
50 62
24 84
56 72
74 20
31 54
8 67
83 22
58 34
87 48
46 13
95 13
94 24
20 33
91 89
64 24
26 83
24 51
39 4
35 43
43 84
93 48
15 73
12 95
27 31
64 68
93 55
29 23
55 30
13 45
78 71
56 46
32 17
47 84
60 23
21 78
98 37
39 20
52 80
60 13
7 69
50 87
57 58
28 93
78 73
87 90
63 69
46 87
39 69
6 94
31 17
89 47
49 94
55 82
9 86
83 33
63 87
98 12
56 42
40 80
14 6
17 4
68 26
8 83
38 59
0 30
65 72
19 50
64 9
77 0
91 48
66 95
94 44
