7 100
61 92 19
83 66 18
44 41 18
92 83 24
82 36 19
64 82 23
28 87 31
63 23
92 61
76 92
44 47
16 81
99 78
79 77
27 39
96 45
46 4
32 41
73 1
0 92
30 26
53 15
74 88
71 66
77 41
34 31
20 97
36 54
33 18
67 98
10 37
86 26
39 71
62 50
39 22
45 75
44 2
11 3
91 18
30 62
90 21
4 91
46 40
82 43
7 7
46 56
35 20
70 98
51 87
38 80
2 8
67 58
27 97
35 41
91 51
11 9
23 53
95 46
86 17
49 66
29 33
60 54
38 42
92 30
11 43
83 40
28 74
96 70
26 18
42 42
13 27
57 82
11 20
98 47
76 69
50 49
40 89
15 84
44 77
49 21
84 97
31 38
5 62
62 92
39 7
29 62
36 12
40 3
36 67
82 73
33 18
53 52
43 66
49 81
58 47
28 50
0 73
23 99
71 20
35 52
21 42
88 78
49 29
22 52
90 87
9 48
89 31
