7 100
78 58 18
29 95 22
45 1 15
26 89 15
84 51 21
36 25 34
30 35 30
68 43
55 79
60 60
16 72
7 12
14 84
90 33
98 0
8 91
55 59
99 43
38 61
69 11
31 93
16 23
70 89
81 21
38 13
54 31
85 95
60 54
60 33
59 78
7 88
82 16
23 97
30 0
88 46
28 11
36 74
50 43
52 7
33 82
82 10
0 14
93 18
90 35
14 74
49 56
8 86
21 55
57 6
79 49
0 82
36 20
52 12
30 77
34 27
46 15
59 35
7 80
60 53
50 80
60 87
9 68
87 59
38 69
56 90
83 58
38 21
36 45
96 66
93 85
88 29
61 39
95 45
64 59
88 91
79 6
75 29
85 1
86 43
54 10
72 54
39 97
44 12
12 74
48 73
18 20
28 0
73 14
59 68
17 55
72 94
98 83
77 31
44 42
82 95
47 27
90 1
58 25
22 68
27 33
38 34
68 79
70 76
38 34
3 64
92 67
0 1
