7 100
87 46 30
22 34 22
97 86 21
80 15 13
51 91 30
49 94 21
14 21 13
24 48
6 46
44 61
88 53
9 49
9 94
61 91
46 43
7 71
10 20
57 51
72 77
8 54
23 93
62 59
65 84
77 65
51 32
88 58
2 76
9 81
74 18
72 92
2 12
40 76
65 67
52 43
25 37
72 52
53 1
69 93
60 0
27 24
56 12
75 28
93 97
26 68
2 61
24 48
90 54
7 37
87 31
96 71
1 45
91 50
31 49
22 16
39 43
21 7
1 27
97 8
32 6
8 27
13 10
12 98
91 8
13 41
18 1
81 72
80 56
72 56
10 17
34 63
95 82
97 38
54 56
93 48
66 71
84 38
24 51
69 7
62 18
60 14
20 64
55 6
85 54
18 0
23 10
20 67
93 48
35 98
56 42
33 52
98 1
73 82
58 25
13 40
14 92
51 60
41 95
66 11
36 31
84 1
33 76
45 38
4 37
38 16
71 5
55 7
65 37
