7 100
15 60 22
62 57 15
34 88 16
65 17 28
55 70 26
88 0 31
83 66 17
74 33
78 18
23 98
69 3
68 98
39 35
77 71
62 33
42 31
66 78
88 12
40 91
64 47
66 40
6 95
80 47
23 22
93 71
42 66
54 10
40 91
78 43
88 9
37 91
62 43
59 13
15 93
2 98
55 48
17 51
47 83
77 85
20 42
6 10
94 31
12 49
96 17
23 80
2 48
63 50
20 75
90 1
73 61
23 23
43 41
64 26
77 36
72 35
50 61
50 49
31 24
50 91
81 60
59 7
27 70
94 74
24 97
87 17
85 52
17 25
46 8
14 35
99 43
3 29
20 89
87 29
73 2
11 56
98 0
92 95
82 62
67 4
42 27
3 13
18 21
99 61
16 73
81 49
43 61
35 41
8 26
5 69
91 76
18 99
23 76
90 76
62 31
78 96
90 45
80 55
73 57
15 70
8 6
61 96
64 13
17 73
34 60
87 5
63 22
89 85
