7 100
88 65 14
11 35 15
60 16 14
60 57 31
43 29 24
16 45 34
48 38 21
85 74
63 27
67 49
83 47
65 89
16 25
66 79
56 43
66 63
87 87
61 92
89 63
62 64
75 94
0 23
75 13
67 92
55 81
0 91
57 55
67 27
7 65
61 85
76 54
55 28
3 84
16 18
98 49
3 59
7 51
60 62
94 85
59 49
94 75
76 2
64 0
15 59
40 44
11 61
25 54
72 55
38 4
40 46
76 5
30 70
32 55
30 2
15 85
59 69
78 2
55 58
83 58
28 7
40 60
77 2
3 42
83 79
56 45
53 74
37 73
9 35
14 67
44 48
21 43
36 7
4 83
95 61
74 65
83 98
25 7
11 44
71 6
53 35
2 31
7 14
91 35
38 95
66 93
19 36
49 47
22 25
92 25
39 51
65 55
95 0
86 61
81 63
5 62
21 96
11 83
26 40
84 6
34 95
81 31
1 34
12 71
20 60
65 12
52 3
39 48
