7 100
50 85 15
82 51 19
52 45 27
41 19 30
17 96 19
15 88 22
82 38 20
51 33
83 72
25 90
82 21
98 20
93 53
83 29
87 13
10 15
9 32
44 31
84 74
63 60
30 24
54 37
60 86
87 21
98 45
51 77
25 24
70 50
35 76
14 27
47 92
7 29
50 18
67 27
14 30
71 60
17 88
20 36
97 16
6 49
12 92
81 90
11 73
75 16
10 80
32 51
67 47
74 4
90 16
42 75
29 52
89 56
76 99
60 88
58 63
63 81
81 94
49 81
0 38
36 7
47 19
42 69
85 97
36 14
19 25
58 57
79 19
57 60
79 48
65 27
84 73
66 0
82 3
53 97
44 10
2 14
78 52
30 2
21 46
37 72
56 70
12 17
77 34
89 98
27 50
69 99
16 70
97 80
57 44
64 0
27 58
74 14
70 48
10 36
36 29
99 92
81 64
66 52
75 40
83 76
79 76
51 53
6 0
17 47
88 9
44 39
88 77
