7 100
87 42 22
67 93 19
45 80 21
4 6 19
24 56 12
21 65 33
80 63 24
24 74
10 30
16 59
71 18
45 29
30 73
58 44
23 89
21 33
24 41
92 9
91 14
33 80
82 11
41 68
52 32
38 84
71 79
11 7
48 81
99 8
69 68
48 97
37 97
97 70
36 83
22 11
72 65
69 63
13 36
46 17
5 40
83 54
58 38
13 5
41 45
58 3
26 37
9 51
83 87
1 71
19 74
58 27
56 13
20 5
44 67
32 53
29 56
88 92
70 14
74 46
96 13
33 53
73 69
55 78
38 13
17 44
34 58
65 48
75 74
49 77
34 1
56 67
3 46
96 82
90 5
30 67
56 39
94 95
50 91
88 98
4 5
35 61
39 13
80 12
98 68
6 2
8 26
80 25
38 51
81 90
96 22
63 72
97 37
2 62
6 39
30 8
84 40
21 17
94 20
42 47
53 10
48 91
82 56
58 99
13 34
12 68
86 91
83 49
90 29
