7 100
49 27 15
34 40 14
60 60 33
24 44 29
59 43 27
69 96 20
5 66 13
67 8
35 77
25 77
81 87
78 51
77 22
35 9
38 3
71 31
89 2
20 84
20 42
73 75
28 0
84 97
97 75
75 52
54 35
49 77
35 62
86 18
4 83
10 10
68 25
34 57
80 45
42 70
42 45
33 46
65 80
8 4
13 36
36 63
36 57
25 99
47 70
1 60
71 40
74 92
20 60
45 60
73 75
7 66
47 55
58 66
40 43
84 71
34 40
86 81
42 18
17 19
62 80
48 48
29 45
83 80
34 21
54 6
6 1
0 64
68 72
71 23
77 4
77 45
80 36
87 22
25 81
1 99
44 87
45 38
24 60
79 61
19 30
76 81
50 92
92 97
51 10
64 85
45 38
91 74
44 77
27 90
8 93
76 28
27 83
37 4
85 33
36 23
46 6
71 31
19 4
31 14
3 37
4 70
33 65
59 72
94 85
63 20
73 63
54 93
46 61
