7 100
89 46 21
31 38 20
3 45 27
0 43 20
49 79 16
90 71 25
98 66 21
52 71
6 54
80 62
0 89
5 61
59 84
18 86
64 98
83 1
34 6
75 67
21 56
4 11
19 43
13 77
79 94
9 91
14 20
71 64
5 17
99 44
9 58
92 98
34 26
77 67
27 44
29 74
52 30
37 96
34 77
69 36
59 62
6 30
61 75
63 14
9 19
90 88
41 74
34 28
50 70
27 35
13 16
15 13
58 50
66 70
98 52
51 1
50 62
51 68
69 61
86 67
21 21
33 84
3 81
75 34
43 9
71 39
60 22
26 9
11 20
62 87
6 57
58 69
97 64
38 70
37 11
28 61
27 69
64 68
58 92
25 74
2 34
81 0
65 98
84 34
0 65
17 10
90 94
64 20
89 19
90 54
46 50
95 75
28 17
61 39
90 83
4 98
66 96
26 88
0 93
87 13
95 72
10 16
30 45
72 79
73 54
95 4
23 92
76 21
90 60
