7 100
98 28 22
17 58 20
76 6 17
37 12 29
17 22 20
78 80 30
94 68 17
95 85
34 71
36 72
40 52
71 36
74 14
91 13
98 20
71 41
54 6
80 91
32 1
15 85
26 77
4 99
81 98
69 11
84 16
1 11
62 79
19 87
69 77
50 23
70 71
2 29
94 85
79 59
79 88
56 35
42 54
31 34
92 54
78 29
85 31
9 68
80 68
70 47
20 27
76 79
88 3
4 87
18 14
81 59
69 70
12 58
7 76
86 23
94 63
59 24
0 86
71 72
18 26
98 98
77 87
48 74
11 68
46 34
31 75
43 59
84 67
75 68
83 94
83 81
64 5
82 58
75 20
97 52
50 51
63 12
10 38
46 22
48 19
89 97
93 66
93 89
96 48
12 46
21 25
80 93
34 50
91 35
5 25
63 81
51 6
47 34
54 26
34 51
83 23
56 42
32 86
74 48
18 12
1 23
75 7
62 95
89 80
76 1
79 47
83 34
85 85
