10 100
33 49 25
80 72 10
9 45 20
36 67 11
82 27 13
99 48 14
12 66 17
42 84 21
2 25 22
91 55 4
58 65
55 10
41 98
21 97
62 51
26 35
2 2
99 65
62 14
18 47
31 86
40 36
28 89
10 51
71 43
22 33
76 24
9 31
82 31
22 55
86 6
85 0
56 15
53 49
79 96
15 89
15 21
52 90
14 20
99 70
30 37
31 89
84 96
11 90
84 70
86 0
95 86
90 48
33 83
87 83
86 57
71 99
69 59
79 26
14 62
43 62
47 70
38 47
61 50
27 11
18 36
23 20
4 19
38 99
0 4
16 43
20 58
90 82
65 37
66 11
26 37
88 92
41 41
53 42
48 58
50 11
28 71
93 4
18 1
70 56
68 1
54 96
42 80
9 54
28 23
67 25
32 81
79 78
35 96
53 2
83 79
18 92
92 24
97 9
11 88
75 25
89 97
15 43
42 42
8 62
17 56
12 17
1 33
27 93
54 41
53 48
1 0
72 41
5 41
71 69
