10 100
19 59 24
88 38 17
88 83 20
56 87 9
92 15 15
6 62 10
91 90 14
97 66 18
31 59 23
14 91 5
17 23
91 27
60 81
73 24
80 94
99 4
95 37
12 57
49 24
61 19
54 32
46 43
70 56
25 34
93 73
40 12
66 99
59 85
38 19
11 37
15 58
48 61
68 98
7 21
64 93
3 22
42 71
82 24
17 71
64 56
14 15
5 39
98 52
41 86
64 80
52 11
42 19
35 74
28 32
52 16
24 40
36 41
70 84
65 26
59 79
60 35
23 38
63 63
94 5
25 92
92 44
23 90
33 8
8 36
20 78
32 53
35 6
90 6
15 94
57 79
68 19
7 47
1 99
81 92
53 62
65 35
88 45
89 61
95 5
3 55
93 47
34 93
11 18
72 36
20 86
44 24
40 35
99 20
24 34
33 45
97 54
15 38
34 59
42 88
73 62
70 33
70 61
79 39
47 64
53 87
23 40
79 60
83 33
79 73
9 47
34 98
25 24
63 9
64 30
9 67
