10 100
56 39 31
78 66 11
46 7 11
8 9 16
8 11 12
28 16 12
69 74 14
88 68 23
97 13 19
22 93 8
25 55
19 4
15 52
51 74
0 40
30 17
21 53
56 85
62 13
12 9
38 75
43 48
71 37
82 0
75 16
46 42
23 80
45 42
19 65
48 24
54 46
24 89
76 85
41 90
29 18
36 76
26 80
60 42
0 28
23 82
71 84
87 41
44 9
73 74
12 16
99 27
39 47
55 8
0 73
89 49
88 15
64 20
58 85
24 24
90 88
5 83
6 44
52 94
14 25
36 66
82 27
45 10
56 76
67 91
96 68
72 85
28 82
0 49
36 3
7 18
96 82
47 98
40 67
45 28
95 40
76 21
36 34
39 14
83 28
81 52
35 77
75 93
60 57
19 11
46 77
25 56
29 49
28 65
99 88
27 20
19 35
6 37
5 84
30 43
93 5
55 79
83 90
86 81
39 44
74 68
35 62
12 64
62 88
15 71
43 19
45 48
18 65
8 87
32 57
72 65
