10 100
19 40 28
96 27 19
5 78 18
42 42 9
12 83 16
11 61 11
12 75 12
90 91 18
62 94 14
93 24 8
57 64
56 52
83 71
94 62
39 69
88 21
74 27
21 91
68 12
52 5
84 68
85 22
41 32
44 70
77 7
83 85
38 73
17 73
8 10
54 62
79 52
15 54
22 95
88 56
7 52
43 87
91 36
44 37
39 33
3 52
99 25
34 47
30 54
53 28
55 29
52 97
46 32
25 30
32 76
54 5
58 94
87 23
85 49
18 90
18 77
69 9
99 44
26 74
51 63
62 70
18 17
59 8
27 88
62 68
74 60
6 80
66 11
62 95
49 90
95 82
58 80
57 32
48 99
43 45
16 46
13 99
54 30
72 31
24 35
71 31
20 61
24 49
53 74
21 83
34 6
51 35
68 22
55 32
8 80
64 51
0 43
29 55
73 74
5 76
64 36
15 30
72 69
68 54
1 77
65 62
53 73
87 9
5 96
98 72
55 29
86 89
2 24
82 59
78 98
16 96
