10 100
22 82 29
40 46 11
66 98 12
5 68 17
44 5 20
56 32 16
14 59 17
42 93 12
6 91 14
99 20 9
23 67
92 85
31 51
87 46
63 56
88 54
63 40
75 79
81 88
10 94
74 74
24 44
65 40
81 94
69 22
67 83
5 17
2 28
59 52
5 83
92 76
60 46
25 60
45 3
56 83
42 53
26 82
73 90
19 81
51 36
52 70
75 96
31 48
31 6
30 29
56 52
13 54
91 39
66 10
92 48
76 47
98 77
61 21
38 59
56 48
63 17
0 34
44 23
75 10
1 73
21 49
75 79
86 2
64 16
44 84
89 2
96 14
32 25
95 95
1 34
58 36
94 13
59 16
80 23
44 93
44 59
47 8
89 82
14 70
98 72
44 61
51 20
80 2
11 41
22 56
12 60
92 65
25 12
6 65
16 8
67 56
69 4
70 43
92 67
25 11
49 19
19 79
56 17
30 99
54 62
50 86
36 68
30 4
68 31
52 96
25 49
44 75
31 66
95 38
58 17
