10 100
36 15 28
50 55 21
45 75 13
57 14 23
97 23 9
80 84 12
20 4 20
59 74 13
87 72 11
49 14 8
32 64
99 80
15 72
49 21
72 43
76 47
4 84
49 62
33 91
40 57
56 58
1 91
22 62
24 75
72 84
32 94
17 93
45 4
10 96
1 2
53 27
10 0
53 43
93 63
25 53
51 71
17 8
42 27
90 24
35 94
69 49
83 48
20 65
5 92
40 47
4 25
48 6
24 60
17 98
96 8
29 12
35 67
30 98
98 29
51 32
83 67
82 95
26 62
42 74
85 55
75 54
62 85
8 42
64 30
45 45
35 26
15 15
56 40
36 74
55 6
55 87
67 86
28 69
48 75
9 0
69 79
36 5
70 71
86 5
49 65
55 10
44 95
70 48
2 34
44 42
77 96
73 3
19 15
9 85
87 77
95 14
66 13
41 53
51 10
20 7
8 88
26 62
27 2
20 76
35 62
24 13
24 13
52 39
81 35
71 90
82 0
30 24
5 59
96 27
83 0
