3 100
46 39 37
56 54 73
63 35 40
44 77
51 17
41 41
74 72
23 26
91 15
5 64
50 78
81 34
87 10
29 60
75 6
84 75
65 1
99 57
36 53
25 68
47 64
21 14
65 91
46 60
53 15
51 23
63 72
85 64
24 38
19 70
43 34
28 79
15 9
7 51
25 93
83 55
1 32
3 5
87 51
4 36
32 70
23 92
35 80
57 77
35 60
71 37
20 13
16 61
80 19
4 1
5 78
55 93
20 74
42 13
82 39
74 96
72 65
81 99
10 21
35 1
31 55
3 88
30 72
24 22
83 26
12 15
8 40
16 10
40 19
49 78
45 35
66 39
69 49
9 7
61 95
8 46
38 79
20 17
43 54
45 70
74 64
6 89
70 12
5 87
26 79
63 8
94 83
36 74
15 85
66 63
25 62
1 3
76 29
8 18
71 51
74 68
4 46
17 16
9 21
6 19
44 58
13 32
68 24
