3 100
49 37 31
57 49 68
33 41 53
80 73
24 58
56 34
0 64
79 20
15 41
39 20
27 53
86 80
91 66
64 18
92 36
38 10
19 95
91 47
69 96
62 3
48 25
78 61
62 34
46 51
48 77
42 0
48 64
88 24
61 16
40 95
5 38
38 77
36 7
41 81
32 96
82 40
44 28
57 63
18 38
82 1
67 56
66 43
80 78
38 88
30 67
42 21
71 76
6 68
8 63
59 29
54 39
47 90
49 71
58 90
15 31
84 72
61 91
56 5
3 34
78 96
35 42
86 42
73 31
77 3
90 27
61 72
48 43
88 39
79 46
70 11
86 54
85 95
70 68
1 38
43 78
12 83
16 54
82 35
73 23
84 77
28 3
67 61
66 91
16 0
25 3
68 23
0 4
78 8
87 91
45 13
95 0
87 64
56 56
42 30
76 79
61 40
28 99
94 76
70 16
34 28
72 53
97 20
2 94
