3 100
58 43 39
45 31 57
32 33 55
83 0
88 62
6 68
21 73
15 42
58 70
65 0
5 24
97 55
95 24
68 47
65 96
91 66
19 24
22 12
76 3
12 63
90 95
49 97
66 51
77 38
48 36
79 48
67 63
39 81
3 20
89 5
79 0
85 77
49 96
20 54
4 11
72 96
48 73
95 86
40 17
52 71
86 9
27 50
80 38
76 1
53 82
12 15
89 40
98 70
51 31
70 97
17 38
12 96
45 81
1 53
0 55
56 83
64 39
73 40
57 65
73 72
20 66
36 88
49 49
22 23
88 44
31 7
95 84
53 11
13 48
2 35
34 41
94 35
98 20
5 13
87 73
47 16
16 17
84 6
11 23
53 29
71 18
70 7
68 57
17 85
67 55
61 57
70 99
50 19
6 12
85 17
74 32
36 18
66 73
69 34
37 33
96 66
42 58
76 41
97 34
78 27
72 10
80 69
17 8
