3 100
52 57 61
69 54 47
52 47 42
92 72
10 41
24 68
94 85
1 52
6 77
30 98
3 97
68 97
67 43
81 46
91 44
21 28
71 2
52 47
91 50
95 78
75 22
79 67
33 45
91 32
61 24
60 62
55 43
41 38
88 45
95 9
78 23
21 94
72 6
55 15
68 69
87 72
49 32
23 64
13 74
85 76
93 85
90 22
98 33
93 95
66 13
18 4
14 15
74 57
79 63
96 95
26 72
21 4
22 22
8 68
14 77
16 76
25 77
26 25
4 2
85 41
20 78
90 41
51 82
27 1
57 36
76 54
37 70
87 23
71 50
38 41
48 17
20 99
80 89
93 85
91 99
71 28
4 12
73 26
17 79
66 28
87 26
88 86
67 73
61 70
1 50
23 73
10 60
62 55
36 98
84 75
17 5
37 76
49 52
99 33
31 9
44 0
99 87
94 58
30 35
19 39
94 10
94 1
5 47
