3 100
69 65 43
62 53 50
63 32 59
36 51
72 0
0 59
6 22
70 77
72 2
72 23
85 70
93 62
79 57
52 14
64 19
58 16
21 26
11 9
31 23
45 68
33 38
78 5
60 63
18 13
83 10
13 62
91 33
66 49
18 27
80 74
9 95
16 67
58 86
43 73
15 45
82 12
25 72
73 22
85 13
52 80
53 89
58 72
2 62
90 49
49 75
54 22
32 13
14 5
84 44
53 75
84 10
95 65
26 44
86 20
46 47
78 10
37 26
59 42
96 28
24 6
96 31
37 61
86 46
48 14
96 16
89 88
83 47
12 95
0 97
34 10
29 50
96 58
10 21
93 86
37 72
60 64
39 22
14 81
46 79
6 24
90 55
31 79
49 62
8 40
99 41
75 8
93 57
96 86
50 63
55 42
76 61
38 8
71 1
53 8
91 27
78 9
27 80
62 62
62 33
58 0
38 14
12 55
45 16
