3 100
52 68 62
42 37 36
69 33 52
40 60
85 94
57 35
98 79
4 49
69 16
39 50
65 31
99 1
48 6
37 40
71 25
33 69
42 87
10 11
89 78
60 32
35 45
1 59
68 6
89 18
67 72
44 51
5 50
38 37
49 99
74 12
34 48
50 43
47 61
65 94
37 86
41 15
88 14
30 10
76 42
17 43
69 74
44 54
26 63
47 48
66 43
33 9
48 20
61 80
63 42
2 93
37 20
88 98
35 72
67 94
15 88
23 32
41 79
25 35
39 60
25 70
8 44
70 52
14 53
79 94
39 35
88 55
91 40
92 96
91 4
62 60
20 5
55 27
31 88
19 98
68 45
36 37
66 3
82 50
56 37
28 55
10 56
34 51
25 83
59 10
59 6
64 1
51 57
74 61
16 39
9 20
71 2
4 36
96 10
25 63
15 49
65 59
85 10
83 99
58 0
79 75
68 66
71 89
1 5
