3 100
55 34 49
54 50 63
42 63 39
36 47
82 10
19 45
19 63
43 29
64 98
45 77
31 29
87 10
67 60
55 14
83 0
33 24
58 96
29 38
35 3
72 62
99 96
29 86
57 81
22 14
37 30
1 33
57 2
77 23
11 84
92 28
47 0
59 24
31 11
11 54
74 2
81 96
73 22
35 8
14 7
85 35
5 53
64 64
75 98
59 16
65 43
21 36
43 56
86 14
21 52
43 11
55 80
47 9
61 94
29 60
54 51
43 89
10 58
9 5
72 93
76 33
99 44
83 42
66 69
55 44
1 78
15 51
70 58
19 93
28 3
53 38
29 15
64 12
62 9
9 60
5 72
43 99
88 66
19 3
48 95
29 2
4 14
44 99
25 53
46 55
75 99
36 47
89 93
3 69
69 30
61 37
22 15
14 95
96 12
60 27
66 74
3 52
58 23
35 75
52 40
19 49
74 57
43 64
70 19
