3 100
47 63 63
68 46 44
60 69 64
80 64
72 37
20 95
3 59
94 19
70 35
27 92
87 85
64 98
39 46
85 24
22 22
69 6
10 90
69 18
13 58
90 71
91 38
24 30
20 32
62 39
2 92
58 7
11 15
74 50
39 94
1 1
87 88
17 49
59 8
78 0
53 18
8 50
87 39
58 41
66 73
54 40
26 22
37 0
60 6
79 35
65 66
94 52
90 74
2 51
79 10
16 53
26 46
94 5
14 98
59 94
52 67
74 65
21 26
71 16
16 88
23 45
5 99
32 22
24 24
86 9
77 8
50 32
61 30
72 25
62 42
81 80
18 77
3 40
9 37
87 51
58 51
90 14
75 94
10 41
94 13
29 16
33 58
78 47
23 45
68 72
90 21
0 61
19 44
82 32
17 42
70 75
72 89
10 0
17 52
98 14
75 72
87 60
2 80
7 53
49 39
1 12
34 4
2 5
81 18
