3 100
32 53 58
63 44 51
35 37 42
5 47
87 22
24 0
85 0
75 67
81 82
84 79
98 25
86 89
35 89
14 82
85 20
75 30
30 66
97 66
54 46
78 17
33 91
36 40
25 35
46 64
35 48
55 78
75 99
68 34
68 59
55 49
65 15
59 89
61 43
54 48
19 90
10 13
93 94
91 61
4 68
80 62
43 59
63 68
10 63
22 16
83 91
68 3
34 94
39 28
35 46
71 51
87 86
86 65
18 57
54 13
67 24
90 59
62 68
40 1
72 4
62 7
36 58
57 69
29 74
9 77
80 94
82 34
19 15
27 45
55 10
84 55
8 0
96 50
52 30
35 81
36 69
79 32
60 51
23 38
92 89
3 79
22 15
93 1
8 1
31 79
72 88
84 14
63 79
18 70
60 92
95 70
65 95
77 10
55 82
33 68
5 34
48 64
57 30
54 6
81 61
42 15
14 9
58 2
3 10
