3 100
25 16 23
65 71 55
90 27 62
88 54
64 33
60 15
11 7
83 50
16 39
87 70
59 58
67 64
88 26
61 72
16 13
66 63
90 10
48 59
28 48
55 51
18 22
89 48
11 25
40 0
40 33
68 62
13 44
16 14
18 1
66 35
29 89
62 75
93 96
88 81
49 52
48 22
31 21
94 31
60 49
9 67
75 52
16 25
11 22
92 45
5 90
19 33
84 84
47 70
13 97
24 16
45 99
96 93
96 1
59 36
56 50
29 7
85 84
58 82
49 69
91 69
30 20
76 2
5 98
91 10
64 15
95 9
17 76
50 21
1 77
31 91
88 9
64 32
50 18
7 37
26 30
12 5
8 32
72 2
28 47
94 88
17 86
27 65
16 87
66 81
70 57
25 96
21 5
74 94
63 15
72 67
93 20
98 23
87 97
27 11
55 25
89 8
99 48
67 91
73 69
49 97
12 91
48 55
78 93
