3 100
10 21 47
73 62 49
25 96 59
68 4
46 48
70 31
76 43
90 84
11 32
16 86
90 41
96 17
5 50
91 64
82 4
10 30
11 35
48 96
88 30
38 19
92 14
56 7
73 93
54 77
48 40
59 77
62 12
71 21
92 23
47 19
98 28
78 17
52 87
92 98
23 2
4 45
36 24
18 30
64 99
86 53
58 69
92 5
1 73
56 94
85 23
43 40
55 1
96 65
72 97
70 97
81 73
66 36
81 14
21 2
17 6
32 49
86 20
27 6
3 85
85 5
40 38
14 76
23 3
78 7
62 67
61 80
29 62
61 8
86 3
96 14
39 97
29 50
67 79
75 46
84 72
83 9
31 33
99 73
72 31
7 33
53 29
8 42
55 1
13 5
75 18
45 54
27 7
19 27
11 24
45 86
97 12
44 97
17 60
42 84
45 65
68 51
81 57
78 57
52 10
71 63
72 42
80 76
99 27
