3 100
52 10 62
82 28 27
19 68 52
6 14
17 3
70 32
10 55
4 30
11 84
83 61
88 12
44 71
1 31
89 60
91 58
0 57
9 7
1 18
4 19
19 31
77 81
49 1
21 90
84 99
37 96
29 61
37 67
92 94
58 12
37 14
48 64
20 10
60 67
40 69
39 91
85 48
91 46
11 25
84 37
93 53
76 34
86 32
78 96
0 38
50 98
32 49
34 56
32 42
78 49
74 65
5 95
24 4
51 22
77 69
43 40
24 64
36 56
93 99
0 48
22 51
10 80
58 61
69 93
39 73
83 3
11 79
18 9
30 41
36 4
79 73
51 77
75 98
4 73
34 63
22 94
34 64
2 12
79 14
74 24
81 73
78 14
2 41
4 42
13 16
24 15
23 6
57 49
40 71
21 66
60 68
38 14
94 70
90 1
39 12
45 57
43 2
34 42
25 93
87 64
96 90
38 81
96 95
34 37
