3 100
22 84 46
39 91 58
70 32 37
71 37
92 74
97 96
93 41
69 6
26 14
0 52
31 46
44 19
82 62
33 50
61 90
85 9
7 24
30 48
11 88
88 6
44 23
46 52
74 35
0 30
87 88
61 43
6 62
22 0
67 78
34 8
73 23
65 21
79 75
91 86
39 52
19 70
84 3
52 26
35 67
53 84
40 57
93 25
44 63
45 55
60 81
45 15
14 32
78 18
90 83
9 8
0 33
74 68
31 27
5 77
59 13
0 57
62 31
21 41
61 39
46 34
95 70
70 14
41 65
95 41
87 11
5 71
78 87
84 45
22 88
59 58
95 46
32 97
63 12
94 9
91 82
92 59
54 74
8 40
62 84
42 27
19 94
74 31
30 20
44 21
38 35
74 20
77 72
99 68
23 74
8 10
67 91
65 29
88 24
36 25
61 53
11 69
63 95
8 1
65 60
85 16
7 43
92 44
84 8
