14 100
39 32 18
27 78 19
73 19 11
93 34 12
26 94 10
76 90 20
20 12 20
78 68 12
60 52 13
21 97 8
58 17 11
52 43 15
41 23 8
80 50 13
89 32
48 72
5 4
56 29
31 41
86 82
40 7
11 22
38 59
45 43
21 3
79 97
7 66
16 77
97 37
41 18
38 2
78 86
81 88
17 49
52 51
91 6
77 19
39 55
88 42
8 82
65 15
34 88
2 6
16 15
40 14
88 97
16 19
1 20
23 7
8 42
39 31
50 33
10 57
22 81
66 28
21 52
78 78
77 31
99 73
9 16
86 82
87 46
0 64
97 77
48 72
64 85
19 17
41 72
44 30
0 86
88 39
54 56
42 40
47 37
69 80
12 69
43 87
18 30
87 68
98 35
52 93
86 75
81 23
60 94
21 13
30 44
31 39
69 50
63 43
25 27
0 7
2 37
13 49
3 97
76 96
15 87
32 52
74 68
7 69
84 97
12 28
54 94
1 45
28 64
46 17
85 66
85 93
21 31
72 52
52 55
61 24
89 57
64 88
28 63
