14 100
64 45 19
70 3 11
45 84 15
72 73 21
71 18 16
84 42 11
45 74 16
7 85 13
54 94 11
44 64 9
51 38 20
99 82 9
26 9 14
8 87 11
56 52
30 19
7 4
15 85
48 52
10 39
25 17
16 51
93 87
24 57
4 74
2 28
49 65
46 58
86 19
7 16
44 85
89 92
18 47
83 28
24 59
19 52
45 95
35 99
74 77
25 26
13 44
37 17
25 60
27 57
95 54
67 15
29 80
16 11
17 44
8 50
58 31
24 40
69 21
16 26
51 88
20 6
4 46
3 15
53 22
32 6
42 85
39 63
19 94
24 90
36 80
92 9
50 9
88 96
55 77
63 94
20 26
52 94
94 6
58 45
73 12
29 15
45 72
79 81
75 54
86 4
62 36
45 39
37 2
67 0
51 26
37 89
39 8
13 35
17 39
98 12
47 13
26 13
62 69
99 47
27 14
22 45
1 55
26 84
44 91
12 33
24 82
59 13
89 15
5 50
50 3
42 64
47 92
17 48
52 81
17 45
48 35
14 24
69 57
88 55
