4 100
27 73 35
13 9 27
66 50 38
91 48 53
48 83
68 10
27 43
13 27
21 72
89 40
38 17
33 20
31 46
2 39
9 84
78 87
31 63
54 85
10 63
18 11
72 31
60 54
62 51
1 42
34 94
56 85
47 41
69 98
97 97
74 14
48 63
85 25
84 14
5 94
47 57
80 92
0 67
68 77
97 48
0 0
39 70
56 50
62 72
88 89
75 81
95 41
86 70
52 22
73 6
14 50
53 73
66 63
49 9
50 70
85 87
86 95
66 23
93 4
72 67
13 79
68 71
69 59
9 75
11 71
22 56
76 99
64 84
32 30
72 22
99 30
50 95
84 40
63 95
67 15
60 33
4 24
95 10
4 81
77 32
44 32
83 0
32 16
74 60
33 66
5 48
73 97
21 30
57 19
33 25
93 16
15 36
4 52
35 60
88 6
17 58
21 79
39 26
92 43
3 36
89 76
11 23
19 64
9 69
52 65
