4 100
63 86 49
43 31 32
91 49 49
92 15 21
88 97
5 33
92 31
36 1
93 7
27 37
19 67
6 50
57 36
97 63
10 41
51 25
55 97
12 55
39 95
72 82
10 99
99 18
73 11
91 2
54 17
18 53
76 42
59 53
36 30
96 65
48 5
40 21
81 23
15 62
50 56
83 11
42 72
68 43
83 8
62 35
10 17
35 82
29 33
52 2
77 55
42 1
57 51
0 34
83 57
14 0
9 67
18 81
59 87
76 51
55 93
89 17
2 2
86 89
13 99
66 62
23 3
14 98
18 87
61 19
17 36
13 16
47 42
1 50
9 85
36 9
29 47
28 35
2 20
38 75
36 48
50 92
68 1
55 45
2 34
24 48
39 77
82 62
71 90
96 76
74 88
67 39
81 82
97 15
72 17
71 96
59 47
56 60
98 40
86 32
35 53
57 93
73 36
44 63
64 72
43 83
33 37
75 67
14 67
33 29
