4 100
25 26 38
6 14 29
26 78 44
44 77 39
29 44
82 69
3 35
94 88
35 45
42 53
72 31
33 36
28 21
39 86
63 48
90 0
45 55
92 1
55 22
43 4
5 13
38 90
79 70
40 95
12 34
84 17
48 21
62 40
53 61
86 61
5 9
87 43
52 25
8 39
74 22
84 27
54 39
83 37
61 36
47 15
74 52
7 60
46 97
88 76
1 59
44 88
10 90
25 31
95 54
43 96
55 50
10 73
59 26
75 81
84 66
18 52
23 6
22 92
16 38
48 41
22 97
18 67
98 23
22 88
69 99
72 33
51 67
48 33
0 61
13 64
58 77
0 55
20 35
6 18
30 65
95 73
49 81
4 85
45 7
50 15
73 14
99 35
8 25
45 10
24 69
79 37
44 70
96 17
74 2
4 49
63 60
39 76
38 60
55 29
56 28
60 93
15 99
14 51
82 45
4 35
59 80
77 59
83 58
88 1
