3 100
90 79 49
56 36 71
60 88 51
51 24
84 29
24 33
24 8
46 66
53 32
44 26
57 19
71 6
12 78
72 49
38 16
39 57
68 7
1 69
34 67
44 14
61 76
89 80
83 32
37 12
4 4
94 49
97 45
68 25
10 95
93 5
25 22
80 56
55 62
36 33
0 97
30 39
61 55
91 52
93 12
49 73
76 1
87 15
82 86
78 67
21 24
33 98
9 14
67 43
25 58
8 63
87 7
34 4
85 20
33 65
32 26
47 19
16 88
76 62
58 97
61 93
25 8
99 44
36 57
35 11
79 99
28 59
95 31
86 28
94 4
16 70
4 74
5 36
58 26
65 88
70 60
23 93
98 78
16 75
8 44
58 31
28 61
39 90
65 57
57 2
33 73
79 22
60 37
95 51
9 69
71 6
75 59
9 12
15 3
57 55
60 48
58 43
63 42
84 0
47 68
61 1
69 85
4 1
24 27
