3 100
71 44 51
75 6 78
39 91 42
19 72
73 87
60 79
99 41
41 22
16 85
42 74
66 14
91 95
87 48
48 79
35 56
30 87
69 87
23 8
72 83
30 58
25 68
27 42
98 89
3 57
36 0
90 74
96 57
64 34
21 9
28 23
32 53
67 17
61 27
99 51
42 23
45 24
10 41
92 75
42 93
54 40
37 51
2 80
91 39
85 50
62 13
76 54
85 2
81 55
20 16
32 83
94 48
76 46
36 7
74 19
23 74
8 77
52 70
11 90
71 43
1 47
58 39
84 67
16 98
80 17
59 12
4 65
77 65
53 90
78 28
65 48
7 0
79 95
0 36
39 98
24 19
32 58
76 90
92 91
38 36
80 13
76 40
20 76
23 5
29 74
0 1
59 55
71 33
34 98
39 36
87 67
60 79
81 97
84 10
2 44
44 68
37 63
78 96
42 9
94 50
71 56
8 86
77 10
22 55
