3 100
40 42 61
87 48 62
3 34 47
83 72
63 59
16 58
48 25
19 66
79 85
0 35
89 86
15 3
86 13
17 98
93 18
93 14
51 65
52 93
96 46
14 15
99 18
14 80
14 4
93 33
93 31
64 52
22 1
76 74
55 69
68 80
47 38
81 11
36 99
46 0
88 20
75 41
17 47
78 66
7 76
57 98
93 34
77 52
60 0
72 80
10 23
96 71
0 3
38 69
55 40
61 36
73 66
94 42
40 3
97 74
13 71
11 56
50 50
73 11
81 35
94 22
48 42
48 24
33 24
3 59
37 0
1 53
52 67
24 58
73 81
16 47
86 88
69 69
67 60
24 17
62 91
76 22
82 58
74 60
81 74
8 7
15 93
19 40
30 24
18 62
3 70
26 87
19 38
36 76
98 63
78 4
76 41
57 59
85 99
30 12
59 26
54 78
38 6
14 57
88 21
28 93
45 39
66 75
47 60
