3 100
30 12 44
77 3 58
95 83 68
25 81
24 71
80 87
52 33
33 60
10 95
58 25
49 90
38 6
32 73
37 90
73 7
59 75
80 85
13 85
74 11
19 75
66 48
49 96
83 59
56 96
91 52
18 83
50 78
71 33
91 30
32 72
31 34
54 1
6 68
41 50
67 8
11 67
71 65
85 28
64 1
90 97
38 27
78 52
86 95
78 97
97 71
18 59
46 97
21 82
6 63
63 68
66 89
91 16
45 75
59 94
35 69
1 95
19 52
84 44
60 88
87 52
78 9
65 63
40 65
48 68
43 10
98 78
36 10
5 99
10 2
87 34
65 21
44 16
89 10
81 49
41 83
49 75
91 15
25 59
96 94
69 34
12 69
60 35
69 43
16 28
41 12
79 70
59 14
94 17
78 83
84 9
55 35
25 10
78 25
15 20
66 41
48 70
16 24
67 69
40 66
16 3
46 62
61 11
97 19
