10 100
11 76 16
84 70 21
7 28 26
46 86 19
95 96 15
83 64 21
32 41 18
71 12 17
49 34 16
18 3 26
64 3
52 46
89 83
42 33
8 39
48 33
26 3
99 57
95 45
17 29
25 35
29 81
4 68
88 53
4 55
36 69
49 35
9 19
56 53
8 60
1 1
24 70
42 54
2 65
21 62
94 18
80 36
74 85
88 91
61 69
83 71
1 14
53 53
61 11
91 16
43 54
43 75
89 9
46 33
11 22
95 2
70 65
48 14
48 58
31 46
13 48
80 4
71 22
2 24
5 34
50 17
40 10
41 50
18 84
96 60
52 45
43 86
89 55
50 9
34 98
66 31
45 24
17 67
84 45
51 89
66 83
19 96
71 47
85 1
82 78
55 99
40 43
95 41
64 10
10 34
93 43
8 25
88 95
11 3
42 52
6 5
7 80
92 86
96 31
15 84
27 81
76 7
75 70
44 74
81 21
92 2
0 58
92 69
82 86
28 51
63 13
52 99
90 39
43 23
36 96
