10 100
47 20 19
55 1 14
53 69 24
16 6 26
82 91 16
97 89 21
2 52 15
56 21 21
56 15 18
48 59 23
16 44
47 12
92 53
48 8
49 59
95 89
6 37
68 65
68 20
86 56
63 23
18 20
60 90
98 23
16 13
81 85
38 1
5 85
37 94
4 76
36 23
26 66
46 1
98 32
12 37
23 58
13 12
88 66
31 83
17 51
50 16
1 57
22 40
85 25
33 14
76 72
20 9
51 74
45 62
59 31
14 4
41 12
80 82
70 7
5 51
24 97
80 95
18 33
35 93
29 75
73 57
84 46
48 82
54 83
31 43
38 56
84 2
33 89
59 63
65 62
67 48
28 92
2 89
8 2
78 35
69 99
56 11
57 55
77 85
19 22
8 97
30 50
80 32
42 62
93 92
68 72
75 92
12 37
12 13
75 36
39 50
86 16
24 33
75 17
2 51
1 54
11 73
56 41
92 45
1 88
3 55
14 3
24 47
60 8
73 28
37 53
37 59
47 76
37 20
30 24
