10 100
37 54 29
25 93 14
6 95 24
11 57 22
79 36 29
64 83 15
21 88 13
31 6 20
66 17 18
77 19 12
41 55
35 63
19 82
79 72
37 98
93 13
88 14
93 56
98 31
24 81
73 70
7 7
84 89
4 29
57 83
98 84
67 8
87 81
3 79
51 43
20 26
21 38
79 18
48 70
37 96
24 48
85 4
6 40
96 33
12 52
60 10
71 78
2 58
29 37
26 64
30 26
4 70
52 91
90 49
42 79
20 27
90 2
89 48
51 0
92 1
40 19
34 2
99 22
52 67
75 28
55 11
22 64
42 41
81 97
92 56
43 49
4 42
40 3
18 13
63 12
31 49
42 90
38 54
61 57
48 68
92 41
65 45
9 57
23 10
6 19
87 96
62 6
69 98
29 25
17 33
21 76
35 67
11 60
4 5
33 64
31 81
40 75
89 89
90 34
99 15
48 79
17 41
77 39
56 23
93 73
98 50
88 25
21 2
21 20
58 18
19 11
41 95
21 40
57 45
65 96
