10 100
1 78 19
70 84 29
91 83 26
8 98 14
28 82 25
38 61 18
4 92 12
24 19 12
46 95 14
38 99 28
62 64
48 87
71 76
93 60
66 57
26 55
17 98
26 9
33 57
38 77
29 67
8 93
56 96
93 28
88 70
39 66
5 98
75 62
45 29
41 5
1 65
8 84
35 42
76 18
99 45
33 19
37 81
0 20
73 78
37 20
9 31
81 91
97 46
0 38
88 73
36 73
75 32
87 94
32 84
37 61
27 63
58 74
32 34
40 79
34 8
34 6
33 41
55 74
34 76
27 52
2 23
67 71
39 57
73 76
74 25
92 71
85 67
14 75
40 58
7 14
94 7
85 13
25 42
27 22
99 38
74 93
83 47
15 24
38 83
31 91
92 66
52 29
44 72
2 78
22 65
86 89
98 92
15 29
40 56
8 44
16 39
98 87
52 28
41 58
78 40
25 26
91 64
11 57
69 87
14 64
21 59
46 53
36 5
48 58
20 94
62 39
62 9
84 46
10 63
72 61
