16 100
87 84 7
94 42 13
8 71 15
62 0 12
60 4 12
71 96 9
47 77 6
10 4 10
28 65 12
86 31 12
48 91 8
17 49 9
37 28 11
52 81 9
45 92 7
24 71 14
83 37
38 49
91 55
69 48
42 57
74 23
34 95
79 83
35 97
57 84
23 40
97 49
79 73
54 16
52 27
5 29
42 15
9 49
8 67
66 8
71 23
94 18
66 77
53 39
60 32
15 82
56 58
41 93
86 94
62 22
17 90
1 24
83 50
42 69
14 72
13 72
57 23
59 57
82 86
52 10
3 94
86 55
62 71
63 45
87 94
62 66
76 66
99 97
72 56
49 14
54 36
42 33
49 97
40 8
37 20
84 82
1 40
55 80
1 41
92 98
45 99
46 21
39 62
0 65
32 2
92 90
38 94
76 92
60 95
21 89
29 55
79 62
37 53
82 66
56 39
0 32
12 94
3 39
77 18
78 18
90 28
9 69
31 32
79 57
6 31
70 37
97 55
98 54
2 72
9 17
64 1
47 36
98 5
23 11
23 54
0 23
58 31
13 48
56 38
64 60
