16 100
67 91 7
4 83 8
66 22 15
46 62 10
88 29 11
76 89 10
56 57 13
61 88 8
9 66 11
10 77 9
58 5 13
3 67 8
5 30 9
67 0 15
1 42 8
6 17 11
10 89
27 72
16 40
8 18
73 35
37 36
59 48
77 47
47 73
91 39
50 19
98 68
14 19
94 61
17 80
16 52
36 50
27 19
0 89
25 10
98 59
30 13
73 40
30 36
79 96
89 98
43 71
50 27
98 46
70 58
63 98
73 53
35 61
93 19
20 29
72 92
42 84
93 54
51 32
25 9
94 35
17 74
73 51
73 80
29 99
60 80
89 57
50 47
83 45
52 2
81 62
63 37
67 66
57 17
94 37
65 64
78 95
45 45
49 87
64 25
2 2
36 58
86 90
58 31
55 76
27 68
20 21
97 80
82 12
39 20
24 66
68 89
77 17
15 29
0 42
3 73
3 21
91 48
73 68
97 67
52 61
70 64
85 25
94 53
98 4
81 31
8 16
96 18
77 11
80 85
90 1
66 46
79 30
0 30
63 30
59 40
96 38
8 13
40 26
22 72
