16 100
38 68 12
47 30 8
36 23 12
58 43 13
35 47 7
11 53 13
95 51 7
25 98 15
9 74 11
35 43 9
75 46 15
59 75 10
57 43 15
21 78 7
64 19 10
90 1 6
39 11
7 8
41 3
78 0
29 52
23 64
45 21
51 64
37 50
34 4
7 35
31 43
98 15
49 91
42 77
79 40
67 0
99 47
30 43
13 37
84 52
91 9
46 40
76 20
63 73
62 54
94 83
51 40
7 10
97 45
5 11
4 97
29 81
95 94
11 66
14 38
38 84
6 96
95 75
95 57
67 68
62 34
79 36
78 43
18 54
88 95
65 48
69 45
17 19
62 37
38 78
65 84
21 1
21 4
23 35
16 79
26 30
79 61
35 71
80 20
61 67
8 9
69 46
78 24
66 50
42 91
93 46
70 88
33 77
95 59
20 56
37 75
24 66
7 17
7 89
31 57
11 48
30 89
15 19
75 44
10 70
42 93
26 77
9 43
71 21
47 56
98 56
55 86
15 85
83 49
76 80
49 24
30 19
16 7
52 41
30 70
18 42
64 14
89 25
37 96
