2 100
62 27 94
6 26 56
86 98
9 97
93 2
58 79
18 90
97 64
47 10
52 36
97 88
81 93
77 37
60 33
78 30
71 71
84 80
2 18
64 61
72 90
47 6
97 57
38 31
47 87
92 1
38 73
53 67
25 82
80 69
93 64
63 47
57 25
76 33
93 31
39 36
9 66
51 0
69 1
56 68
95 36
70 54
36 79
74 98
52 92
18 15
80 47
57 47
46 58
50 21
3 25
40 31
41 38
69 47
15 68
22 13
79 58
2 11
4 25
26 24
48 31
72 14
48 55
51 26
43 90
51 45
54 21
96 22
83 16
1 94
94 89
33 49
15 46
81 54
89 55
97 83
16 20
34 55
71 10
42 55
89 60
55 47
37 12
90 32
94 89
84 89
88 38
57 48
47 68
28 87
14 5
69 31
31 82
57 26
19 78
16 47
5 46
83 71
50 91
95 93
98 49
8 21
56 95
