2 100
41 68 52
52 70 98
17 40
9 14
40 13
72 82
94 50
67 75
27 99
43 12
8 61
46 11
26 40
92 21
27 86
43 27
83 6
65 25
49 75
80 81
5 20
16 39
92 83
23 54
34 26
92 37
19 24
54 96
0 28
19 90
48 89
67 44
25 47
84 88
65 19
47 6
10 95
10 63
37 90
81 18
51 15
42 19
50 90
97 11
39 91
76 74
59 43
66 88
1 58
95 36
55 83
18 21
29 19
69 22
81 42
88 55
3 67
79 4
54 26
42 70
87 33
11 2
90 73
76 49
91 9
80 90
68 2
59 26
2 72
44 54
22 96
29 69
4 95
60 0
83 6
26 36
59 98
75 6
72 29
15 81
51 87
92 60
81 46
50 93
24 66
46 36
16 75
7 81
92 94
8 87
63 27
27 55
23 60
40 39
51 97
13 59
50 15
55 66
91 57
86 85
83 1
59 59
