2 100
50 19 69
84 92 84
83 79
89 10
15 56
57 63
68 46
48 23
89 80
98 55
7 41
35 11
46 19
93 56
5 56
45 11
3 14
32 13
96 65
77 55
14 69
82 14
72 91
71 38
49 70
40 61
91 36
87 87
72 33
68 4
92 27
3 98
98 77
40 83
86 22
61 10
65 74
36 53
22 13
74 91
61 57
90 1
72 4
56 31
75 41
36 83
55 8
13 30
90 6
65 32
46 10
65 54
78 32
37 36
78 84
76 62
46 6
21 26
7 10
23 63
40 11
2 67
26 24
72 41
97 60
95 34
58 10
35 90
52 48
90 16
76 31
33 76
7 96
5 99
9 67
7 12
48 93
28 76
12 68
11 57
13 69
19 34
34 61
88 18
47 3
83 39
36 83
20 98
70 56
3 25
58 42
4 30
62 84
71 88
1 78
21 86
78 63
79 60
85 43
76 38
80 37
15 73
