2 100
4 92 111
17 19 40
22 19
48 49
73 42
8 10
47 94
21 25
78 7
93 34
92 93
51 46
0 11
45 92
27 44
5 85
23 74
46 9
21 68
0 85
53 70
76 96
56 49
26 88
20 19
39 60
77 74
82 21
58 92
12 48
74 45
62 61
67 77
51 0
40 45
32 86
72 32
2 47
33 5
94 16
76 30
86 97
92 28
27 28
23 36
71 54
93 17
93 99
37 46
37 53
87 16
84 81
36 70
85 80
67 76
99 92
63 6
43 62
77 25
54 27
73 38
45 26
88 30
82 90
32 27
66 66
5 48
38 51
17 37
86 23
2 93
7 45
41 84
60 62
54 24
85 94
84 75
35 55
44 95
58 82
2 27
45 95
46 94
7 15
83 31
47 12
66 16
55 28
87 54
20 0
81 37
42 14
80 31
28 81
53 8
71 96
12 83
24 72
69 87
84 56
65 0
32 19
