4 100
66 94 21
23 83 51
73 70 27
22 90 51
4 11
20 59
6 10
20 23
43 50
43 72
92 29
94 8
77 99
3 43
3 60
38 1
2 98
19 1
27 87
91 73
67 26
42 79
23 66
34 32
50 25
31 51
37 53
53 43
70 15
88 3
0 28
32 46
93 16
60 13
90 81
60 83
1 8
0 80
10 69
37 8
73 80
71 71
56 58
90 88
54 7
40 26
67 40
90 17
98 71
95 63
27 53
58 89
92 84
86 7
70 27
63 53
70 56
71 72
83 51
30 6
27 98
50 81
18 79
7 49
89 1
74 53
87 17
18 1
58 7
21 54
75 38
90 69
40 90
14 22
37 35
88 46
57 56
52 28
49 11
8 55
90 64
57 61
97 57
34 57
90 51
15 79
98 26
51 82
97 30
88 70
52 9
24 15
67 75
55 94
61 33
15 4
24 22
24 0
62 60
34 26
79 23
33 3
89 10
24 61
