4 100
6 45 41
90 64 43
4 87 47
29 58 48
30 43
67 76
10 55
90 33
81 95
41 6
57 49
21 50
80 8
16 19
18 93
3 18
55 5
99 95
65 27
77 55
43 71
59 30
27 34
2 99
83 9
82 71
25 37
56 27
71 63
13 92
79 81
49 51
74 37
97 52
69 35
7 25
8 7
89 17
53 74
58 57
69 80
77 56
29 58
5 9
21 55
17 55
31 82
9 71
2 8
31 25
84 57
23 67
92 37
60 41
80 12
4 48
38 0
52 61
9 49
17 24
5 36
30 99
76 91
29 89
50 84
95 45
16 50
36 79
77 35
46 46
78 90
53 52
50 90
52 69
69 72
11 81
66 99
66 33
65 70
18 52
41 49
64 57
84 32
98 63
25 36
1 59
61 6
55 72
26 38
18 3
36 10
87 10
34 82
88 72
85 17
45 69
7 67
41 13
65 32
40 68
85 67
34 83
86 89
66 73
