4 100
99 55 36
33 64 31
5 6 50
59 85 34
19 3
60 20
3 82
29 82
28 86
98 19
2 77
84 26
49 37
48 68
51 35
49 51
36 29
5 82
69 74
71 79
10 47
67 88
8 74
22 43
31 22
35 68
99 4
25 99
35 15
91 9
17 90
80 42
3 8
74 6
80 34
46 67
65 96
55 69
78 54
90 23
87 83
11 19
35 16
27 28
57 30
69 71
92 50
37 29
35 64
76 33
55 56
80 13
87 96
42 26
66 53
39 84
55 20
23 54
75 53
9 61
46 3
58 4
46 88
48 74
0 35
76 52
61 19
96 96
98 84
33 43
17 58
23 39
63 12
12 87
66 79
65 35
55 79
25 19
94 94
7 0
50 98
24 49
94 7
42 53
26 86
17 44
48 96
4 33
47 44
17 25
41 22
85 75
8 35
51 8
8 85
86 83
38 75
30 95
85 70
99 9
14 19
7 42
46 12
15 91
