4 100
27 75 31
57 36 47
68 25 47
88 83 36
52 37
52 3
43 29
71 79
98 74
72 9
58 45
24 57
10 95
20 28
52 98
32 60
55 66
76 12
64 52
40 14
75 22
73 75
3 29
93 33
31 97
20 14
36 84
34 77
74 31
0 76
79 57
56 85
23 28
91 91
22 25
26 52
74 15
43 41
98 6
47 24
21 54
61 37
49 24
57 40
45 42
69 77
63 28
58 39
64 19
10 84
37 54
86 70
99 98
96 79
75 67
36 34
80 79
14 63
17 32
21 71
7 52
16 67
77 80
41 96
7 12
2 95
64 4
28 86
12 14
32 98
62 3
4 22
7 18
19 8
43 45
27 34
88 9
11 96
94 77
24 72
72 82
12 35
72 41
70 33
65 9
65 39
37 35
85 76
92 40
40 31
74 75
60 0
34 40
82 31
95 18
63 17
36 74
52 70
47 75
26 18
80 50
83 63
39 87
92 40
