4 100
57 9 42
55 89 27
21 21 35
40 71 47
3 87
71 74
56 83
56 79
49 49
66 57
94 40
57 17
19 77
57 52
8 28
47 9
24 57
68 84
73 13
73 20
0 58
8 52
15 27
53 90
59 3
93 43
93 97
67 57
68 98
86 39
42 60
98 97
17 12
14 2
95 21
4 96
61 34
63 26
17 69
44 57
6 21
25 78
83 56
42 28
73 13
29 25
92 31
5 23
32 88
56 71
31 55
1 61
93 30
59 63
8 54
90 89
11 46
43 67
66 40
41 53
44 32
98 85
68 61
48 49
35 23
28 13
57 78
60 50
86 11
35 33
16 39
86 24
65 87
47 80
43 54
6 47
4 71
38 61
39 89
76 31
80 46
4 27
42 7
47 63
83 97
94 31
67 20
18 29
51 57
42 49
4 26
63 19
96 85
90 97
49 29
81 24
85 68
0 61
2 23
14 85
51 65
6 56
57 84
38 67
