4 100
61 10 48
53 98 43
75 44 38
89 76 49
84 40
0 50
21 78
99 76
79 98
5 47
67 94
85 34
53 31
26 20
34 75
80 85
17 8
49 41
84 17
58 57
35 54
17 40
73 0
82 6
51 17
31 25
17 57
14 9
73 68
81 91
10 47
36 88
60 89
88 87
97 44
52 36
64 60
85 79
65 49
13 95
4 22
52 95
9 48
72 97
4 38
36 50
90 37
9 27
41 88
6 44
27 53
95 82
86 43
74 65
92 42
4 5
49 47
3 15
81 26
39 44
25 55
67 94
7 8
29 66
57 41
57 60
18 87
96 35
68 58
66 36
62 39
82 85
41 73
41 59
51 88
32 21
77 97
8 71
16 8
49 48
42 79
58 76
77 41
35 29
88 14
32 58
3 16
97 11
49 25
94 62
96 44
59 75
44 74
71 91
22 97
59 6
85 69
79 20
80 78
72 15
15 38
87 93
83 91
72 5
