4 100
76 51 39
23 9 33
38 15 28
83 79 51
51 51
54 8
38 28
2 70
29 90
54 45
48 46
30 53
73 5
8 87
87 34
3 21
11 4
4 77
56 12
41 36
49 80
44 8
79 86
56 9
35 19
60 59
99 95
57 11
89 24
72 89
86 4
79 52
99 59
40 83
97 62
50 95
51 21
56 12
6 98
22 97
24 99
48 54
33 47
56 50
36 50
70 99
15 39
46 42
43 53
45 11
24 3
21 84
95 20
22 90
28 55
63 9
29 20
6 28
47 81
73 33
24 22
9 70
8 99
24 57
42 48
98 6
91 93
21 22
16 55
41 92
22 16
76 99
68 38
5 36
23 41
55 68
47 73
17 37
17 0
0 8
20 27
20 0
60 50
74 91
25 14
44 66
97 93
54 69
38 15
85 70
46 9
4 65
12 18
80 34
21 52
26 49
0 54
98 75
26 57
0 96
16 28
38 74
26 45
95 70
