16 100
9 61 5
47 13 8
44 68 6
87 54 9
98 71 4
90 2 4
41 14 4
8 24 4
54 82 6
29 86 10
29 38 9
47 80 7
44 28 8
90 85 6
61 30 10
47 96 4
33 45
8 78
65 63
91 54
66 66
19 21
10 7
57 75
93 88
23 65
97 42
91 22
94 23
34 56
8 92
98 91
89 89
13 2
21 45
81 90
14 22
94 7
46 27
45 15
54 91
75 1
7 50
26 52
43 2
93 62
58 81
34 21
68 68
4 22
73 11
58 98
96 11
81 71
63 55
79 14
71 58
98 56
85 72
15 51
39 74
1 32
44 12
35 92
39 86
40 4
86 56
92 0
53 44
1 84
71 7
43 66
37 9
67 55
25 40
93 11
73 95
29 25
12 70
42 82
22 49
13 74
91 73
8 26
62 40
93 48
73 58
95 12
85 31
31 7
78 67
78 96
20 22
65 50
49 80
23 59
41 17
54 9
2 81
85 26
2 52
93 23
4 23
65 84
31 16
10 5
50 92
46 12
35 30
20 58
55 17
61 10
26 97
94 56
23 8
0 12
