1 100
21 30 156
36 79
99 24
80 83
40 10
73 3
41 12
43 79
5 70
41 2
81 18
8 90
77 18
0 54
78 7
63 66
82 51
19 38
35 12
82 97
35 68
41 95
82 13
82 93
25 11
34 36
3 50
90 6
37 10
72 23
61 98
20 88
37 39
11 74
14 61
75 51
62 96
77 79
7 12
51 46
74 22
37 77
34 32
8 56
28 10
9 50
76 3
32 13
15 32
5 73
52 17
19 53
96 10
32 68
91 97
16 49
49 78
47 57
76 73
27 4
35 1
9 29
34 11
99 80
26 20
26 75
14 76
27 53
5 37
83 3
67 31
84 14
7 27
4 77
20 83
35 37
25 2
94 90
73 23
52 31
62 43
4 63
0 14
83 28
42 57
30 82
49 77
4 57
58 69
40 75
80 26
47 81
98 60
59 74
62 54
43 62
81 65
97 97
92 14
47 73
0 6
