1 100
30 46 150
88 68
89 59
2 59
32 26
84 50
90 85
17 82
17 10
68 61
9 39
27 62
49 41
18 23
87 23
68 18
1 74
22 65
21 35
48 1
67 1
68 77
7 32
54 12
17 54
19 32
75 91
23 54
91 5
28 94
44 55
11 59
97 57
96 25
63 6
62 61
66 48
73 55
33 3
9 7
25 83
82 63
9 7
7 47
72 32
60 32
46 43
12 82
40 2
24 87
36 89
94 80
20 76
26 61
25 43
58 13
73 89
91 79
94 45
7 70
17 14
72 73
96 21
85 51
24 90
92 18
12 18
4 48
75 39
59 13
6 41
39 2
66 7
97 73
10 37
14 45
46 5
11 55
66 14
39 84
68 62
60 61
41 52
43 35
77 82
12 53
47 78
45 79
81 1
66 24
52 20
4 92
84 31
61 33
57 62
21 15
60 0
25 35
3 98
34 75
85 34
