1 100
62 42 173
44 52
93 70
28 84
71 66
36 99
68 94
16 58
82 35
86 75
57 37
64 55
52 71
70 21
71 98
74 16
93 59
86 73
14 8
86 31
21 33
32 78
27 98
83 28
35 17
33 0
48 13
86 56
33 13
38 85
96 90
73 71
71 34
89 66
13 92
11 94
60 68
21 6
60 61
40 65
96 49
72 7
3 27
80 22
18 30
31 5
75 84
97 8
15 68
57 90
16 94
31 35
24 98
40 73
77 71
68 7
98 34
80 30
70 54
42 3
81 37
8 32
30 53
88 25
50 32
52 28
82 38
71 79
98 23
64 11
62 80
13 22
12 32
43 15
15 75
36 50
93 63
47 16
32 77
44 50
86 93
45 95
35 84
43 81
56 73
61 82
13 13
71 69
35 79
39 13
60 82
9 40
87 23
63 4
28 69
14 18
80 98
77 91
2 38
61 73
72 55
