1 100
37 69 150
93 78
31 53
6 63
70 25
60 44
54 99
93 82
81 53
86 2
77 58
40 91
96 23
80 48
97 20
60 17
82 40
83 88
27 77
30 64
62 75
44 58
84 5
41 71
73 59
43 43
42 54
32 25
10 87
92 34
35 97
72 36
98 80
88 79
25 86
51 16
87 72
21 55
49 42
53 14
39 6
38 63
1 27
39 77
99 0
81 0
87 76
31 26
78 19
11 38
76 5
85 72
39 14
83 68
95 37
75 13
58 21
70 35
30 82
80 54
97 38
45 37
91 0
75 46
49 59
53 49
19 75
0 8
31 44
94 98
39 3
95 41
90 76
67 79
55 2
96 76
82 96
72 80
22 79
35 80
74 82
36 24
58 11
66 21
74 3
22 50
5 28
8 49
12 19
11 38
88 32
36 33
22 7
88 43
77 52
21 84
57 81
18 18
21 1
87 59
7 89
