1 100
54 78 159
35 7
65 65
67 27
12 81
24 39
7 48
52 13
46 5
99 49
62 23
24 64
4 76
9 90
26 37
39 95
14 48
14 67
89 13
73 9
92 65
2 15
26 44
12 24
51 62
32 2
69 71
19 58
87 88
81 24
60 26
77 98
93 21
56 1
51 28
61 58
75 5
18 4
78 43
87 58
75 43
35 34
29 1
9 76
77 50
49 19
13 0
37 13
85 4
16 43
70 83
39 31
64 88
79 93
15 61
64 37
64 31
50 92
1 41
70 68
92 39
93 67
92 89
0 15
67 13
44 37
58 17
49 94
19 27
59 36
52 83
7 53
81 99
18 21
30 75
10 0
32 18
24 14
64 96
57 45
29 82
75 50
81 71
42 39
22 92
57 2
16 43
43 88
85 83
77 99
6 26
57 68
20 92
94 25
67 9
88 66
76 93
50 31
1 82
62 80
63 48
