1 100
39 62 150
91 5
48 23
31 8
57 93
29 53
15 41
57 11
86 8
91 69
56 96
20 44
29 24
27 99
84 47
2 24
66 58
41 13
42 85
48 67
40 21
88 4
19 10
24 6
55 72
57 27
73 27
97 43
0 53
3 36
30 2
12 4
12 81
4 89
49 96
81 1
66 10
6 45
32 62
61 84
28 92
27 85
74 49
19 77
20 16
79 22
90 81
49 85
6 37
88 32
81 36
98 39
91 95
21 77
18 11
53 11
82 89
76 84
80 40
77 5
36 1
92 44
61 13
23 28
18 36
35 23
30 24
34 8
32 22
6 53
22 74
32 10
54 68
9 66
59 43
75 6
92 18
10 99
65 5
81 71
46 7
34 23
38 47
32 45
24 84
32 29
66 82
47 86
94 54
39 11
33 53
56 54
39 57
33 84
60 48
74 43
68 5
33 21
41 32
24 49
54 2
