1 100
66 46 162
27 57
70 20
49 93
83 59
48 18
29 5
5 77
93 32
9 28
64 80
7 67
77 40
47 57
22 3
73 17
53 37
79 18
45 89
43 33
94 49
88 99
86 18
49 52
15 77
35 11
54 62
56 51
95 10
7 90
62 90
31 67
35 66
58 51
4 44
61 68
55 9
41 25
30 65
52 82
74 36
7 32
8 36
66 67
55 81
46 35
37 90
92 60
68 72
41 78
30 19
36 1
22 18
72 25
19 36
93 2
57 5
30 97
30 52
88 41
86 48
74 24
74 46
22 53
7 25
52 28
59 77
66 90
0 32
85 5
75 2
6 86
20 65
72 51
13 15
98 48
57 0
79 95
3 50
45 84
64 40
40 5
73 78
64 65
71 1
61 96
40 25
66 12
66 51
34 13
61 98
37 0
89 72
34 61
4 16
93 25
66 3
91 19
20 88
85 42
45 50
