1 100
32 53 164
6 50
68 82
27 70
41 32
14 82
26 95
5 74
50 46
32 92
85 79
79 31
52 59
96 66
67 60
13 58
16 85
76 49
28 74
57 12
62 71
58 81
43 11
99 52
87 90
14 81
80 16
1 34
54 0
9 26
20 37
63 84
94 91
95 43
16 54
82 46
74 43
31 88
60 40
47 76
40 89
59 91
58 49
36 61
35 41
21 85
22 86
24 52
18 20
22 84
68 75
80 85
11 39
12 8
41 26
12 44
92 45
35 67
38 39
2 9
87 19
10 61
50 99
19 60
99 87
61 40
12 72
65 28
16 88
20 19
66 88
19 8
64 45
5 23
85 38
76 32
50 77
54 38
82 28
49 13
53 4
40 85
76 71
8 36
12 5
91 12
64 94
37 73
97 97
44 20
97 31
52 36
36 91
64 64
77 29
20 75
40 28
98 67
30 1
49 25
21 67
