1 100
37 70 150
28 3
24 61
12 0
81 83
81 45
3 90
43 66
80 26
92 11
52 35
55 98
88 49
37 44
12 64
24 3
20 54
96 71
91 28
70 61
93 4
71 68
80 53
37 2
58 18
66 26
22 33
18 21
1 66
52 47
52 39
48 35
69 13
0 85
83 9
10 87
44 37
91 11
43 96
74 83
44 83
34 76
18 96
76 2
50 54
64 64
21 96
28 42
73 38
40 47
36 59
17 60
39 18
91 62
85 39
25 1
61 18
64 48
50 51
3 43
0 57
14 54
67 77
18 11
17 37
85 49
98 60
0 37
31 85
70 86
48 95
64 55
9 23
55 95
2 52
10 81
97 23
9 86
6 85
76 35
85 20
87 27
71 64
95 35
46 91
90 13
10 41
99 32
10 25
83 47
78 66
56 24
10 12
57 21
39 90
44 29
18 49
15 41
87 82
79 68
47 21
