2 100
61 92 120
33 68 80
15 43
40 48
62 37
22 70
56 81
41 75
41 82
33 14
27 2
86 87
19 15
42 98
29 17
80 76
11 94
37 15
35 26
62 11
42 76
93 79
40 72
99 28
94 10
21 43
62 76
18 37
69 82
40 40
85 83
96 57
69 88
25 79
53 81
96 9
25 76
8 58
22 48
43 4
76 87
55 83
18 67
55 93
71 33
12 81
37 67
17 38
92 6
99 5
12 66
68 29
17 76
4 36
38 99
84 20
47 80
92 52
33 72
49 4
60 95
35 71
96 26
0 64
40 59
83 4
1 10
61 40
12 37
50 91
74 29
70 57
85 32
18 17
32 29
39 34
48 89
20 97
51 59
58 62
27 42
15 40
99 80
66 42
41 75
70 72
48 53
31 72
64 97
70 24
41 10
64 32
12 12
34 7
1 79
55 72
29 42
68 14
1 27
50 24
63 49
63 9
