2 100
51 56 95
79 8 96
89 48
55 24
5 35
98 76
28 15
3 84
17 27
34 77
48 38
68 76
88 5
15 46
42 32
88 33
14 84
63 20
57 88
47 6
10 24
58 69
79 8
15 81
63 22
93 59
33 80
86 13
89 71
75 85
97 50
23 76
8 33
5 7
76 69
14 67
88 76
68 33
28 43
34 63
34 43
13 75
52 10
17 56
84 60
7 69
23 81
14 37
71 52
76 70
68 28
49 23
7 5
42 95
30 32
28 50
15 26
93 18
17 14
53 17
41 51
57 99
45 66
41 82
77 98
49 57
38 7
1 75
3 74
32 96
53 33
54 34
21 53
30 66
48 67
41 22
48 16
19 67
85 27
67 48
53 58
16 13
95 47
81 58
31 22
86 6
23 90
35 17
93 2
61 10
85 92
48 45
0 97
39 78
73 83
11 44
71 8
1 45
50 94
22 27
24 23
37 12
