2 100
96 29 89
41 49 121
28 54
69 11
57 7
98 65
4 93
73 47
39 63
40 1
7 52
80 74
86 12
78 97
40 81
25 71
60 93
48 58
28 71
26 24
38 0
47 8
44 89
1 52
68 12
62 37
17 85
75 25
89 7
98 95
64 55
47 98
55 7
85 26
60 69
20 39
68 55
19 55
81 67
77 36
36 41
59 24
72 74
64 95
59 13
46 67
32 58
55 68
94 88
71 45
97 77
4 40
75 12
4 76
51 54
20 0
35 60
60 40
31 98
72 71
51 90
89 32
43 97
94 46
8 37
2 8
34 69
6 66
78 2
55 28
41 44
83 97
28 29
25 70
55 42
71 28
7 29
78 92
26 6
55 94
41 40
50 90
22 75
68 3
24 41
83 74
85 68
88 6
63 10
53 90
22 41
34 74
69 63
92 0
39 56
92 1
51 20
34 84
76 70
64 27
91 43
97 34
