10 100
52 89 20
21 56 58
45 0 31
8 68 39
53 91 39
47 99 60
18 47 64
18 33 65
56 88 62
73 99 66
0 59
16 61
45 84
44 95
83 87
57 15
58 12
64 68
50 80
86 27
16 56
12 58
6 56
83 15
89 4
21 98
95 37
30 4
17 79
97 77
46 50
27 87
36 81
53 68
13 95
21 23
10 63
38 87
9 34
76 37
54 17
56 31
45 38
24 74
46 85
15 12
48 15
96 58
85 58
58 13
1 27
32 96
47 54
2 43
64 56
85 79
94 1
63 0
10 49
80 59
8 55
24 71
60 22
37 51
83 59
10 0
50 83
74 46
96 47
59 76
18 61
44 88
1 33
20 73
69 75
30 13
28 70
59 13
23 1
29 48
54 88
36 85
67 74
87 9
5 65
50 9
49 30
68 10
77 96
85 23
15 78
51 38
57 69
32 97
83 18
51 4
58 96
68 83
35 44
68 52
21 60
56 34
97 75
66 51
1 96
10 69
80 39
79 80
67 7
51 82
