10 100
93 10 63
11 96 39
94 63 35
39 87 59
15 80 62
36 46 56
97 92 33
38 44 49
76 50 66
60 8 46
60 47
14 8
9 52
55 59
73 73
30 87
81 89
54 35
51 2
53 47
33 51
7 24
83 88
44 57
9 92
76 93
60 51
48 4
87 89
71 68
97 27
60 8
72 46
56 64
78 66
22 12
73 28
15 98
31 75
96 81
28 24
22 24
93 56
80 86
10 58
58 89
45 99
41 13
84 48
3 74
3 61
32 32
41 71
44 24
65 59
30 89
97 66
52 80
49 60
77 38
92 34
39 70
14 27
22 93
41 14
65 59
40 83
14 8
35 63
6 67
87 8
74 66
5 67
58 60
4 22
7 61
51 89
36 25
8 58
88 55
40 55
24 60
28 7
73 8
77 55
17 96
72 31
44 68
62 31
67 43
89 26
42 17
37 32
11 17
60 74
50 3
34 51
69 90
11 95
53 30
71 23
31 28
55 76
84 30
63 80
14 15
16 1
28 64
39 21
80 26
