6 100
37 78 32
62 16 21
15 98 34
21 13 35
94 92 27
93 51 26
41 67
92 33
78 47
53 60
60 64
65 68
96 12
62 30
27 83
78 39
87 1
10 48
75 66
68 36
12 80
3 52
56 16
62 84
7 15
5 93
69 98
27 26
33 41
69 14
45 92
75 26
7 72
4 33
0 38
32 1
91 75
90 69
99 52
57 72
60 28
23 73
32 73
6 95
45 64
18 13
67 21
18 1
59 36
32 15
46 9
29 27
96 60
92 76
88 78
71 40
85 42
43 62
70 15
4 41
81 0
98 33
46 69
74 61
86 83
42 91
64 27
86 90
4 4
81 88
7 6
36 41
48 10
79 23
87 1
13 69
7 34
91 41
25 2
3 38
44 71
53 44
28 98
77 86
29 97
49 78
6 65
69 15
26 52
75 11
83 6
75 5
11 20
38 61
9 56
1 98
64 17
15 78
7 9
39 73
71 94
52 17
49 72
76 15
16 70
68 28
