6 100
89 50 32
57 11 18
12 92 33
62 86 24
12 64 44
39 81 20
63 91
70 78
79 54
90 7
19 5
67 33
91 8
32 33
54 77
0 99
93 94
86 29
71 70
57 18
66 3
22 29
17 18
15 0
62 47
95 22
74 14
78 18
21 91
84 7
40 16
47 84
6 17
95 78
82 92
5 24
47 5
93 20
59 18
1 92
20 60
57 60
99 6
94 83
79 49
87 45
5 58
42 33
1 81
52 24
55 21
33 55
21 21
58 47
71 48
87 52
77 45
7 19
13 72
69 73
21 24
21 23
4 77
97 73
58 39
25 62
12 96
28 19
14 6
58 71
95 88
62 34
21 90
43 37
60 58
83 50
12 1
14 31
11 14
56 1
8 98
58 39
34 80
9 22
28 8
38 8
65 53
95 77
61 98
78 33
24 46
56 98
69 10
37 33
61 62
51 67
13 67
24 41
54 29
47 79
40 72
73 70
73 41
76 29
75 32
58 60
