6 100
72 19 43
2 27 32
70 32 21
58 97 31
96 84 22
86 57 21
57 1
55 22
82 92
50 39
95 44
64 3
26 20
57 42
6 12
73 5
71 50
59 47
89 73
76 75
87 87
77 32
3 17
8 7
10 16
77 20
43 77
41 89
20 11
20 51
50 71
1 44
74 9
46 74
78 20
98 58
69 40
9 12
97 39
90 73
63 2
76 56
82 37
58 34
63 52
59 6
46 71
29 60
80 38
38 89
92 19
54 8
21 75
48 3
0 34
70 57
98 4
41 54
4 91
61 27
68 30
19 79
73 34
28 58
86 78
4 72
91 23
42 29
42 56
56 11
57 71
62 54
69 10
27 36
30 32
71 70
48 49
43 39
60 77
1 37
40 27
45 72
71 17
85 6
21 52
12 88
1 18
25 6
92 30
2 45
31 47
56 11
25 83
79 96
35 27
90 85
32 35
23 36
17 24
36 68
51 53
11 79
95 61
55 83
61 57
37 34
