5 100
70 36 26
16 33 41
64 19 31
32 75 31
70 54 22
3 7
51 98
25 84
28 26
27 86
62 72
78 93
8 26
30 4
89 81
16 84
94 46
14 9
17 75
49 94
99 58
52 54
66 6
4 41
6 47
44 73
44 52
94 45
94 6
19 91
25 1
35 31
92 29
46 45
39 18
72 17
34 42
37 55
12 14
68 28
16 31
18 8
31 34
28 10
74 22
50 47
27 93
30 57
7 74
4 15
46 50
28 98
80 58
57 3
71 50
7 34
55 42
48 42
89 23
75 3
40 70
91 38
42 31
13 11
44 40
91 96
77 49
90 90
7 47
85 37
98 52
44 89
46 52
27 40
65 7
96 95
72 74
76 99
38 21
74 63
1 74
70 5
27 87
87 68
35 35
76 47
69 84
73 50
6 5
39 43
28 72
31 83
73 73
29 98
95 32
92 36
62 98
55 43
73 89
96 22
7 68
55 5
11 27
78 72
27 96
