5 100
83 42 26
58 30 33
52 23 29
19 41 23
50 75 39
80 33
48 48
68 74
6 94
26 1
63 97
77 28
82 22
76 93
97 66
52 76
34 7
36 54
58 50
18 69
52 99
10 45
38 39
76 20
80 12
27 44
39 17
54 34
23 83
76 72
93 84
63 61
28 80
53 99
49 54
29 52
44 66
21 76
22 49
62 99
87 41
50 39
62 25
86 65
44 56
64 60
91 60
61 94
46 0
29 93
22 88
80 67
78 13
87 77
71 18
48 1
82 18
61 88
10 83
17 11
49 38
28 3
92 4
92 90
21 11
16 15
21 3
51 92
96 37
75 19
20 33
66 48
70 22
54 83
61 73
46 89
21 67
36 63
70 10
25 35
46 22
19 26
47 43
81 46
23 86
17 21
85 58
24 74
21 18
66 6
40 63
53 48
82 79
3 91
94 96
37 45
21 65
16 42
52 33
17 81
59 0
13 87
60 13
7 35
63 25
