5 100
38 68 28
73 57 29
30 32 31
37 67 35
39 30 27
74 30
11 67
84 21
22 10
89 95
43 45
63 23
61 41
50 88
89 5
40 57
13 3
5 40
69 91
84 54
89 7
90 18
27 19
33 66
98 57
93 82
73 85
66 94
37 25
26 72
48 58
66 12
58 58
59 32
32 71
15 91
25 12
99 21
61 22
15 57
8 71
58 63
95 67
22 66
42 86
81 30
29 85
42 5
70 45
92 31
41 47
90 13
78 0
35 16
60 28
65 73
83 57
54 79
19 88
77 74
90 25
60 73
99 96
51 2
8 9
37 88
45 21
95 91
65 37
1 17
66 72
80 53
84 87
22 41
63 44
49 42
86 93
6 23
51 35
30 40
11 60
49 13
16 31
89 35
73 73
83 89
58 66
57 51
11 1
34 69
43 88
64 62
50 25
61 34
70 15
10 25
47 9
7 62
69 98
50 87
28 43
73 42
36 60
16 50
49 43
