5 100
48 83 14
41 73 32
17 51 27
58 16 40
72 21 41
50 89
81 54
36 81
36 44
34 97
20 50
41 43
27 68
56 55
89 7
65 86
90 66
63 43
69 25
83 5
69 40
5 17
28 99
99 25
44 73
27 70
28 79
20 79
14 37
2 6
84 76
87 90
64 7
62 71
30 41
83 80
85 15
54 27
53 45
77 41
18 76
4 96
72 41
26 98
12 25
71 75
80 36
0 31
90 24
55 52
16 40
96 54
3 14
90 71
4 91
56 45
9 33
24 47
20 73
72 61
18 4
46 1
88 85
40 92
45 40
34 93
94 7
92 38
69 59
6 74
80 94
19 63
60 99
97 93
29 11
87 16
68 4
73 57
12 93
9 52
26 18
9 73
72 75
96 96
18 53
33 94
29 95
17 58
70 20
14 99
86 33
45 82
81 44
96 2
93 51
50 92
46 86
9 90
45 71
94 42
97 23
81 16
10 53
80 65
85 3
