5 100
67 47 28
71 72 22
83 57 24
53 64 32
17 30 48
69 79
68 58
16 42
14 82
39 22
34 64
64 11
37 77
74 88
2 34
53 38
40 58
76 79
9 12
40 4
36 71
20 25
47 84
82 16
45 3
1 49
97 19
54 3
7 60
61 59
88 78
61 70
20 3
76 35
1 57
49 25
43 20
22 71
3 79
22 62
38 24
39 83
84 53
34 2
28 71
76 89
25 57
46 52
91 57
83 34
21 98
22 77
31 56
4 51
35 33
88 92
64 89
91 74
29 53
94 9
15 18
56 37
5 21
60 68
2 27
50 66
23 45
0 64
3 2
99 37
7 41
84 75
26 44
37 41
99 69
40 57
1 96
20 9
4 18
98 8
27 78
54 19
27 67
81 16
88 59
46 55
5 64
64 1
40 30
74 20
15 49
20 64
59 0
34 36
10 7
32 94
40 7
39 64
60 16
68 40
2 66
77 0
21 72
66 70
81 19
