5 100
77 30 16
37 38 38
64 35 30
36 64 35
73 53 34
55 97
23 74
10 94
26 70
13 61
45 7
5 55
95 38
75 38
44 31
44 71
14 72
66 41
58 33
70 12
92 75
6 75
20 80
98 72
48 92
76 62
57 48
69 7
34 59
33 73
88 31
15 8
2 83
1 74
51 13
79 15
34 2
64 24
23 53
36 2
24 41
9 3
33 40
58 75
98 4
26 58
98 9
33 26
73 91
1 16
96 53
19 70
14 55
29 50
90 21
53 43
57 22
18 96
48 88
1 87
71 66
82 22
0 75
3 12
61 13
70 73
37 83
49 95
32 6
92 12
26 31
52 7
9 63
30 39
33 3
87 67
79 21
35 67
29 87
89 42
81 87
74 99
29 14
56 43
19 63
65 15
80 11
80 51
14 93
81 51
0 86
48 29
47 94
55 73
58 53
11 57
67 47
91 72
10 75
55 42
66 80
5 37
80 6
20 12
44 42
