5 100
36 27 33
42 72 21
65 37 19
33 33 46
26 25 33
37 16
6 73
34 50
87 36
96 72
97 60
65 95
90 28
75 15
56 76
6 55
39 84
59 51
50 63
65 92
29 53
10 31
58 69
18 37
76 97
46 92
77 40
72 23
93 71
52 9
51 92
7 72
1 70
7 20
15 20
87 43
50 83
68 89
61 90
79 5
60 54
26 80
82 13
14 91
50 35
98 69
70 33
77 99
6 36
45 2
94 37
24 89
39 80
52 5
25 80
44 12
13 20
43 77
32 4
48 87
29 9
6 78
86 92
69 67
16 56
72 62
78 1
62 35
37 99
49 32
50 88
10 57
14 7
80 85
22 68
13 11
18 25
84 77
25 99
79 71
16 51
91 25
66 69
37 51
59 88
19 44
66 84
80 19
61 56
49 17
17 33
5 71
48 9
39 33
73 31
88 99
65 61
33 51
23 64
25 41
97 20
63 91
55 63
5 13
26 24
