5 100
60 43 29
77 59 48
43 50 22
47 82 24
17 58 29
22 67
19 87
89 57
52 98
26 17
28 96
91 72
62 20
80 8
7 44
99 57
87 10
88 8
43 50
79 9
75 2
77 99
86 38
18 48
76 87
20 88
62 11
78 9
29 85
28 79
35 66
70 97
6 27
35 9
4 60
3 9
98 60
44 65
36 20
82 50
87 51
53 0
90 99
14 64
79 54
79 44
36 51
43 0
10 64
49 54
53 22
56 97
15 29
38 34
24 72
91 39
75 36
75 86
84 44
25 12
46 98
81 73
35 34
35 12
3 48
36 40
33 16
60 14
34 76
65 28
25 50
87 37
97 7
67 65
34 38
87 92
43 40
72 21
68 77
6 87
17 53
3 73
51 53
18 63
49 55
0 57
18 85
59 79
54 24
70 48
47 45
74 92
24 74
30 5
17 51
19 12
68 40
59 62
44 19
1 18
62 32
14 6
64 63
55 50
9 42
