5 100
77 29 40
54 78 15
26 26 30
17 68 33
60 83 36
20 34
98 3
82 65
8 29
29 76
23 97
69 25
12 38
26 99
37 37
33 25
2 48
99 58
50 9
68 30
29 54
62 73
46 49
44 92
49 11
47 26
40 95
16 38
0 22
4 1
6 24
77 37
88 12
96 62
29 15
96 86
43 17
79 79
71 27
73 89
3 87
31 27
81 37
69 20
5 69
74 0
12 46
12 52
19 11
43 76
71 18
85 55
18 36
73 11
32 34
12 14
86 71
32 31
72 87
1 39
39 56
34 83
14 41
63 35
52 98
47 17
12 55
46 41
93 86
34 78
51 90
61 85
81 40
0 17
4 55
72 41
78 97
93 73
38 35
89 66
19 0
8 30
97 36
69 98
90 79
35 20
19 81
92 68
99 0
2 27
19 97
1 35
7 12
44 52
27 5
23 17
39 44
73 35
3 41
26 58
22 42
58 65
15 32
77 10
61 51
