2 100
24 75 76
78 74 75
96 63
66 4
2 37
51 87
84 24
7 86
4 67
64 37
14 59
16 8
38 90
30 80
69 78
25 27
48 10
80 25
35 75
70 69
46 33
38 63
96 75
22 63
88 94
4 15
34 72
70 82
95 91
91 70
65 23
79 11
56 84
43 48
86 44
63 64
72 33
74 95
32 58
13 58
56 41
50 8
45 77
10 96
55 49
90 76
58 20
99 76
68 97
30 96
91 50
89 47
40 31
89 66
25 26
42 34
17 50
97 88
57 68
36 58
32 7
55 25
21 76
82 42
85 87
5 11
90 58
57 45
43 70
72 98
11 17
52 97
58 41
40 84
66 60
99 80
39 43
2 91
1 20
95 21
14 22
34 19
32 50
30 75
66 31
45 27
95 21
71 82
60 33
91 21
50 93
94 7
25 88
26 37
56 57
13 39
15 29
74 23
16 52
50 81
84 77
60 9
