2 100
81 30 99
65 29 52
65 21
80 81
55 24
16 16
51 89
9 77
68 76
93 9
62 45
68 91
29 19
15 39
74 15
21 87
15 41
73 38
5 78
96 7
72 97
28 38
8 23
10 71
92 84
90 51
59 76
22 89
62 5
38 96
9 99
62 84
97 22
88 5
70 87
39 16
73 84
37 19
76 12
6 99
52 69
25 19
83 34
39 70
79 44
35 83
33 31
1 57
31 13
16 1
91 40
25 7
22 62
4 86
51 24
88 4
50 3
48 5
62 60
63 67
71 25
93 92
84 97
18 95
82 85
84 54
75 21
2 73
11 35
40 11
33 96
6 13
98 63
34 43
31 2
2 16
50 65
35 41
86 92
91 59
5 50
49 38
89 86
61 98
86 61
23 64
1 40
27 94
35 51
97 42
42 25
48 83
18 79
92 89
75 32
88 8
28 56
15 47
7 75
55 74
87 97
60 75
