2 100
54 53 80
35 34 71
11 35
25 76
73 33
99 29
54 78
91 5
20 10
16 61
44 12
51 93
94 75
40 15
35 40
68 17
31 11
10 24
59 5
42 6
7 38
89 60
61 84
85 32
71 65
77 12
75 71
46 14
76 70
3 65
93 72
50 39
4 5
13 5
42 29
79 41
19 69
76 11
52 56
31 42
30 23
5 11
13 60
97 87
84 8
26 8
49 55
21 47
19 34
31 40
96 94
13 62
78 5
93 57
52 45
10 7
80 34
40 76
34 91
27 20
14 16
33 47
97 25
17 42
19 70
32 7
68 83
41 6
34 75
95 2
34 11
0 60
47 71
62 33
52 13
62 11
46 23
88 21
43 20
5 57
15 65
90 87
93 2
91 89
74 96
89 11
36 59
1 52
95 42
96 75
12 30
39 86
29 27
62 19
68 98
54 24
88 7
87 38
70 31
47 67
21 35
86 39
