2 100
45 43 91
84 31 60
73 36
9 45
77 73
79 88
18 96
7 79
65 18
0 84
91 13
53 69
68 7
63 80
36 76
70 89
42 28
94 32
87 37
77 84
90 22
90 48
47 12
88 24
58 5
49 55
83 46
21 13
58 40
25 78
81 46
54 3
37 72
58 47
98 62
91 26
6 71
6 82
90 12
6 89
39 35
71 20
9 41
58 19
21 69
42 68
62 59
71 45
15 9
18 69
20 53
10 84
13 75
73 49
32 60
76 53
84 18
67 99
48 24
26 72
69 92
97 15
84 46
97 26
31 43
8 87
97 98
82 47
71 17
0 8
61 51
45 33
84 63
24 21
90 25
39 23
61 15
47 73
59 26
44 12
23 8
10 16
63 78
73 74
23 0
88 64
19 40
68 34
8 46
92 83
84 7
84 57
42 53
11 58
29 63
30 78
71 25
0 91
77 30
30 17
13 56
19 56
