2 100
55 40 100
62 79 51
56 7
63 72
26 33
48 12
81 2
99 40
53 40
61 26
75 86
72 49
54 13
22 53
17 86
85 9
29 44
69 65
43 81
64 2
72 38
78 19
55 73
9 74
40 39
67 67
55 94
15 25
71 26
97 42
42 9
22 25
52 52
20 76
13 49
75 12
64 45
40 90
12 83
59 86
89 55
71 93
11 70
4 99
84 33
16 0
48 50
94 71
25 35
93 2
5 34
3 6
21 75
53 66
7 46
90 90
15 98
5 4
48 47
81 36
49 29
71 15
82 90
4 59
7 40
38 95
78 57
84 56
6 96
73 26
89 86
42 66
55 46
54 1
39 43
38 52
12 6
63 24
14 3
46 84
24 55
1 82
75 72
54 96
63 49
9 31
12 52
2 78
45 6
44 27
62 24
18 47
21 12
85 74
66 25
25 43
19 23
95 72
55 50
30 44
37 20
24 93
