2 100
39 39 74
75 21 76
85 75
74 40
61 4
76 48
82 95
53 70
38 53
73 9
27 63
69 79
22 14
85 96
58 39
30 89
43 43
57 47
49 57
95 84
7 62
33 0
5 0
0 34
51 19
89 83
13 31
10 56
72 98
28 6
90 47
32 96
58 89
89 71
9 45
80 76
0 83
26 82
66 36
61 57
95 58
87 64
81 16
18 86
22 53
67 22
36 9
80 11
48 90
12 50
49 84
31 60
20 62
56 72
18 52
17 91
19 10
19 12
93 57
55 32
70 20
60 81
70 80
8 81
36 7
61 71
46 1
26 75
77 59
64 54
75 94
56 18
45 80
58 52
2 91
93 24
92 65
3 71
35 37
59 64
8 13
78 85
38 36
5 28
30 40
85 21
14 6
42 29
76 23
47 42
41 61
14 37
9 67
59 68
68 63
61 61
46 15
39 94
72 15
35 7
84 61
78 73
