2 100
36 21 72
29 70 78
35 61
26 89
9 99
37 84
21 40
87 79
90 85
9 18
89 51
16 47
43 12
45 1
67 47
77 68
36 95
34 12
29 44
32 11
19 69
18 0
27 71
27 51
64 27
63 21
56 34
35 90
6 80
73 25
94 20
8 99
71 45
44 75
2 4
6 60
12 82
29 86
46 52
39 36
58 42
52 88
61 31
8 50
70 57
83 96
74 99
92 39
88 11
83 48
19 52
41 26
34 72
26 45
37 87
0 59
60 97
26 33
30 16
89 58
13 19
68 81
27 11
96 75
46 99
53 7
53 73
9 54
10 16
50 40
94 1
93 11
45 57
60 66
7 75
44 9
23 23
45 12
88 21
58 30
99 97
53 69
35 14
68 85
57 29
60 27
59 30
64 74
30 18
26 23
63 97
32 88
23 41
12 83
9 64
41 66
76 77
37 97
15 38
49 8
81 34
92 39
