14 100
40 69 12
7 25 7
11 53 8
47 91 10
70 14 10
70 25 11
65 92 14
72 32 9
98 94 12
71 70 7
18 55 14
96 88 8
82 21 9
87 12 7
37 77
68 0
94 29
17 97
32 96
47 57
81 54
88 70
77 71
55 51
60 48
68 82
89 39
14 51
36 13
26 75
18 49
45 52
58 32
39 38
72 17
16 24
78 28
11 75
49 82
32 81
28 55
16 60
39 78
90 13
68 0
22 81
71 64
6 4
59 37
16 2
31 2
89 5
10 50
28 24
67 86
91 44
17 65
20 68
99 15
49 95
73 38
24 57
42 5
51 77
95 99
63 22
67 70
20 88
1 66
63 23
50 61
95 33
89 61
29 22
27 6
59 28
55 14
72 84
49 37
96 47
94 19
57 90
96 71
81 33
2 35
81 48
79 29
17 13
59 56
6 69
33 23
35 44
48 85
25 94
57 8
74 24
28 19
8 1
46 46
24 7
79 82
15 35
12 51
21 99
57 67
5 8
84 96
94 69
52 43
26 98
89 85
14 15
70 90
26 51
