14 100
77 51 14
26 65 14
17 9 6
80 34 13
9 55 12
35 67 9
43 29 6
90 68 8
63 73 6
13 96 9
30 59 9
11 60 7
29 31 8
49 45 9
78 67
87 64
49 10
25 28
0 95
36 82
53 59
71 90
64 39
35 60
14 97
5 80
12 97
86 80
80 43
38 26
3 36
36 60
25 29
52 69
5 56
6 79
30 27
93 10
84 18
97 94
62 75
64 33
65 75
83 20
4 68
75 12
1 6
3 3
86 29
2 60
76 63
74 32
50 44
59 22
9 57
44 43
28 45
10 23
11 81
65 70
50 49
23 14
21 40
12 63
45 71
67 90
90 21
34 25
76 95
99 63
65 94
85 27
0 74
10 92
75 96
31 45
12 83
5 32
31 31
93 40
94 49
5 0
44 19
92 37
23 55
44 74
72 56
73 22
75 65
43 49
67 30
8 97
13 25
68 35
69 37
81 47
34 94
64 35
77 34
49 62
45 9
29 21
88 1
17 51
21 28
83 57
0 31
13 91
67 69
9 27
67 83
37 34
95 69
92 79
