3 100
61 98 40
18 67 42
41 68 69
23 57
86 8
86 24
22 45
76 1
37 77
96 45
38 99
60 82
3 12
97 67
60 90
66 6
1 69
37 81
2 65
12 66
1 87
24 16
95 46
6 4
43 35
61 2
84 93
27 82
84 75
76 74
63 12
16 29
40 60
1 3
74 80
84 83
41 82
9 7
45 15
75 41
86 9
19 6
51 93
35 81
67 85
71 40
99 52
99 37
56 54
91 18
36 57
28 82
37 94
92 47
13 19
36 56
96 71
51 94
70 58
14 85
91 79
53 63
56 81
38 42
43 48
15 80
36 0
13 0
6 34
32 74
93 43
50 93
76 33
21 46
23 77
78 57
25 85
26 72
31 21
16 2
83 83
29 26
69 36
14 69
20 69
72 64
64 81
52 54
74 66
17 74
18 40
59 81
8 34
57 26
94 70
20 17
43 72
32 23
1 52
16 21
86 91
79 64
79 41
