3 100
3 87 65
34 40 31
10 9 55
53 77
75 94
20 21
75 36
74 93
12 60
59 9
80 4
83 47
81 79
36 18
36 23
16 0
56 15
94 25
97 31
1 77
98 23
22 97
19 95
68 2
10 46
97 91
52 25
57 31
40 30
5 10
1 67
69 7
0 69
41 34
86 35
95 55
65 0
27 31
19 84
0 80
6 49
28 44
97 52
52 69
42 73
89 48
72 84
27 30
68 60
96 95
61 86
62 48
28 78
41 5
86 56
92 28
64 74
27 95
66 79
89 12
76 20
87 18
61 13
63 59
19 34
62 0
14 3
82 56
62 56
53 76
33 79
76 10
45 19
70 39
67 92
94 42
12 37
87 69
22 0
29 30
35 61
53 89
12 73
80 22
15 50
60 69
4 51
28 52
81 29
70 88
18 92
71 47
2 10
83 29
72 41
22 27
58 90
82 19
89 69
99 49
70 89
39 70
90 81
