3 100
29 32 38
53 11 56
96 95 62
43 27
81 86
28 68
68 93
15 99
8 37
34 47
96 45
44 3
15 18
32 17
19 2
23 2
32 46
65 29
22 33
77 54
70 80
94 69
20 27
11 4
32 54
61 20
61 49
33 53
18 26
57 64
47 30
90 58
92 87
62 43
44 0
57 46
90 86
8 44
59 21
76 11
36 98
76 78
27 55
71 86
91 74
4 95
17 91
96 78
59 30
46 85
74 36
56 83
32 91
93 14
47 15
72 14
68 16
92 63
56 29
24 11
64 24
5 58
61 56
29 18
93 98
12 2
30 34
23 62
88 35
67 54
4 50
84 84
87 38
82 52
56 59
77 21
19 65
70 48
33 73
52 95
61 74
34 85
46 81
24 67
96 88
44 91
78 89
36 67
20 16
79 73
58 92
59 61
0 2
84 21
58 69
68 51
73 19
64 6
35 19
65 4
48 42
10 51
35 27
