3 100
34 54 52
21 9 51
64 26 48
47 66
46 37
7 39
36 6
36 73
84 11
17 87
83 59
94 58
8 82
58 22
58 36
1 11
38 98
59 8
44 45
10 83
85 23
4 44
77 87
95 80
94 65
20 1
49 69
11 64
65 50
48 45
94 35
63 86
52 95
86 33
14 38
28 72
88 14
49 79
61 49
63 8
74 59
88 57
53 14
36 0
20 0
48 32
96 76
93 96
13 43
1 4
1 10
59 5
73 54
25 23
80 59
34 18
57 64
40 45
88 99
19 10
2 22
4 24
99 55
73 31
5 71
57 44
31 44
46 78
60 38
2 1
64 75
33 72
90 77
81 88
41 44
13 24
22 55
86 39
41 11
58 32
34 44
60 98
75 3
0 96
52 89
38 8
70 46
61 48
16 24
58 45
48 12
99 68
61 15
28 9
93 80
2 58
1 15
47 1
68 8
95 4
74 97
98 80
80 77
