3 100
55 77 56
39 80 28
83 96 67
81 76
36 24
88 1
57 66
49 94
18 59
68 44
18 88
57 12
72 88
93 21
67 38
44 93
42 87
77 14
56 66
49 20
34 35
91 50
52 12
48 32
98 33
30 79
9 17
37 25
30 19
49 58
23 86
31 24
90 41
61 95
71 48
24 43
19 26
5 73
66 46
44 72
85 89
0 78
39 69
78 68
23 2
96 84
72 7
50 9
53 40
43 99
5 51
83 55
54 46
97 38
77 92
23 76
55 78
70 4
16 20
73 67
92 72
88 82
12 36
45 76
24 23
83 51
48 43
61 98
3 1
59 96
39 29
44 43
91 96
94 70
83 51
3 56
26 47
37 60
2 10
65 3
73 1
88 17
66 78
78 59
65 61
78 44
13 51
69 51
13 45
89 87
49 43
36 49
75 99
67 65
0 6
14 16
84 63
33 0
20 88
41 46
77 78
73 63
93 80
