3 100
53 54 42
64 17 54
37 23 55
40 91
83 22
66 43
76 76
96 19
89 60
21 64
21 6
96 36
35 67
59 57
26 55
75 75
45 74
85 36
29 8
95 83
90 1
42 4
32 30
98 80
88 33
2 98
36 79
91 53
10 39
20 1
13 23
51 71
23 94
80 86
18 74
56 78
91 93
38 20
55 41
49 39
34 91
62 17
81 5
19 53
58 88
94 65
76 45
68 15
87 56
50 58
14 67
18 42
74 93
5 90
10 49
62 68
19 68
11 38
73 30
96 7
37 83
55 89
94 49
19 42
51 12
33 86
26 98
76 61
6 56
6 82
67 66
87 76
13 89
41 54
38 8
30 15
30 20
26 72
62 98
77 51
96 1
80 65
66 8
11 74
11 80
3 28
98 8
45 26
31 85
71 45
67 79
37 27
35 94
6 80
87 28
77 27
17 46
18 92
16 94
94 36
73 55
31 52
37 53
