3 100
98 51 54
38 49 70
38 57 28
35 71
26 60
10 20
77 89
97 96
23 65
17 57
98 75
95 24
19 13
67 79
55 45
59 91
84 20
84 16
26 18
77 58
59 9
49 40
93 62
30 46
31 35
69 31
55 2
31 7
6 98
2 37
86 73
38 71
90 11
54 39
92 94
98 21
85 48
44 39
54 65
7 5
67 67
93 67
39 22
86 57
90 27
56 44
17 64
90 16
23 68
76 49
84 98
55 39
44 52
12 55
55 19
85 44
44 72
19 39
31 74
62 17
39 90
22 77
43 13
15 53
2 34
30 92
74 93
20 22
56 47
80 58
33 27
69 1
55 23
91 7
53 93
0 48
8 15
75 33
28 87
1 49
58 93
34 78
57 16
17 59
37 19
15 86
56 49
59 5
51 34
65 31
10 39
2 63
89 8
20 2
67 40
38 74
33 28
41 43
6 8
90 89
40 51
56 68
85 11
