3 100
63 51 60
7 60 42
66 57 49
53 16
39 13
57 61
78 51
9 11
62 46
43 27
23 45
55 63
34 10
22 0
17 13
31 73
68 4
5 65
81 34
91 36
57 61
35 0
40 31
13 24
47 95
60 59
92 90
61 82
77 38
56 31
76 53
4 48
68 35
33 29
21 25
75 87
73 72
37 48
65 40
34 14
15 44
61 64
19 76
13 8
52 45
12 35
27 71
51 76
35 54
16 9
76 70
82 42
10 55
47 20
4 89
12 2
19 84
90 70
18 28
58 39
82 4
58 12
46 53
27 84
7 11
98 61
98 92
50 42
56 46
85 12
84 99
63 27
7 89
64 58
76 20
23 53
35 62
48 31
51 57
41 34
62 7
23 38
4 30
10 10
87 88
73 59
16 44
1 29
74 79
23 75
28 6
4 13
11 72
50 3
49 47
77 79
66 65
3 73
96 87
97 23
18 75
74 46
5 9
