5 100
44 57 31
36 60 39
64 43 18
67 35 25
50 42 38
49 60
81 58
39 69
21 13
43 6
17 12
47 45
15 26
34 81
46 59
60 16
33 84
11 57
37 96
23 95
98 0
43 7
3 93
22 90
19 22
38 70
37 92
29 87
66 73
73 84
92 40
52 8
3 7
28 99
20 4
49 38
53 50
93 96
99 91
18 24
7 50
5 66
86 51
36 80
77 84
56 23
3 0
7 77
47 26
10 42
87 33
12 51
13 71
72 31
16 84
59 96
16 61
94 61
83 11
46 54
64 13
72 37
32 23
11 61
17 97
97 9
55 76
52 1
19 30
78 52
12 36
94 60
8 52
10 78
46 87
66 41
84 79
78 0
33 29
49 90
35 5
65 23
6 69
84 77
73 61
24 75
15 55
15 89
89 93
60 2
0 0
31 97
57 18
13 46
7 44
80 57
12 64
96 48
90 75
87 29
99 77
40 51
14 89
38 81
67 42
