5 100
67 40 23
49 53 46
46 41 26
30 53 33
42 57 22
53 10
60 67
68 57
85 22
63 72
60 6
26 77
75 89
68 44
85 48
6 61
28 87
45 14
59 61
51 98
19 61
4 19
32 75
23 90
21 41
32 62
67 28
71 28
68 65
28 0
18 52
45 77
22 61
39 68
51 64
14 12
33 33
54 76
28 6
39 87
82 72
49 82
28 91
81 45
91 5
56 1
62 7
48 77
77 67
83 59
38 67
20 39
89 12
61 9
98 54
45 13
70 51
58 74
33 26
25 14
43 70
16 66
4 55
10 46
24 28
78 64
0 83
73 28
50 78
64 45
72 26
78 96
79 7
60 37
19 43
0 93
5 59
90 12
55 93
81 16
71 47
77 16
91 71
49 20
30 73
57 1
29 98
6 89
78 34
26 31
7 52
3 3
88 55
37 45
13 34
65 65
73 78
3 12
2 67
82 71
72 83
18 28
85 86
53 23
87 17
