5 100
40 59 30
52 69 43
34 62 26
33 34 33
57 59 21
8 46
51 20
93 73
45 71
61 23
47 26
84 24
56 90
47 14
1 43
56 22
13 50
81 67
24 89
28 87
29 5
11 79
0 59
92 92
70 40
62 77
31 63
35 87
69 50
30 60
90 57
22 36
11 39
32 72
79 41
26 76
15 19
49 14
87 42
29 97
95 49
41 12
99 79
75 13
31 87
35 38
73 38
99 82
84 15
70 54
25 37
47 59
38 77
73 34
45 60
62 15
81 20
12 3
21 38
62 46
83 81
13 61
18 42
68 64
25 55
63 26
96 46
73 70
11 30
55 53
3 70
39 57
55 0
98 11
90 88
78 14
16 84
84 44
71 98
70 36
61 99
97 80
93 94
48 68
46 68
83 16
53 24
29 99
78 43
44 43
12 42
99 16
34 78
59 43
60 85
34 14
89 0
62 33
26 58
65 49
93 76
17 53
51 68
84 25
28 47
