5 100
32 69 25
37 60 20
38 33 30
60 36 35
42 64 41
1 30
86 72
70 17
71 55
1 17
85 97
13 21
63 79
39 84
27 88
36 21
99 17
79 75
62 3
28 11
77 79
97 75
75 86
60 90
56 93
26 30
32 39
31 32
19 33
65 41
30 80
3 1
96 70
8 54
25 13
75 4
32 76
42 66
44 78
1 58
82 19
80 69
78 85
14 36
78 64
38 30
50 20
72 7
27 37
57 90
24 92
26 29
9 42
40 3
74 25
10 61
60 80
24 10
38 6
99 77
62 55
5 68
74 16
44 42
97 34
90 41
76 91
83 30
49 36
38 45
27 62
79 56
87 53
5 33
14 88
67 65
94 39
1 33
44 46
70 69
60 85
87 2
78 84
59 93
4 69
98 77
20 57
53 46
51 24
70 62
88 35
74 64
48 27
16 25
98 38
21 37
27 12
24 86
97 70
47 36
4 36
93 32
62 32
29 34
39 11
