5 100
61 51 27
50 50 39
61 67 22
57 43 32
60 59 30
1 49
25 76
30 25
47 7
75 21
27 89
54 79
85 35
80 79
37 33
44 66
87 22
33 27
16 43
23 11
22 8
21 32
96 65
54 64
84 39
9 74
75 30
61 22
30 56
29 21
0 88
72 82
30 83
20 83
5 66
59 6
7 14
53 63
46 74
92 41
66 26
2 39
83 89
97 93
59 13
29 2
64 55
70 72
60 90
59 61
26 92
40 86
45 67
42 24
93 93
78 35
97 33
66 0
74 48
0 2
27 72
72 83
59 24
32 87
8 6
55 0
0 66
8 52
80 49
27 12
3 76
93 41
63 29
75 46
99 83
97 51
65 11
81 60
97 35
53 47
79 51
74 58
43 31
43 62
73 31
9 50
96 66
53 1
14 11
46 63
49 75
81 38
88 73
5 75
97 23
83 6
63 27
83 59
86 28
88 96
46 8
2 28
28 2
40 0
96 39
