5 100
44 46 38
46 53 25
36 35 36
32 66 22
50 53 33
39 88
3 39
12 44
65 42
58 19
61 71
57 54
10 82
27 51
32 32
57 24
84 15
39 36
35 15
13 75
78 60
88 21
37 81
23 64
10 59
23 23
26 21
77 83
14 92
10 52
62 52
42 59
74 51
72 77
71 65
69 79
20 18
72 42
81 41
56 15
27 43
24 6
95 5
40 48
70 84
55 55
42 35
80 19
54 12
63 16
28 91
72 15
76 35
96 15
30 16
79 53
12 17
25 52
49 68
15 30
35 39
84 19
76 93
19 4
88 51
69 33
35 72
2 18
99 64
59 66
13 66
76 81
95 85
19 16
27 59
74 40
61 77
4 75
50 56
90 85
15 37
67 96
12 13
43 60
97 77
5 15
19 97
22 76
75 30
50 37
66 29
80 17
75 47
28 75
73 75
33 24
91 57
64 22
65 98
58 90
57 20
93 38
18 83
49 94
24 7
