5 100
54 62 16
51 34 36
42 63 40
42 50 26
61 33 33
44 98
52 52
79 58
43 63
94 27
42 4
95 99
30 76
98 99
32 69
4 52
94 60
64 83
49 59
52 92
64 88
98 21
95 91
65 49
38 11
78 98
27 42
73 26
1 0
1 65
0 44
26 37
8 12
91 20
99 92
28 71
29 90
80 32
49 93
20 37
44 61
52 91
17 86
61 9
35 13
19 94
30 40
97 51
73 44
81 46
57 40
52 82
82 56
54 56
31 39
20 82
15 53
24 93
18 97
32 77
7 96
7 98
51 39
39 77
62 16
82 19
61 73
58 4
42 21
60 29
81 34
53 58
16 24
19 16
45 0
44 4
29 48
16 80
67 56
66 30
64 48
49 36
51 23
66 23
41 73
27 86
89 91
34 48
84 43
1 8
6 84
75 80
81 70
78 49
28 47
99 86
46 31
62 86
78 41
61 82
54 83
87 24
44 69
81 67
91 55
