5 100
37 42 30
59 36 28
50 66 22
43 57 36
33 47 37
26 57
14 50
19 86
51 2
47 6
8 93
13 3
52 44
20 94
98 10
77 89
73 47
97 81
90 38
39 92
84 86
63 20
56 89
24 86
74 57
19 89
80 91
96 0
4 60
84 12
38 10
12 50
3 16
21 21
4 75
17 46
18 47
50 43
69 20
12 56
21 58
16 88
6 17
81 40
28 21
15 19
53 84
62 68
11 41
26 76
24 39
30 97
13 35
90 77
77 98
68 38
88 63
68 72
0 22
26 33
2 31
45 74
70 30
10 77
50 90
92 40
89 21
22 81
59 86
47 3
36 3
29 61
48 68
58 47
5 0
14 14
32 68
91 56
44 11
88 63
7 8
31 49
1 24
94 61
78 71
68 47
14 46
7 91
79 13
5 5
11 30
21 59
44 9
64 50
69 55
9 77
21 48
16 84
63 20
10 33
75 23
12 47
59 81
0 68
60 51
