5 100
69 44 16
37 47 28
49 56 38
38 60 29
53 38 40
28 6
50 75
71 73
15 62
26 12
34 14
50 84
14 6
49 92
13 35
83 97
38 70
31 67
51 94
58 4
8 35
64 7
55 66
34 24
77 16
31 17
35 78
16 11
41 60
21 45
20 48
2 27
24 17
11 0
14 91
17 14
75 94
59 64
21 27
38 38
5 23
59 47
12 28
22 80
4 62
0 83
68 45
6 96
8 62
23 79
8 84
70 20
15 6
88 28
78 38
44 7
56 39
11 65
26 35
64 74
72 9
54 13
58 87
15 71
23 57
88 16
70 89
51 32
38 73
20 53
88 24
83 48
29 86
72 26
24 95
81 37
69 44
19 39
26 62
95 3
43 28
75 99
23 21
9 69
48 88
34 82
36 69
11 2
46 95
96 83
95 53
98 72
8 8
60 9
62 10
96 7
94 1
42 27
76 16
68 16
57 96
5 51
1 73
19 18
68 77
