5 100
51 69 29
67 32 36
38 56 30
66 64 18
42 57 41
2 93
64 8
70 38
92 11
72 20
30 30
76 3
30 35
87 0
78 9
31 44
97 87
89 80
35 76
9 78
37 70
76 15
15 9
6 47
15 4
33 85
7 55
53 25
53 12
71 94
48 47
3 15
72 0
72 39
10 27
19 99
21 35
18 10
96 17
17 97
77 39
69 93
75 52
47 59
89 54
96 84
13 82
22 22
75 68
20 40
86 70
60 37
0 66
26 39
84 74
42 80
42 3
24 41
92 1
45 71
82 35
95 0
65 44
12 63
1 0
80 68
70 58
30 26
87 96
15 54
84 65
72 86
71 40
77 79
69 34
50 98
0 25
13 66
88 71
41 86
79 32
2 55
49 66
44 97
40 94
18 88
52 87
95 99
85 40
96 64
77 65
83 91
16 36
91 5
29 96
46 32
29 68
66 59
71 96
17 71
79 40
15 2
74 55
38 62
53 43
