5 100
41 66 41
42 53 35
32 35 33
64 45 24
35 56 17
51 99
8 23
74 24
33 99
16 45
20 12
93 0
28 59
83 57
44 72
96 64
79 0
56 82
21 84
22 80
45 4
11 21
13 26
0 68
96 51
55 79
97 16
60 98
80 16
73 5
87 1
47 27
18 16
78 4
97 38
84 83
19 94
79 67
95 7
69 63
92 82
30 45
90 68
88 37
30 89
87 17
89 63
27 71
55 42
60 21
0 27
19 6
43 51
11 91
70 68
14 33
86 4
36 16
69 25
83 5
25 61
22 90
14 49
46 69
7 8
22 3
71 66
35 40
9 53
88 57
18 77
76 80
82 90
83 6
60 69
23 40
90 86
66 76
37 28
11 73
33 25
8 86
0 30
25 99
37 46
66 76
45 13
13 52
56 97
61 19
83 78
75 47
78 29
21 54
31 92
26 39
48 21
70 59
50 91
3 40
85 42
46 19
6 21
15 58
5 27
