5 100
18 65 28
95 91 40
79 5 30
84 12 31
10 10 33
41 91
7 78
65 82
13 59
39 83
67 66
94 71
34 18
75 6
99 30
47 9
37 75
45 57
8 22
29 0
71 81
38 44
6 1
55 98
73 72
42 73
36 25
76 16
86 82
94 1
76 88
79 25
92 13
29 76
10 11
75 98
87 29
41 27
3 4
51 16
41 88
96 50
6 39
71 90
84 41
2 0
24 62
79 17
86 72
34 86
56 78
25 71
69 84
68 85
38 85
41 13
8 57
93 66
8 5
38 89
19 32
69 21
50 54
27 11
37 24
62 99
1 51
91 26
22 39
99 85
70 4
88 3
76 19
82 3
65 51
84 24
7 68
26 5
98 76
97 35
42 29
44 83
96 39
4 82
27 80
20 46
63 91
73 27
31 61
1 56
16 69
79 25
17 63
42 10
56 97
46 32
21 5
69 74
16 37
76 48
44 10
88 86
0 71
90 66
88 51
