5 100
92 86 43
49 24 21
45 19 40
54 63 30
11 31 26
53 23
13 51
4 87
47 43
5 88
53 23
76 50
83 4
85 64
27 54
84 22
10 59
43 92
3 89
48 62
51 57
7 74
68 8
21 69
80 25
25 4
47 26
78 31
55 85
36 71
79 89
22 1
9 95
11 4
66 68
7 54
60 58
81 3
84 15
86 12
65 11
97 55
71 57
8 93
26 53
16 47
67 84
59 73
53 25
58 84
94 12
24 97
91 71
33 69
25 12
28 29
59 57
20 64
95 10
96 55
76 2
79 37
92 29
16 66
29 45
93 56
58 44
77 67
77 57
29 7
29 23
77 37
23 61
13 67
13 49
18 27
24 99
87 67
61 99
53 23
72 18
69 76
38 30
1 57
44 95
5 23
67 74
76 56
85 0
76 66
91 91
55 68
81 38
21 59
93 89
92 89
72 74
26 99
51 52
14 41
54 34
17 62
50 26
88 63
13 59
