5 100
38 81 41
94 24 34
40 63 26
15 64 32
7 27 27
9 14
4 19
59 69
19 37
65 0
29 13
64 26
30 57
67 3
83 27
84 94
3 49
53 21
45 14
37 43
17 19
92 33
29 57
67 18
73 17
41 77
18 83
4 22
5 76
72 88
90 26
45 36
74 26
89 88
46 93
80 76
66 97
68 80
65 64
63 83
20 7
95 68
22 6
60 43
69 0
53 59
24 96
60 40
8 36
65 55
53 50
42 64
45 8
98 60
31 95
37 4
88 46
81 77
40 12
27 78
32 82
68 1
6 94
72 4
94 36
62 50
74 67
27 23
82 55
87 43
99 82
48 30
74 92
65 64
31 34
1 21
11 55
19 27
36 95
66 50
80 11
64 86
38 14
54 10
34 84
90 56
96 15
28 87
13 40
73 84
13 63
69 2
36 41
70 60
56 51
69 2
33 37
39 81
5 7
20 14
34 76
25 52
21 19
57 62
2 36
