5 100
24 4 28
28 37 22
70 43 42
18 79 42
82 85 30
89 72
31 55
88 77
49 42
0 53
66 92
47 62
28 66
52 51
34 32
93 47
37 45
13 72
18 75
3 44
22 34
18 77
99 27
96 52
63 49
72 0
16 46
50 2
95 28
29 70
24 37
59 41
98 14
84 22
61 98
71 19
18 87
71 96
98 34
55 25
17 25
66 67
97 77
76 66
41 65
26 45
73 29
55 47
68 11
22 5
84 69
30 65
89 96
4 34
44 55
9 70
12 73
75 38
12 0
88 31
5 62
69 68
46 4
86 68
69 82
40 72
18 33
96 4
94 93
47 50
20 48
93 47
36 87
60 79
93 93
75 83
72 24
9 67
68 16
61 87
94 82
52 29
36 29
85 13
95 10
2 28
62 7
92 91
48 11
55 25
78 10
46 95
19 95
37 81
91 2
10 47
32 92
93 7
58 23
30 4
35 97
13 54
78 86
23 75
52 10
