5 100
72 34 29
30 67 44
88 80 42
9 47 17
55 20 30
47 20
25 46
16 56
75 65
48 23
52 9
82 15
92 95
66 47
68 0
99 99
79 53
64 40
93 91
57 47
17 26
39 90
77 66
13 10
47 55
80 39
71 78
69 57
81 25
71 70
73 32
1 71
84 93
17 99
79 30
53 77
48 11
6 17
76 64
29 65
42 58
23 23
18 44
27 11
47 27
92 3
79 54
14 69
81 28
22 70
7 18
5 32
35 75
65 47
7 67
6 68
31 35
35 71
80 42
77 28
34 48
54 19
20 28
90 83
40 85
6 15
52 62
30 77
77 57
60 26
22 26
96 59
81 65
50 37
91 4
53 52
16 83
58 28
8 48
74 69
44 49
14 15
26 35
84 4
35 47
9 79
22 91
13 38
14 54
17 86
53 29
15 96
25 0
63 22
13 16
72 99
16 87
29 4
57 52
59 55
22 50
4 62
53 87
29 60
55 20
