4 100
56 34 34
35 56 51
20 41 22
24 50 45
51 72
63 41
71 78
90 39
77 80
52 73
25 89
77 48
49 37
1 88
88 77
22 54
80 44
28 80
82 77
39 34
35 86
66 16
2 27
37 92
24 7
52 75
42 23
81 45
97 88
17 31
24 98
95 22
41 38
17 35
90 95
69 26
30 13
64 90
79 27
48 1
18 0
20 9
56 55
3 21
53 87
64 92
0 35
84 13
60 87
58 32
47 55
72 59
40 79
28 81
30 8
92 79
55 60
74 35
65 24
57 67
27 10
89 70
90 70
10 62
77 83
54 31
73 2
34 23
53 82
25 38
42 51
10 87
89 83
39 90
26 15
21 58
1 63
22 31
27 36
97 85
15 90
42 99
54 98
7 2
59 8
29 81
21 78
93 81
93 25
25 37
94 64
38 41
23 43
37 55
46 82
73 23
58 63
90 10
14 92
91 63
58 96
7 12
47 78
75 68
