4 100
64 47 36
64 23 25
54 29 50
48 26 41
10 87
88 23
92 71
52 71
73 17
4 22
93 47
11 15
91 57
77 28
36 93
78 95
11 90
89 99
5 37
16 2
20 67
91 42
53 97
83 82
47 8
46 43
87 9
41 14
95 9
17 68
67 29
78 3
47 78
25 53
22 0
53 92
12 74
48 48
59 94
14 54
72 17
89 20
25 69
25 97
1 89
78 17
6 79
54 99
30 70
62 55
98 78
74 22
84 71
61 37
86 32
54 15
66 62
24 95
77 47
70 37
71 11
66 35
88 20
11 52
26 46
65 89
34 42
5 67
92 9
78 64
37 2
81 53
40 85
52 83
84 52
6 51
80 90
70 93
99 72
82 46
85 35
32 66
60 75
63 75
23 93
33 68
52 9
24 55
12 17
15 74
44 74
39 21
3 2
67 71
33 3
84 11
33 84
86 54
63 98
69 80
52 29
12 10
48 28
79 60
