4 100
33 73 56
43 32 26
27 74 47
62 71 23
77 38
53 97
88 15
33 21
82 28
98 26
56 62
77 6
76 35
4 19
77 55
13 3
19 82
29 35
40 34
57 6
35 21
22 84
19 82
68 19
50 36
65 77
22 43
96 86
15 10
95 81
25 20
22 32
7 26
33 23
73 51
6 87
66 31
42 83
72 12
57 43
54 70
0 66
67 13
24 6
91 37
88 74
1 38
77 52
49 31
37 62
67 10
63 83
48 88
8 17
38 62
49 32
76 29
85 49
23 24
77 59
2 4
74 93
90 58
7 75
43 90
40 56
82 98
17 75
99 27
31 92
64 54
84 86
55 40
55 27
87 2
72 36
29 51
19 83
32 15
3 93
56 57
8 64
47 22
87 83
75 80
14 58
59 79
14 59
31 13
51 93
2 20
11 19
86 32
7 93
8 41
4 26
24 98
25 37
27 43
23 97
99 99
25 66
97 27
67 7
