4 100
42 53 53
22 48 32
62 52 26
23 28 40
18 2
50 48
61 73
38 3
13 9
59 43
97 38
3 33
80 90
95 74
6 73
43 47
46 92
29 49
17 25
19 60
20 31
96 58
17 63
40 29
65 50
0 70
7 98
32 85
53 45
95 12
85 85
71 8
81 43
50 47
42 67
17 36
74 73
0 41
97 92
53 33
41 95
26 55
61 64
30 70
34 76
98 62
13 61
80 6
74 77
47 34
64 46
40 48
96 64
2 65
94 80
36 81
51 73
81 9
56 76
43 1
35 70
13 2
29 99
47 17
67 22
44 30
75 33
81 41
56 79
73 59
26 28
21 95
63 3
20 1
96 58
73 72
55 5
87 86
32 29
58 7
83 36
53 13
0 71
83 78
57 95
48 65
68 46
81 41
26 4
19 31
93 10
67 79
73 19
12 49
30 21
45 99
82 59
19 84
12 46
10 80
15 68
43 54
40 89
51 59
