4 100
39 41 19
73 43 51
60 78 33
26 21 48
14 96
0 25
28 8
88 63
96 96
64 16
1 3
6 52
86 13
82 70
70 4
17 46
15 19
34 94
52 93
59 7
18 26
25 3
86 62
76 49
2 84
28 48
81 41
57 52
85 51
62 81
20 58
80 21
37 33
77 54
49 45
78 25
56 39
27 38
75 50
44 80
0 35
16 2
45 31
12 83
24 28
61 58
39 0
6 1
71 38
39 61
0 92
28 85
29 32
38 52
43 49
92 90
56 40
20 43
16 47
91 6
66 36
20 61
86 98
97 64
55 25
46 99
22 33
48 43
28 45
97 12
16 21
19 64
67 69
73 54
28 78
62 63
84 48
9 62
20 57
22 73
18 15
66 73
44 18
51 60
97 87
92 56
79 75
17 22
87 95
81 70
53 72
30 33
98 36
23 43
46 49
19 82
65 31
6 63
63 62
31 71
84 9
42 81
40 88
93 15
