4 100
67 26 48
36 25 28
28 53 47
73 58 43
88 78
87 0
61 5
33 24
28 15
19 19
79 67
23 38
23 59
60 49
29 58
19 21
14 95
62 60
89 82
95 29
96 60
60 56
44 68
72 92
67 16
62 0
76 90
81 8
59 96
55 9
83 78
24 22
78 36
32 61
65 29
40 12
16 95
45 1
3 2
39 58
1 14
66 29
90 82
5 94
79 38
80 65
73 70
36 2
63 8
34 15
55 96
5 28
20 57
15 79
21 28
21 16
29 45
90 91
8 30
87 31
13 5
18 3
74 71
22 17
99 14
58 29
1 85
23 16
21 98
1 25
12 72
58 67
63 20
9 92
33 27
18 40
1 47
63 92
15 4
83 62
69 99
37 99
88 0
27 13
12 97
25 87
12 3
98 34
90 48
69 85
12 74
40 25
11 64
63 93
5 11
53 88
76 87
96 31
97 75
27 54
44 36
32 82
98 73
50 20
