4 100
70 21 43
21 30 33
36 52 30
27 36 47
50 64
44 52
68 71
46 51
25 4
14 94
76 78
61 9
25 13
24 89
25 65
75 26
16 96
50 78
32 4
21 6
46 32
34 6
44 44
93 17
92 2
97 97
67 45
19 86
36 16
98 45
15 69
45 44
77 41
99 17
35 41
79 61
26 25
33 65
46 82
87 66
46 51
28 9
19 54
27 59
36 43
15 55
9 41
72 32
55 12
32 67
56 16
15 25
76 60
13 0
6 74
10 7
3 25
12 72
33 14
48 16
93 4
11 47
33 49
20 39
11 66
17 31
17 47
53 33
93 65
53 34
29 46
79 84
43 49
27 65
51 57
27 36
95 2
36 17
88 21
31 8
46 60
46 89
26 82
37 11
52 64
56 11
43 85
88 90
0 46
14 38
41 90
86 88
82 62
83 95
79 42
45 2
62 51
82 72
98 93
37 42
73 0
97 54
2 76
52 78
