4 100
47 67 33
24 46 52
76 43 33
46 63 32
14 98
16 27
17 55
51 54
3 76
22 20
29 77
12 78
3 78
25 12
86 34
59 12
67 6
85 2
61 79
82 29
93 89
98 50
69 9
47 91
98 63
72 79
49 18
45 15
90 90
53 43
82 46
21 27
27 49
48 21
23 95
93 78
59 95
92 16
62 41
55 91
65 78
6 41
71 75
54 24
88 1
70 92
29 6
34 43
28 11
60 86
31 41
25 38
36 34
19 4
77 40
21 28
9 84
92 64
90 22
94 21
76 81
36 39
73 87
87 4
82 19
0 87
25 3
25 51
10 16
88 38
26 23
28 59
66 42
11 24
82 89
38 33
62 32
63 42
85 92
59 29
45 88
10 93
64 1
49 38
63 90
49 8
21 46
39 39
19 39
83 16
64 57
92 93
79 15
79 58
71 80
56 29
55 40
91 36
55 13
42 56
42 87
78 30
15 9
77 62
