4 100
38 47 48
74 50 48
74 33 21
57 28 36
14 80
27 74
89 23
95 62
99 68
28 9
41 46
55 66
35 53
49 88
29 14
72 50
19 86
85 44
75 12
26 99
49 9
7 4
41 85
87 73
84 36
44 66
63 56
84 2
10 40
57 29
51 49
84 75
65 83
25 58
43 61
47 11
13 69
15 57
96 68
89 49
24 74
15 75
5 83
15 55
27 51
23 8
60 61
56 96
87 84
93 54
93 41
16 9
43 84
82 71
10 6
73 0
57 39
12 11
98 72
39 47
18 17
47 65
11 53
68 75
44 0
99 43
45 0
85 97
41 72
15 74
95 35
19 71
86 59
40 51
28 43
92 78
49 45
58 69
27 17
43 46
87 39
97 46
4 55
50 44
30 84
28 75
49 55
72 4
13 12
39 99
12 37
51 64
49 74
17 47
44 81
5 38
75 87
76 70
40 55
59 41
51 79
87 53
33 50
9 21
