4 100
67 28 41
56 77 24
78 63 42
79 51 46
92 42
67 76
81 79
42 20
3 41
70 82
82 79
0 64
4 83
84 20
1 61
57 61
89 83
60 17
55 54
83 68
84 0
18 16
15 36
14 72
99 96
24 18
8 71
32 32
90 43
20 88
46 66
38 49
3 5
14 24
80 74
62 67
97 30
76 86
43 56
43 77
8 23
29 21
50 93
72 82
41 93
48 28
74 39
55 58
36 80
71 6
86 34
86 90
6 27
35 50
17 87
9 48
23 39
53 96
47 51
58 71
75 52
84 62
9 21
8 64
51 23
68 75
21 25
40 38
32 3
17 73
57 57
40 11
28 62
31 44
6 50
46 20
12 92
73 25
9 70
61 78
47 14
68 50
69 80
80 55
41 37
60 57
82 69
7 26
87 38
82 10
65 49
43 48
22 35
50 87
14 37
75 49
25 46
32 1
48 51
34 3
3 35
12 75
13 47
6 63
