4 100
79 77 40
48 21 39
20 52 35
43 43 39
13 16
44 99
27 21
65 36
28 0
44 15
37 90
41 49
59 31
83 82
83 22
76 80
65 74
44 77
0 80
42 83
45 39
60 69
53 80
75 33
97 35
24 78
40 8
32 19
21 95
63 46
93 70
5 17
84 57
19 97
63 52
89 27
6 22
37 2
75 74
78 17
40 94
70 49
88 6
96 99
67 78
5 92
80 41
8 12
35 85
8 88
93 36
37 57
2 76
73 50
75 27
35 60
62 43
68 85
95 70
4 78
63 27
17 77
51 28
96 29
73 35
53 20
59 17
82 86
19 53
93 29
80 6
99 25
38 8
5 25
95 99
18 88
87 16
33 32
22 17
55 71
46 32
51 41
95 45
26 20
4 43
19 41
36 38
90 21
70 40
94 45
38 23
47 71
55 48
51 33
45 84
44 8
32 21
78 48
23 13
15 46
23 56
79 6
74 79
72 83
