5 100
91 87 24
35 35 37
21 81 23
23 22 34
61 25 36
62 30
6 10
83 33
6 74
67 59
12 65
64 47
66 55
94 78
43 37
14 48
72 35
65 54
61 63
68 94
34 38
59 11
26 84
67 0
57 28
97 92
9 24
47 61
52 97
28 59
39 39
71 12
3 51
77 22
86 97
15 53
99 48
98 66
79 90
90 89
49 43
76 20
12 25
46 11
85 31
30 16
58 32
86 52
12 94
55 60
48 86
13 41
40 34
39 26
66 92
32 56
9 61
86 49
47 4
60 92
25 85
25 83
82 50
39 76
83 15
83 43
17 19
18 77
44 25
81 41
54 28
14 35
91 2
6 65
28 78
13 40
7 42
3 71
68 69
32 47
37 11
39 16
53 81
77 17
90 48
82 4
25 64
46 42
53 73
44 13
82 9
37 29
36 96
36 15
99 74
51 0
19 51
60 51
16 22
62 53
56 47
4 12
56 62
40 19
5 2
