5 100
70 25 23
38 33 23
34 30 35
43 99 41
83 52 31
47 98
22 66
37 71
63 54
17 61
52 24
50 35
40 73
92 55
15 41
40 27
27 79
98 8
61 15
76 60
38 21
9 56
92 5
78 15
47 26
65 58
68 67
0 74
89 29
46 86
65 94
40 58
71 4
92 22
86 85
75 99
54 57
80 30
75 60
39 4
44 25
81 41
19 98
10 47
72 72
17 5
17 83
64 33
12 79
38 89
2 21
84 93
32 44
7 46
83 84
35 77
16 39
98 93
53 95
36 67
58 77
35 63
15 93
85 64
27 73
90 58
66 3
40 84
78 77
89 43
59 99
65 79
76 34
31 60
56 76
36 55
45 78
58 27
24 24
75 67
71 23
24 72
66 58
97 85
76 94
12 61
79 86
88 58
22 69
78 80
93 62
10 85
84 20
85 9
47 76
87 61
87 90
78 57
64 88
42 69
82 56
56 93
64 19
7 84
28 79
