1 100
36 90 182
4 97
90 31
1 56
82 70
31 36
27 13
20 31
61 50
1 36
28 15
95 60
44 98
64 15
7 68
87 18
30 3
76 50
73 46
53 0
84 88
24 89
36 13
73 59
45 90
53 16
94 16
13 8
8 16
53 85
84 53
44 78
68 39
78 98
56 59
59 24
27 49
51 13
82 17
23 3
99 48
32 81
36 25
20 24
34 53
18 35
71 86
1 9
89 52
48 72
40 73
34 86
50 95
80 76
0 70
83 59
14 81
78 85
98 88
90 63
43 48
76 21
93 60
86 37
97 21
37 58
27 17
90 1
37 83
5 29
94 80
5 95
69 25
22 79
26 62
41 0
35 22
0 85
14 59
56 64
60 11
93 95
81 76
84 3
0 8
1 88
19 19
17 76
49 31
91 99
19 43
13 98
63 61
24 51
67 6
65 10
77 54
57 11
82 16
14 99
66 69
