1 100
10 37 150
32 58
90 88
67 10
83 95
0 20
91 97
81 69
67 12
83 30
72 15
94 73
37 46
25 29
88 3
68 17
63 39
15 62
74 4
5 15
85 28
64 94
9 90
43 89
52 16
93 7
83 46
14 5
52 12
59 82
28 34
67 59
24 87
25 0
65 88
24 35
99 51
37 75
30 42
64 16
33 20
8 5
40 74
31 78
50 3
12 75
69 65
65 61
80 91
65 5
22 40
3 70
6 44
11 94
95 37
55 98
51 32
13 60
15 48
98 82
93 36
14 66
0 40
19 56
19 35
44 22
27 10
32 99
85 13
51 5
10 29
11 30
40 62
11 6
84 27
48 2
84 33
14 98
27 91
14 37
35 28
29 24
30 85
50 3
37 82
73 52
80 67
39 1
37 17
4 26
48 97
82 71
14 19
18 42
76 13
68 0
11 81
98 58
17 3
28 85
37 11
