1 100
33 46 150
97 34
93 91
37 77
84 64
70 82
98 93
49 6
2 58
0 85
36 55
71 46
12 67
56 0
55 5
66 11
15 67
53 0
47 42
86 99
54 7
79 85
58 70
6 67
10 0
9 6
21 23
45 45
68 35
49 72
82 9
40 22
45 78
40 37
75 58
80 33
10 64
48 71
70 56
44 47
37 75
5 8
66 75
13 84
61 50
98 34
7 75
49 82
27 47
82 49
17 50
11 58
90 93
71 41
14 20
65 56
69 33
22 55
94 9
21 93
29 40
51 30
34 80
87 9
61 79
64 51
8 50
49 15
89 6
50 86
46 31
51 12
51 41
29 68
7 77
19 33
47 81
31 3
77 29
23 10
41 41
19 52
85 64
38 95
61 20
15 4
14 11
78 89
60 60
51 32
8 68
6 11
46 5
42 59
59 97
42 40
80 40
6 54
91 58
34 74
91 85
