1 100
74 12 150
9 20
6 3
48 99
75 83
83 43
73 84
61 72
19 27
0 7
90 3
40 43
46 61
57 39
82 79
63 80
80 37
93 75
17 12
67 91
57 48
61 57
10 5
63 50
22 13
9 0
50 3
39 75
18 8
25 75
43 92
31 38
94 60
87 67
34 98
10 37
51 45
58 55
6 45
9 21
26 48
82 33
47 88
9 9
97 13
97 68
26 84
16 78
29 73
61 40
51 53
48 2
58 18
35 70
2 82
99 93
85 21
28 20
43 42
78 52
67 36
69 68
44 77
23 54
32 83
53 50
86 17
12 61
9 99
58 67
34 63
68 81
31 72
68 1
29 93
23 95
97 60
79 69
66 60
52 38
92 4
92 67
51 17
98 42
82 84
62 82
73 63
92 76
74 77
81 34
70 10
48 68
77 47
91 95
35 15
39 27
81 79
74 23
54 6
96 55
99 59
