1 100
26 71 150
60 20
8 55
85 3
44 14
65 43
41 96
10 37
16 25
88 38
86 76
5 25
3 4
76 74
21 61
76 8
57 74
79 87
76 93
70 13
42 24
93 84
0 25
89 89
58 71
16 73
55 28
36 59
20 78
33 53
41 6
55 49
54 12
74 32
79 36
86 50
40 37
94 62
47 84
60 24
96 66
72 49
26 45
29 49
16 23
47 5
55 34
32 48
66 44
60 39
14 89
34 43
71 98
84 86
53 60
62 24
79 44
69 46
40 40
0 78
32 7
48 7
6 49
37 16
4 3
63 56
47 62
32 5
8 98
75 26
62 11
69 95
74 94
34 76
32 81
47 62
38 62
60 69
0 36
50 79
55 94
44 77
70 10
28 21
51 57
15 56
6 1
85 49
43 55
11 20
64 16
29 91
24 33
72 86
2 21
95 84
77 32
54 60
52 83
42 79
11 90
