1 100
9 7 188
55 16
85 86
37 90
8 55
95 79
45 45
49 38
47 70
41 56
32 72
40 48
70 7
87 52
42 43
99 38
5 55
91 72
69 20
46 67
81 15
57 89
49 41
63 28
66 38
37 54
47 23
80 3
89 67
7 64
95 63
45 85
98 13
29 87
11 97
14 58
92 54
22 73
58 69
60 68
66 87
38 83
11 19
10 27
88 27
28 93
28 94
37 63
59 93
99 35
3 17
37 66
78 77
28 15
11 20
45 66
3 40
39 57
44 35
52 74
95 91
13 87
37 62
44 44
8 57
13 31
27 77
12 10
45 35
53 7
42 81
44 2
94 32
62 95
90 10
30 66
76 53
69 92
52 98
95 74
53 65
84 95
45 76
28 17
65 7
51 39
46 78
35 96
40 64
55 56
40 5
10 42
38 72
53 99
64 66
4 6
27 13
22 28
58 99
45 51
15 64
