1 100
80 76 152
8 58
7 88
82 19
18 51
45 51
50 5
90 61
63 35
49 39
57 32
26 17
70 1
78 35
12 83
83 6
39 48
64 9
56 69
74 85
23 30
40 95
12 54
67 71
41 39
53 28
85 89
29 86
50 54
59 25
6 2
52 35
3 74
67 75
0 24
78 25
31 11
99 93
57 64
85 7
67 57
30 75
94 47
14 57
40 87
5 54
50 2
76 89
79 61
86 98
30 67
91 97
42 79
0 55
94 86
39 49
7 71
48 0
52 88
80 77
57 17
34 96
8 56
45 52
78 14
62 33
17 85
51 9
45 64
72 36
59 35
41 29
88 41
38 53
23 94
75 42
55 39
37 7
93 80
25 75
46 91
95 35
0 21
13 93
28 15
88 8
69 12
86 45
99 47
26 59
60 61
28 59
8 58
64 43
9 14
31 33
39 64
87 65
5 77
69 11
68 74
