6 100
27 35 21
33 46 28
58 38 34
26 33 22
37 50 28
68 27 18
77 55
98 94
43 47
43 87
26 32
35 41
66 59
26 44
57 3
38 11
58 77
5 75
86 40
84 92
19 20
44 67
8 51
7 81
30 87
82 94
55 26
13 69
0 20
6 60
53 18
23 91
84 60
4 59
81 18
61 90
4 60
35 24
77 64
76 18
31 10
20 75
85 39
61 20
16 97
45 46
78 6
35 94
52 23
73 68
32 1
41 55
34 47
20 78
90 29
93 15
51 25
8 75
72 16
40 41
65 42
91 9
18 19
44 20
54 44
59 0
19 79
42 87
38 68
47 9
34 66
8 3
85 71
43 40
96 83
98 57
3 67
23 93
7 83
92 87
90 60
36 21
61 68
62 36
70 92
36 18
33 41
17 59
37 44
99 31
22 36
61 0
0 35
30 66
41 95
87 66
7 73
17 51
24 71
45 30
77 48
62 83
62 53
42 2
39 90
31 89
