6 100
70 26 30
70 55 24
69 50 15
55 57 36
39 48 25
37 48 22
3 51
6 75
11 72
45 73
74 30
48 77
6 12
57 87
13 82
61 29
84 31
2 93
85 82
12 98
61 83
48 14
92 12
13 76
79 46
17 81
24 54
53 56
42 7
63 4
72 35
12 19
13 21
4 85
38 47
84 3
66 33
70 99
83 64
82 69
65 36
52 32
98 2
80 84
96 10
70 74
37 79
45 35
63 19
91 98
62 52
0 75
5 3
58 3
49 7
62 52
68 9
52 28
95 65
95 28
13 12
17 73
80 14
55 50
29 63
39 77
19 35
74 52
54 15
76 12
94 6
18 89
29 73
14 94
85 99
41 15
71 17
40 39
86 70
62 25
86 25
4 42
8 72
60 33
66 76
98 78
97 14
80 28
69 49
9 73
63 51
98 1
47 95
70 81
21 32
17 64
22 50
35 43
39 43
74 12
11 75
24 93
73 72
3 43
51 63
85 31
