6 100
64 60 29
30 28 25
67 50 21
37 29 29
65 29 35
59 51 12
62 57
59 86
1 46
62 91
68 59
63 72
79 8
40 61
19 21
40 15
46 10
93 95
41 63
37 71
99 81
83 18
20 0
76 87
50 35
94 15
28 21
84 65
15 46
45 9
54 22
56 4
20 30
39 4
32 32
13 24
70 29
86 60
81 70
6 33
65 46
45 68
97 43
74 50
75 91
89 75
81 83
40 84
73 4
95 12
97 36
94 60
91 99
31 85
31 8
49 37
20 58
64 21
48 13
28 36
59 55
11 11
22 52
45 77
26 40
18 36
28 80
74 33
17 19
13 84
81 15
42 31
67 95
58 89
29 76
7 49
27 65
51 80
47 95
15 50
60 2
69 9
20 19
7 80
76 95
51 2
14 85
65 1
72 2
15 68
75 58
1 94
4 17
46 23
68 64
12 38
70 51
75 28
69 31
99 83
56 7
74 69
93 19
57 44
84 17
64 34
