6 100
52 66 19
71 46 33
38 67 25
73 46 21
28 71 29
57 31 28
17 47
61 12
7 35
7 65
2 95
46 69
26 42
88 6
86 7
60 78
73 80
92 30
29 30
5 21
62 92
98 55
35 81
90 27
21 39
39 13
21 64
29 52
90 28
60 91
0 13
99 19
60 27
21 64
30 90
60 96
2 88
31 87
46 31
0 77
66 47
65 6
84 80
22 36
46 22
25 2
16 40
71 50
85 91
13 85
29 48
78 58
68 1
39 89
48 68
96 9
18 33
24 35
90 88
40 1
96 43
31 42
75 69
90 85
39 80
65 24
95 14
6 37
59 27
23 23
23 11
4 34
64 31
45 44
70 44
71 23
80 81
48 72
63 34
84 14
14 13
31 9
40 14
43 36
43 74
88 5
79 61
16 65
56 41
20 37
98 65
68 5
49 80
32 29
11 83
94 27
65 30
57 93
29 24
32 79
10 58
73 86
79 59
17 25
71 45
7 86
