6 100
30 73 32
27 33 24
67 54 34
50 50 18
61 69 21
38 31 26
48 63
20 20
10 45
80 8
89 13
80 38
85 26
8 52
75 54
83 45
57 1
54 43
97 39
68 7
27 51
94 97
45 25
2 57
74 80
40 83
55 20
11 95
37 5
58 77
91 1
58 6
41 81
39 46
77 57
95 91
5 81
46 88
47 88
51 43
64 0
25 97
55 81
31 23
53 85
48 50
41 71
69 43
99 6
8 89
18 51
16 85
77 48
52 53
31 0
81 8
40 88
92 72
79 4
5 87
75 53
50 85
82 5
81 67
13 82
17 20
26 35
46 82
61 11
41 31
89 62
42 41
84 12
72 22
1 3
96 67
81 70
32 97
59 99
38 20
86 80
45 75
34 58
4 55
41 5
87 49
68 89
30 20
83 16
89 99
93 36
22 76
31 38
99 45
34 21
29 53
36 23
45 49
33 19
91 21
39 79
58 48
17 1
90 4
12 96
63 53
