5 100
3 33 35
56 7 24
26 93 36
39 40 13
60 45 33
55 36
68 8
76 17
66 48
96 34
42 67
23 78
62 66
39 54
39 62
49 37
74 17
80 72
77 1
15 17
94 21
0 64
32 37
51 77
99 5
31 78
67 46
55 60
16 50
9 63
71 66
5 17
69 49
80 92
89 30
85 34
88 21
27 59
9 51
6 27
24 63
8 68
37 5
60 39
28 6
47 68
32 87
67 36
68 92
19 19
49 98
35 18
86 29
19 46
88 61
4 67
31 90
29 37
23 47
12 37
30 29
84 32
49 30
27 9
21 29
76 1
66 42
9 21
28 24
23 5
13 15
94 13
18 52
42 95
98 3
70 47
89 72
21 72
79 22
56 30
45 19
80 0
25 90
24 85
22 86
54 83
39 29
37 58
29 84
93 77
94 35
44 40
44 66
40 90
12 74
15 51
76 71
15 85
17 5
65 21
8 25
19 0
62 63
85 89
5 1
