5 100
79 11 11
72 28 37
88 86 26
6 84 31
79 9 38
56 29
65 0
13 42
26 85
46 52
84 75
82 92
88 56
77 30
85 48
56 60
85 2
39 73
19 15
54 15
73 17
28 28
46 81
61 80
77 65
79 21
95 12
69 79
34 88
73 50
53 36
85 53
50 95
28 91
41 67
55 36
65 81
87 21
95 27
75 4
5 88
57 67
75 59
26 62
21 29
28 29
10 18
72 99
92 43
88 24
48 5
99 83
27 18
49 91
70 60
26 83
58 48
54 44
2 24
88 59
68 8
21 28
54 51
84 82
11 26
58 36
75 75
10 40
54 21
1 73
23 86
99 62
32 71
32 87
40 97
71 4
86 31
2 0
9 94
41 78
98 74
28 81
56 65
84 49
11 83
73 42
4 47
53 74
88 51
11 49
69 65
80 43
5 82
66 88
44 99
53 74
87 56
0 4
96 84
12 78
15 39
63 69
78 43
1 66
75 49
