5 100
54 44 24
2 65 36
18 44 28
86 54 18
47 95 37
99 87
44 74
16 59
90 81
12 19
44 24
5 10
79 44
33 22
79 14
72 92
58 46
77 30
64 27
52 49
31 91
70 91
63 39
12 82
98 11
73 17
86 11
18 60
99 76
18 42
82 36
56 69
43 79
98 85
13 1
75 80
38 16
23 23
4 42
87 87
46 2
16 29
53 23
43 32
15 61
77 24
42 3
21 57
34 26
9 82
63 49
25 85
18 42
14 19
90 43
11 71
37 21
55 54
32 10
89 60
3 60
30 6
33 10
32 13
94 38
21 90
3 38
95 90
9 12
30 86
53 5
92 35
33 50
26 56
35 64
19 44
32 72
43 7
31 74
76 60
94 7
68 9
61 87
47 20
76 92
47 40
40 93
93 82
38 5
94 25
33 45
31 41
44 77
61 40
24 1
1 80
16 76
97 41
99 21
67 92
97 96
99 85
59 66
88 25
7 5
