2 100
42 64 102
33 83 48
62 32
81 14
0 84
34 89
86 47
59 11
97 57
32 64
20 24
48 25
61 5
73 46
39 99
78 70
42 21
52 46
29 5
75 80
58 79
46 93
91 95
22 80
48 40
49 23
16 80
28 77
96 38
68 35
84 2
92 78
65 51
76 62
25 58
74 10
78 12
96 1
13 12
31 27
32 35
0 41
96 68
70 95
72 41
9 43
46 55
39 17
87 51
0 56
90 41
60 84
84 35
86 13
5 63
96 14
89 55
78 52
77 40
17 74
41 94
23 9
20 10
61 43
90 40
44 78
72 92
82 15
0 85
43 47
29 6
89 2
78 5
60 60
66 23
4 90
59 76
45 40
16 84
58 39
12 35
80 29
4 80
5 56
79 88
6 61
55 34
50 16
96 17
54 9
0 14
94 74
72 6
23 98
37 59
29 78
93 50
77 78
47 80
4 58
2 15
99 74
