2 100
55 66 60
21 89 97
12 80
36 2
70 3
33 14
78 66
77 51
40 68
18 64
53 81
64 41
46 99
88 68
86 43
42 53
75 35
88 96
58 15
2 99
53 99
42 35
27 47
18 64
53 20
62 74
25 37
36 67
76 41
81 54
72 12
24 1
79 36
36 85
15 35
4 36
56 86
81 88
54 64
74 40
68 10
84 93
15 91
86 93
72 42
33 61
41 91
87 54
97 86
80 83
78 88
11 26
80 56
42 2
32 12
6 19
60 41
62 44
3 70
99 32
12 86
47 36
48 3
80 23
42 62
38 25
65 13
77 20
93 7
18 54
36 77
17 3
55 92
33 98
2 59
31 30
12 71
71 57
32 4
81 11
33 98
29 99
4 73
10 44
22 37
8 73
19 66
83 30
95 96
80 24
79 38
78 88
88 1
11 81
48 11
43 36
7 2
26 40
52 83
16 22
13 49
37 51
