2 100
9 58 79
71 42 72
73 19
71 24
44 47
21 53
59 16
53 57
72 69
16 8
33 63
75 19
51 4
86 66
51 40
73 49
92 97
6 65
36 3
48 69
25 37
69 78
14 97
59 20
38 13
17 74
11 60
65 46
10 83
45 25
43 15
78 10
92 15
46 83
1 99
15 47
51 18
73 84
93 0
74 76
54 15
69 88
44 17
16 85
76 55
90 46
58 94
68 93
79 54
33 98
49 61
40 45
31 18
81 15
40 87
25 38
26 98
91 0
75 88
10 28
5 16
65 18
8 26
62 31
18 64
93 40
74 77
68 3
83 0
43 77
84 64
68 28
0 44
31 45
13 70
55 7
83 17
20 11
28 95
26 28
97 90
52 80
84 93
22 41
10 44
12 59
88 55
51 47
0 21
70 18
88 73
58 0
84 74
8 34
76 2
57 52
71 76
81 82
45 95
33 31
9 3
0 39
