2 100
47 49 64
35 39 87
19 65
86 5
66 13
9 18
99 61
6 70
21 15
42 84
88 78
46 46
23 94
62 7
74 17
67 99
46 33
88 21
24 79
56 73
79 28
3 36
17 33
18 56
96 97
10 9
76 72
95 11
47 87
16 6
42 30
60 41
32 16
66 70
35 0
73 60
14 99
51 77
0 3
60 63
80 97
19 43
15 49
9 74
8 35
42 73
8 78
33 57
28 30
47 66
76 85
69 63
38 98
88 23
8 24
43 31
27 82
14 23
60 49
58 14
43 84
76 64
18 50
15 25
76 27
66 86
44 28
37 59
64 0
48 23
54 67
46 4
79 7
67 52
69 62
33 18
71 87
97 67
99 13
39 19
21 82
93 40
88 70
41 68
60 92
72 42
19 3
86 80
47 3
91 56
26 31
32 10
77 19
31 90
59 84
34 39
43 84
31 69
13 26
96 49
9 6
75 3
