2 100
57 83 89
73 58 89
2 24
66 90
46 32
8 9
11 75
86 57
72 42
92 31
7 14
74 62
74 66
89 22
63 21
74 93
15 66
54 13
68 81
38 15
70 20
44 26
13 25
83 92
92 33
67 81
53 9
23 58
15 92
39 91
24 17
19 46
35 97
2 43
51 23
5 87
25 99
80 17
69 25
46 57
42 52
68 5
85 98
60 78
59 75
51 88
40 85
71 92
95 71
81 34
75 66
11 5
19 47
90 29
99 65
20 95
40 60
17 69
51 15
64 73
88 93
88 56
54 88
12 92
40 87
30 12
62 42
2 53
20 35
71 74
19 63
75 38
40 4
47 53
93 76
20 72
23 48
67 90
20 79
16 46
42 20
17 61
17 60
83 14
87 78
81 63
45 27
26 16
32 63
35 67
92 85
38 97
33 23
40 50
45 75
14 77
7 1
6 98
78 57
19 48
95 3
60 74
