2 100
15 78 85
36 13 89
21 85
24 61
23 15
86 23
57 80
83 92
58 46
71 22
27 22
46 49
98 76
18 35
99 86
53 74
75 15
0 29
31 25
84 57
10 14
4 21
61 10
74 78
16 97
81 25
63 22
34 82
43 50
25 60
50 63
19 26
98 7
74 70
93 94
98 22
36 21
13 96
5 29
24 91
90 91
25 88
64 61
28 11
99 18
29 92
39 0
29 16
88 91
5 10
39 25
13 31
51 9
7 38
73 51
73 47
22 55
42 3
90 83
74 61
94 2
68 10
90 17
42 82
86 35
24 85
69 89
49 70
22 93
79 65
60 0
25 74
41 40
52 72
45 77
35 58
94 53
88 86
49 69
39 0
77 47
20 95
38 36
86 27
54 60
48 53
75 62
57 99
14 3
41 95
35 36
51 60
38 2
31 30
22 66
12 5
14 77
99 23
94 99
10 32
50 82
44 25
