7 100
36 78 31
76 46 24
92 27 32
36 74 26
69 4 19
53 26 35
45 78 17
46 84
43 31
92 35
73 51
55 2
80 36
91 81
80 42
72 63
43 95
46 65
55 72
91 1
89 45
31 25
32 34
44 23
8 19
44 72
68 31
16 89
85 81
20 99
21 92
19 5
52 24
28 87
2 42
52 19
7 10
23 17
34 27
41 86
23 55
20 5
89 78
13 68
7 71
56 84
63 65
53 35
44 22
59 3
41 80
51 63
24 44
68 55
11 65
88 41
81 30
97 26
37 4
36 54
45 48
4 98
59 34
84 55
11 90
9 29
56 78
87 84
3 28
33 21
77 17
26 12
45 48
38 87
90 40
21 48
64 34
32 21
23 65
23 99
11 21
93 55
81 95
48 4
56 53
33 65
51 81
26 7
5 88
74 12
30 50
70 57
12 92
8 88
35 58
66 23
49 27
2 20
78 98
15 95
9 82
73 85
78 48
68 77
85 65
86 7
24 10
