7 100
43 93 15
30 61 30
20 11 35
7 1 14
37 58 22
67 11 37
7 79 33
86 27
22 44
82 4
54 84
23 36
59 84
18 49
84 58
41 21
21 85
14 87
39 64
27 86
13 83
40 51
64 18
0 44
10 17
62 0
27 89
69 56
64 36
1 91
32 87
21 75
48 56
75 57
89 77
29 90
37 42
97 16
57 1
38 21
58 45
9 80
16 28
1 73
14 74
16 17
68 18
54 49
12 89
14 7
56 10
39 83
22 47
33 21
96 8
11 11
36 0
1 71
97 12
70 25
43 36
41 33
44 50
58 85
63 30
13 30
86 35
42 72
8 20
89 28
44 56
81 98
45 97
41 30
97 20
29 99
87 35
45 93
24 90
1 64
1 47
24 1
31 44
94 54
64 55
65 28
55 18
52 86
34 71
77 62
62 19
35 15
43 82
5 34
78 87
94 58
99 93
89 39
88 24
95 45
22 34
11 29
57 67
74 84
23 71
13 73
37 19
