7 100
46 14 28
4 59 24
77 98 35
5 91 37
66 71 15
28 61 29
60 6 15
28 99
78 99
71 82
25 54
51 77
53 82
29 39
90 64
34 80
88 13
22 25
27 54
94 70
61 83
78 79
63 40
0 37
99 25
87 90
38 59
60 49
30 92
7 86
68 33
22 80
88 59
25 61
23 53
67 68
75 98
64 30
47 75
64 65
89 3
76 17
40 99
87 90
55 13
34 28
96 99
53 19
28 22
11 24
16 19
44 54
11 64
99 34
82 54
99 43
99 25
91 45
25 52
46 71
21 68
73 96
90 10
13 50
67 23
81 98
56 44
95 79
80 28
88 77
96 67
96 66
78 12
91 22
0 68
18 16
75 41
99 91
80 98
99 16
78 22
30 29
7 82
12 73
97 5
16 83
39 15
11 61
18 53
75 43
49 21
91 44
39 49
57 42
56 29
87 31
22 91
10 78
83 36
10 33
87 29
37 71
96 45
27 20
33 37
94 75
98 11
