5 100
57 26 21
55 39 38
67 25 37
50 39 28
49 75 26
57 48
46 25
87 15
25 18
28 31
41 87
47 19
38 87
33 76
27 63
41 37
72 33
22 5
19 41
51 96
73 69
12 5
70 89
89 42
93 67
72 47
56 61
79 96
68 2
33 65
92 73
96 84
34 70
66 38
15 42
39 46
56 7
96 89
36 75
32 27
84 64
95 5
3 33
89 13
94 26
94 8
80 7
45 46
32 80
84 53
65 8
12 64
26 62
26 53
83 93
77 13
2 26
12 80
61 7
43 2
13 84
21 34
90 55
9 99
8 10
95 11
93 14
40 34
57 64
17 99
85 92
18 44
95 15
16 81
46 80
51 9
82 47
47 7
96 16
51 42
59 46
94 13
10 9
17 82
2 37
23 61
9 90
25 58
77 78
15 10
29 53
48 16
79 62
92 2
1 37
59 28
89 57
27 51
29 22
91 51
46 1
17 82
72 2
23 73
64 89
