5 100
61 23 28
71 30 42
47 73 25
42 79 34
51 73 23
25 86
86 78
76 51
77 21
46 33
24 70
85 82
24 37
86 65
81 86
44 99
21 98
84 71
56 70
89 32
37 56
17 95
22 2
91 34
61 37
95 88
90 44
90 61
47 26
59 7
23 8
1 9
44 38
66 9
41 22
80 9
60 77
9 84
5 25
2 38
8 39
31 1
61 22
99 23
1 57
59 17
72 66
71 5
71 30
0 94
68 92
70 67
3 35
96 33
3 43
5 48
77 7
90 59
36 35
23 89
19 0
10 40
94 11
41 75
95 94
48 93
10 24
71 68
28 92
86 9
46 80
61 10
10 6
10 23
15 64
13 67
85 1
70 44
25 75
20 4
67 39
61 94
72 57
10 97
32 77
34 71
74 99
85 45
83 67
87 37
18 85
38 54
59 35
57 0
91 31
0 44
57 14
47 56
37 46
47 80
47 7
68 42
4 14
67 0
95 99
