12 100
55 68 5
77 36 11
63 29 7
94 79 7
62 23 10
86 66 11
36 22 8
19 99 10
9 53 8
45 63 5
76 43 10
1 35 13
33 90
89 66
37 29
2 0
41 83
25 96
81 69
52 57
42 59
46 84
51 35
40 37
83 14
81 12
42 45
36 76
59 97
0 78
38 17
2 71
75 75
68 48
64 40
61 51
60 8
5 50
93 55
75 30
40 21
46 30
91 13
83 83
7 16
99 51
75 4
10 78
98 89
44 43
70 57
36 96
94 53
29 46
77 12
5 19
29 81
86 63
49 88
24 26
31 36
43 19
48 38
51 15
69 7
61 76
34 90
47 60
61 30
50 69
38 85
58 36
79 86
75 18
35 43
1 66
33 96
95 0
12 21
75 59
37 53
15 1
42 33
0 93
30 26
53 18
90 30
87 6
6 41
18 19
99 80
14 87
59 32
85 69
64 84
72 89
97 81
86 45
13 25
94 90
6 36
74 48
3 30
19 38
96 46
26 86
36 6
90 10
30 87
86 47
90 68
48 31
