10 100
45 43 16
76 75 28
20 17 16
50 77 22
3 73 17
74 56 17
8 4 15
53 96 18
58 40 32
73 81 25
54 98
68 82
16 85
3 62
23 34
13 3
13 94
65 87
19 41
9 48
53 97
69 71
90 50
86 1
87 28
15 85
29 89
82 53
42 66
62 32
58 84
83 76
59 14
8 39
74 36
58 34
79 59
4 1
37 29
81 0
17 92
63 66
3 79
8 37
82 1
66 14
49 56
19 27
35 91
53 66
52 6
95 79
57 6
74 40
66 62
49 1
92 11
14 92
1 12
93 84
76 88
90 51
84 92
93 4
90 90
98 49
12 42
20 42
33 82
21 35
94 66
79 89
24 53
87 31
72 83
32 21
35 46
82 63
97 53
53 69
52 88
54 85
61 56
53 9
15 33
24 19
50 29
59 49
34 51
98 79
13 4
2 17
77 6
28 18
68 86
58 30
3 61
23 56
11 63
27 56
30 59
36 65
25 11
37 75
86 41
60 29
46 99
14 46
61 98
83 1
