10 100
90 25 25
70 67 29
20 56 18
2 53 18
55 42 20
40 70 23
36 86 21
84 79 18
36 36 23
3 85 13
97 6
53 38
78 18
76 68
31 59
65 25
70 36
58 72
57 84
40 18
89 20
80 42
43 72
95 20
23 70
87 25
69 75
75 98
24 35
71 38
96 23
0 74
94 39
29 65
73 38
57 64
94 9
8 30
53 8
25 52
9 46
77 98
34 14
4 86
7 13
8 2
54 15
11 71
52 20
79 35
75 95
75 31
27 60
54 75
13 19
26 13
68 59
93 14
77 83
46 24
32 73
27 12
26 22
96 33
12 46
51 35
37 91
42 51
61 48
87 50
21 36
62 61
82 69
51 3
69 75
56 85
40 47
34 6
61 72
69 75
84 17
57 74
55 55
61 77
34 36
36 33
64 88
61 22
48 65
35 17
9 4
13 36
19 74
97 23
44 41
91 32
82 71
38 80
83 79
67 23
96 88
32 96
56 62
96 38
91 81
92 71
17 79
74 16
27 33
46 36
