10 100
45 5 30
37 6 18
49 25 13
4 25 11
41 15 22
7 22 28
12 62 28
45 12 25
81 4 14
58 5 20
4 55
73 74
23 8
76 82
75 94
2 11
52 12
56 70
24 46
95 6
84 8
28 5
34 3
70 66
53 66
4 80
64 27
93 41
41 83
35 82
0 16
78 55
62 94
56 56
3 96
23 43
70 2
0 52
28 38
36 22
79 54
71 39
60 68
33 60
99 14
47 37
39 72
69 45
95 57
98 10
62 12
78 31
66 79
66 34
84 49
25 73
91 14
74 47
86 56
0 87
55 41
38 57
81 44
56 97
98 80
3 76
82 1
3 4
60 25
80 53
71 18
34 23
16 46
42 61
44 72
11 71
71 34
93 51
57 55
89 94
6 74
51 86
85 25
30 16
42 83
4 55
64 5
3 93
85 6
54 78
14 75
3 25
45 58
32 64
84 32
93 72
40 43
65 23
45 56
18 8
92 59
37 52
79 57
48 25
42 52
18 92
64 55
48 59
13 90
74 95
