10 100
75 47 11
97 28 23
21 53 26
71 59 28
20 79 13
71 28 13
72 93 23
96 25 19
42 4 19
83 7 27
6 49
55 75
59 43
21 80
51 47
89 7
38 63
77 40
22 53
13 20
9 28
99 96
16 13
31 16
76 46
66 9
46 22
93 92
39 10
86 1
44 1
64 23
93 81
51 43
47 0
94 89
77 9
73 55
28 82
76 98
59 74
48 97
76 13
34 27
9 91
17 96
75 49
85 4
85 27
47 56
55 50
32 18
41 14
61 95
15 74
24 44
77 58
98 97
48 15
1 28
74 59
92 72
29 96
99 76
3 77
27 47
6 31
92 94
41 58
76 65
60 15
2 86
9 18
51 94
75 96
84 98
94 93
58 65
42 56
10 53
76 50
75 22
35 95
31 98
39 41
75 80
65 75
94 80
11 74
36 4
70 48
32 64
20 5
62 21
47 80
82 13
61 31
30 77
86 30
25 41
89 32
20 13
29 92
31 41
39 29
20 82
94 89
19 28
2 5
90 7
