7 100
55 74 36
31 56 17
48 23 35
3 98 38
31 21 17
59 66 26
14 82 27
60 4
55 87
29 41
46 37
78 53
41 39
95 6
74 20
41 15
31 53
33 61
36 74
60 10
13 15
28 15
18 25
52 85
90 90
11 53
14 9
96 44
60 67
66 71
92 95
4 42
73 43
44 31
20 22
49 40
91 7
24 4
79 22
93 38
12 70
84 58
9 19
13 40
44 90
21 95
35 12
15 43
32 62
44 55
25 30
77 23
41 27
60 30
0 10
1 58
15 72
30 76
99 95
80 50
27 88
91 87
29 19
39 89
61 65
17 98
55 99
53 58
12 48
45 9
99 55
43 60
69 49
78 36
29 79
38 52
71 55
84 37
90 61
73 16
72 65
66 6
47 31
19 51
32 46
81 45
77 17
93 46
5 61
26 56
16 76
68 17
78 40
96 54
83 84
38 22
51 49
9 89
73 78
17 68
44 54
13 90
68 98
18 65
22 61
60 16
27 59
