7 100
22 91 15
25 85 30
40 8 29
89 81 26
65 78 33
93 97 39
95 77 23
34 65
15 52
25 89
87 10
26 58
29 43
71 78
42 54
70 46
4 60
79 81
44 31
37 87
84 36
62 46
41 69
44 56
81 83
67 43
74 41
11 37
88 40
37 69
29 41
47 60
55 64
68 93
84 83
12 49
8 84
49 76
11 43
2 9
73 67
81 97
20 19
43 70
1 22
3 61
19 33
32 12
43 93
70 18
49 86
61 12
49 27
84 75
49 52
95 25
50 88
12 7
71 6
17 65
93 58
44 55
15 3
69 66
77 13
27 89
53 73
67 85
69 58
68 8
13 44
38 7
69 81
58 62
56 6
12 45
77 45
39 2
55 93
38 64
64 74
96 80
73 45
95 61
3 8
50 45
52 91
4 99
52 79
35 98
16 22
95 53
98 79
19 92
69 30
65 93
69 29
70 83
13 78
38 89
21 61
33 78
27 95
78 41
79 29
3 76
80 46
