7 100
37 32 27
40 55 14
75 73 10
27 67 28
66 30 27
37 71 31
72 68 17
18 68
83 80
79 12
68 2
51 73
75 78
26 84
22 27
96 88
27 72
72 75
40 24
74 61
46 93
53 45
39 23
62 98
15 71
95 4
0 24
58 8
59 8
64 11
46 20
53 75
20 7
5 86
8 50
8 86
50 35
30 73
61 62
9 14
35 86
1 32
80 2
72 46
49 71
60 76
59 15
29 14
96 25
28 37
56 33
64 15
83 73
64 94
34 96
65 41
84 48
59 73
80 17
38 93
6 33
42 1
15 47
71 98
66 71
50 37
0 19
93 45
98 86
75 63
92 2
50 54
55 74
2 94
28 48
83 21
18 63
61 26
81 93
60 61
19 94
24 72
51 59
77 52
34 69
20 42
99 98
72 93
31 15
18 58
59 75
16 96
74 13
72 59
58 41
90 54
32 39
62 31
66 79
71 14
88 42
26 74
9 26
80 85
13 73
9 1
27 95
