7 100
51 76 26
64 37 20
52 75 15
68 76 33
53 20 17
79 27 25
50 63 19
55 17
81 29
10 9
94 21
94 72
84 39
79 50
62 28
68 52
27 0
53 61
79 19
15 89
28 82
63 16
41 31
0 86
16 77
38 73
86 94
86 23
32 26
0 14
38 78
65 88
18 60
6 76
36 78
49 47
75 81
18 73
10 75
70 58
5 27
22 6
63 11
64 55
20 81
65 83
87 42
74 53
36 12
4 89
87 4
90 38
34 73
27 61
97 72
8 11
68 78
2 84
42 64
93 34
47 33
93 85
70 18
45 15
31 57
91 91
53 58
24 42
5 78
54 16
0 8
97 36
29 44
58 88
37 53
34 49
27 11
97 19
19 51
44 91
30 72
52 50
21 65
62 14
96 72
32 0
0 68
11 83
3 92
69 77
82 25
7 89
11 35
49 51
56 10
59 49
36 57
67 6
26 12
1 99
88 11
42 39
84 6
84 33
29 8
86 1
27 72
