7 100
55 55 14
78 36 34
57 72 23
28 71 14
58 40 22
39 67 32
78 65 15
85 85
76 30
58 17
66 11
51 81
29 41
71 25
79 54
26 8
92 88
65 37
77 6
32 48
79 37
58 64
49 27
48 56
38 99
10 87
98 76
51 85
40 77
21 22
40 33
57 6
78 17
73 91
63 29
64 36
47 42
20 20
80 45
58 22
84 10
83 39
71 47
64 13
93 23
12 65
78 52
9 64
96 25
45 17
23 13
91 96
99 32
2 53
84 21
92 64
4 93
55 61
28 49
34 20
42 71
88 58
95 64
84 9
56 89
37 83
22 53
59 81
62 97
52 93
32 87
54 28
89 83
94 86
22 63
39 91
88 59
83 40
40 52
20 30
86 41
24 32
59 66
28 34
8 9
71 12
66 32
80 84
0 48
7 60
66 27
89 42
46 48
12 40
94 81
23 75
41 63
24 55
1 91
0 58
21 43
37 55
38 98
17 48
24 13
86 98
33 35
