7 100
70 71 20
52 53 23
35 48 25
25 51 22
27 65 24
79 33 23
77 30 18
24 63
11 99
36 44
32 28
93 49
86 58
37 33
48 88
71 21
51 8
98 43
18 51
25 32
27 87
43 48
73 20
37 8
80 43
46 2
25 46
74 12
68 36
79 17
79 99
15 65
85 66
10 41
95 60
59 49
55 65
14 17
88 39
58 8
66 53
81 84
60 44
22 94
37 37
39 99
60 66
39 55
38 49
2 60
46 4
59 92
50 26
19 89
33 9
17 56
23 25
37 63
33 79
55 33
77 78
58 21
38 78
44 97
80 31
48 85
67 9
15 79
92 34
36 15
96 87
45 0
2 42
63 16
36 23
21 98
49 95
81 21
35 35
17 29
65 57
11 66
27 95
7 71
99 35
70 82
31 7
10 81
21 53
81 49
22 5
95 42
24 97
31 82
90 47
66 41
99 99
22 63
47 95
17 65
10 5
40 36
89 77
41 29
30 61
71 89
77 64
