7 100
54 63 18
74 29 30
63 79 22
43 68 27
77 22 19
55 76 15
24 79 23
57 10
53 11
11 57
72 14
6 18
49 38
77 25
80 59
17 94
45 69
21 15
69 45
6 71
8 25
49 33
27 49
52 14
66 13
39 40
24 73
22 47
43 99
16 70
82 18
32 78
72 41
7 74
90 37
16 52
67 65
19 72
50 47
46 68
90 19
20 3
55 94
83 2
5 96
31 66
25 3
33 92
53 45
4 42
55 26
1 89
36 29
44 98
27 39
62 23
39 45
83 42
97 51
52 60
75 32
19 36
86 10
43 28
43 61
10 62
77 71
88 88
11 8
46 19
45 90
45 93
39 68
75 34
65 35
99 46
70 76
66 48
55 68
77 30
99 13
69 29
84 45
82 7
88 30
70 96
86 46
57 97
91 68
79 36
8 23
22 52
83 4
62 12
89 28
97 65
32 46
45 8
23 7
81 13
91 21
53 57
98 37
14 78
82 15
68 66
19 86
