7 100
41 31 16
25 36 32
67 36 14
45 73 22
38 21 12
28 68 30
65 44 26
55 62
19 79
1 70
37 4
35 73
23 56
13 38
41 0
64 29
43 68
33 90
71 22
89 65
26 45
81 61
22 10
40 65
70 53
63 4
31 84
32 5
54 51
13 21
54 84
58 0
55 5
98 92
43 65
22 55
64 40
98 84
28 18
80 75
17 33
35 21
95 59
85 44
23 12
87 77
4 30
33 78
1 41
46 15
69 71
76 88
5 81
25 20
39 47
84 90
27 47
16 65
82 70
76 4
36 23
53 97
23 11
5 46
18 15
64 39
48 60
13 69
79 31
10 52
78 3
58 46
50 34
56 64
81 75
88 55
75 52
21 73
94 79
95 86
74 29
40 28
55 22
58 35
86 97
92 68
61 16
84 0
21 82
41 69
26 18
25 52
43 72
37 55
70 67
64 80
96 79
77 36
78 94
69 64
48 36
49 22
36 66
84 50
28 50
4 87
17 80
