7 100
32 42 22
28 39 19
45 41 21
43 50 21
69 31 12
53 22 29
32 60 27
31 41
82 68
72 81
39 27
13 28
46 91
16 93
11 46
64 63
98 24
82 27
90 50
86 8
82 56
0 24
66 22
65 56
86 29
79 28
77 26
35 82
0 36
75 60
36 3
97 15
46 21
60 35
74 95
45 0
17 94
95 4
44 39
49 34
57 6
13 59
77 70
20 83
8 42
25 25
46 10
18 47
34 82
25 96
85 75
53 41
0 90
97 44
49 6
94 28
12 42
15 41
35 29
69 61
14 37
81 54
24 77
77 25
40 46
38 40
3 64
45 1
16 39
29 44
37 36
1 55
24 61
26 24
43 57
46 17
29 79
76 93
57 83
95 11
28 44
56 67
91 32
75 82
11 6
78 15
13 14
39 69
6 65
30 32
18 40
27 71
68 18
99 56
68 78
19 65
83 38
4 40
48 38
12 21
56 62
75 20
48 99
63 25
64 0
13 40
97 19
