7 100
65 47 31
54 38 25
54 24 15
74 42 15
36 22 21
66 41 21
60 44 27
13 18
26 26
59 81
44 93
60 46
38 25
82 94
46 97
82 61
67 74
18 17
30 57
47 47
15 58
2 51
99 0
78 53
76 37
80 94
78 15
9 20
91 31
21 77
21 59
76 96
2 43
75 99
3 75
24 35
0 45
17 79
66 45
16 30
41 33
4 35
91 95
72 22
74 96
59 27
41 8
27 27
30 74
56 52
4 77
13 85
40 17
1 27
38 57
43 70
22 93
11 58
24 71
84 27
42 83
61 18
13 1
7 78
15 43
46 2
39 25
32 28
32 10
96 9
81 79
38 70
66 30
60 56
57 67
88 93
13 67
94 25
15 33
13 17
73 60
21 31
41 17
28 7
26 35
13 56
86 37
58 48
33 22
12 67
9 75
20 28
97 44
22 80
30 95
13 51
11 65
35 77
46 38
72 19
23 57
30 64
22 26
16 8
28 48
53 42
79 67
