7 100
42 71 26
66 46 11
62 60 21
74 50 26
79 36 25
76 57 15
20 66 28
12 99
16 35
15 2
79 43
29 66
59 31
97 93
31 90
72 32
25 97
96 16
53 59
92 16
21 14
50 70
95 90
57 96
42 70
63 35
85 11
26 11
52 40
77 8
0 65
77 92
64 67
17 98
69 36
91 14
3 44
20 6
65 71
41 34
63 44
22 5
90 8
42 34
68 59
16 19
57 95
44 82
8 12
7 37
26 27
76 68
27 77
19 44
68 94
20 90
10 43
0 75
21 85
73 19
43 61
6 71
73 50
38 27
24 90
95 82
21 95
15 70
91 65
54 7
46 89
22 38
15 70
84 40
51 99
41 46
66 60
44 54
42 6
16 86
34 59
62 49
75 97
45 91
72 43
1 62
59 82
79 3
15 43
9 92
2 40
2 93
30 44
8 24
78 23
79 70
64 16
96 79
94 66
48 51
68 72
63 76
82 42
46 39
66 97
44 82
78 6
