4 100
27 38 54
6 63 61
12 3 36
20 66 30
20 26
55 31
63 13
99 77
79 72
23 9
15 83
74 94
70 58
67 46
72 60
69 18
64 96
55 56
42 22
70 66
35 16
60 61
37 81
1 71
70 90
83 3
18 32
32 93
34 2
76 5
56 95
63 7
34 3
78 73
97 4
53 4
50 9
71 20
89 16
65 66
28 25
26 10
3 76
14 57
6 65
26 53
38 86
63 40
38 38
51 94
2 93
23 55
20 11
53 86
55 84
5 65
74 8
4 77
89 81
25 84
54 20
20 34
23 64
57 28
57 69
47 13
29 95
66 88
94 96
27 12
35 77
94 21
95 34
43 30
4 84
79 68
85 33
11 31
22 72
89 96
84 62
61 20
29 6
38 37
82 78
61 20
38 88
97 32
66 83
39 96
23 9
18 41
49 11
42 28
24 56
33 6
6 46
90 12
33 51
2 14
68 14
73 11
57 19
20 16
