4 100
55 26 21
40 19 57
59 31 52
40 69 50
22 54
66 73
12 33
74 20
80 98
44 74
39 35
63 83
14 71
58 51
49 41
89 28
39 46
71 79
40 72
65 94
9 87
29 99
83 30
4 7
41 55
6 11
38 62
7 6
97 25
20 81
76 60
43 50
85 18
14 56
36 13
40 45
15 69
92 57
56 88
42 67
77 78
76 25
24 53
61 67
89 78
12 94
45 18
65 26
67 91
80 82
82 37
80 17
47 38
5 5
74 50
13 26
82 76
28 23
5 70
47 50
22 62
92 96
13 31
76 67
22 88
8 89
24 94
19 35
52 45
15 96
94 93
15 1
70 4
7 67
35 83
60 15
28 15
11 75
10 68
92 0
45 23
1 74
10 41
59 23
86 3
29 25
98 0
22 19
28 38
54 33
65 83
20 29
88 75
96 29
26 89
73 73
67 73
29 94
88 60
84 2
5 92
27 81
70 54
11 42
