5 100
31 57 17
78 51 32
4 30 45
70 33 16
33 93 41
18 34
32 71
40 76
70 39
95 47
34 29
23 32
78 96
40 15
33 10
19 44
83 16
75 85
88 25
75 32
48 62
14 51
35 33
21 16
92 91
39 47
11 62
67 25
88 2
65 30
30 62
29 31
70 14
2 48
53 69
52 79
94 67
6 56
46 13
41 45
96 95
46 97
69 73
51 9
23 37
62 35
63 91
54 69
5 17
3 54
17 54
54 21
54 32
41 4
78 89
66 7
91 17
17 36
6 90
52 42
18 31
12 15
5 16
50 51
5 31
62 26
63 94
63 42
41 72
32 40
97 22
69 95
86 2
45 97
35 70
65 61
60 93
82 17
13 71
55 6
48 34
71 51
33 16
5 93
26 59
37 7
27 2
42 64
91 46
75 71
19 27
5 83
21 25
43 16
42 21
91 26
36 35
38 84
72 49
58 27
9 57
11 76
86 70
74 2
41 6
