5 100
36 6 35
74 69 34
80 84 13
13 70 30
41 35 39
9 83
71 25
65 80
25 21
25 40
72 89
91 69
85 10
64 53
59 52
51 48
80 18
66 62
52 64
22 25
38 75
2 10
21 46
45 87
50 28
64 63
57 53
48 88
27 80
47 83
62 88
69 71
59 74
20 67
61 27
90 86
69 10
93 89
61 92
10 8
40 50
82 80
43 46
3 3
70 15
80 54
55 5
31 57
44 48
12 72
40 57
61 45
52 93
94 21
52 86
59 18
68 34
28 78
65 24
93 4
27 59
75 77
71 9
92 88
68 97
86 36
55 14
35 38
55 60
15 62
80 42
86 14
98 64
90 26
18 85
77 80
72 31
34 84
58 79
93 7
31 73
79 34
40 8
91 32
12 22
4 47
66 83
15 83
72 90
8 43
42 8
35 84
0 81
61 31
49 45
3 94
49 59
35 5
5 88
93 56
44 91
47 27
2 10
4 0
42 48
