5 100
66 32 37
40 88 21
5 4 36
19 38 30
53 88 26
5 87
58 5
49 98
94 4
50 92
12 86
93 90
75 27
75 32
27 89
29 73
76 51
35 33
42 91
80 63
77 25
85 0
58 21
99 27
55 92
50 98
69 99
10 91
26 73
53 25
19 30
3 60
76 17
88 33
23 75
43 13
90 60
50 34
79 68
61 45
71 17
36 86
75 40
79 5
36 90
14 83
27 71
38 51
72 45
67 13
92 81
92 49
28 62
32 15
70 87
75 31
78 89
74 85
93 13
27 49
2 11
76 45
78 58
79 8
14 24
61 88
4 22
45 76
50 31
94 38
94 77
83 11
75 39
17 41
74 97
81 42
93 48
85 47
35 76
14 21
12 9
15 30
39 17
55 23
23 84
46 55
5 91
93 58
75 8
80 13
18 58
59 19
6 7
37 17
59 74
65 2
21 27
21 40
47 87
22 9
19 97
52 72
92 14
62 77
81 43
