5 100
94 16 45
93 55 20
50 74 41
91 78 18
26 14 28
39 79
28 58
52 40
62 6
49 8
9 13
18 56
83 81
32 29
82 87
13 22
23 30
52 42
52 28
46 96
83 23
33 1
68 37
20 79
14 53
30 48
65 60
56 17
16 46
62 95
22 18
57 69
1 41
66 35
10 52
3 99
33 11
41 80
27 57
69 14
70 27
23 7
74 95
88 89
27 30
64 3
63 62
44 72
7 46
33 44
73 42
67 76
50 95
59 60
0 77
7 88
99 5
42 87
50 93
5 2
46 26
30 66
48 31
24 84
71 63
30 68
53 4
1 53
28 54
56 45
93 97
7 5
98 58
14 82
32 12
68 43
19 27
41 48
29 55
21 2
49 18
53 62
84 72
75 34
93 14
91 7
22 12
10 19
72 38
91 37
32 8
86 41
98 39
64 86
5 74
49 13
28 58
29 72
77 39
95 80
71 2
32 19
45 30
96 21
40 30
