2 100
98 34 108
58 88 62
20 94
97 3
78 19
40 5
16 47
15 27
3 18
83 33
0 30
48 72
0 15
86 73
35 9
92 52
68 81
50 37
65 60
72 37
96 51
75 51
51 88
23 57
38 9
13 81
96 37
93 43
70 73
72 88
60 44
76 91
1 59
3 62
51 37
34 15
70 17
90 63
63 29
98 6
28 84
78 46
11 88
37 37
31 38
25 11
95 18
14 30
63 83
14 88
69 31
71 40
63 5
37 91
62 24
49 88
12 5
3 55
46 63
59 99
63 22
21 29
59 43
65 55
2 97
9 12
32 33
50 19
37 55
5 87
94 31
29 30
69 41
34 74
82 15
33 72
96 70
84 29
65 6
87 55
70 59
19 30
69 5
45 91
86 1
53 96
7 23
27 26
5 81
63 97
14 78
29 72
84 84
31 75
76 81
88 89
28 29
36 70
12 16
29 83
22 48
28 9
