2 100
58 40 64
12 90 107
57 14
99 5
33 77
30 22
4 64
6 53
8 31
68 83
55 55
24 3
17 70
83 48
50 4
18 48
19 38
73 47
23 7
55 73
83 89
45 9
26 4
91 57
75 4
32 52
17 74
45 39
66 15
3 94
11 37
15 7
23 17
20 31
91 17
46 51
27 89
89 15
84 97
67 40
23 70
11 39
30 33
82 10
51 76
72 93
32 17
5 37
15 25
9 94
84 13
6 43
45 15
80 37
47 85
70 32
46 73
31 38
5 11
82 76
70 2
28 3
93 81
2 87
68 94
78 65
85 34
98 62
46 58
93 97
24 49
42 41
11 48
99 42
66 86
20 21
86 29
72 49
65 80
71 2
65 22
60 75
15 43
15 72
79 28
85 44
2 79
11 8
89 3
96 86
40 32
52 76
93 33
99 13
78 29
40 30
22 66
49 70
10 66
0 14
8 2
84 55
