2 100
88 71 99
89 72 72
8 11
12 70
74 57
91 15
64 71
90 98
26 2
90 39
54 16
17 80
60 62
12 7
68 46
69 33
81 37
49 36
77 77
69 23
16 32
68 78
80 68
91 84
12 21
89 93
75 91
92 86
63 64
19 68
4 72
72 36
50 75
71 66
46 55
87 96
93 4
56 65
52 56
0 69
40 12
92 93
43 95
37 17
96 45
35 29
0 54
40 72
37 32
62 49
64 19
90 15
29 62
42 99
65 66
78 94
28 6
93 65
51 48
91 6
84 84
71 19
95 9
92 82
16 72
33 25
38 57
35 87
83 87
43 94
97 25
4 34
68 66
72 40
12 40
8 54
13 62
96 87
54 31
62 89
30 45
52 5
77 54
75 2
72 86
12 41
33 47
37 43
31 99
96 46
15 95
82 95
88 39
29 9
93 87
79 42
8 88
39 70
54 5
79 52
51 80
34 3
