7 100
44 24 15
62 42 15
0 48 15
98 10 18
87 38 14
48 82 18
59 35 26
78 27
55 45
57 67
14 71
64 97
58 64
41 76
6 88
19 3
31 80
13 98
24 79
81 84
82 39
44 29
28 88
98 27
54 69
81 92
28 45
50 29
78 84
65 10
94 46
10 82
80 29
34 81
10 58
19 44
87 63
60 71
91 9
38 66
13 46
15 5
18 61
45 86
90 51
65 33
26 11
82 68
41 30
19 23
19 11
23 21
75 50
8 24
38 86
92 69
39 49
77 95
3 8
57 39
78 66
76 12
85 89
88 13
20 13
4 94
21 57
60 3
25 45
35 28
68 63
36 5
68 48
66 84
81 90
98 37
22 96
42 99
8 62
19 40
19 15
51 48
42 22
49 7
16 41
90 52
84 83
7 4
12 59
68 98
68 9
98 27
89 62
2 97
12 15
40 49
79 11
9 44
29 88
63 19
95 67
6 49
89 30
44 78
56 85
26 75
63 97
