7 100
47 24 14
75 95 21
21 90 15
10 38 16
50 23 21
50 45 21
22 21 18
51 83
28 23
99 47
96 47
26 25
48 51
32 49
2 11
91 4
80 1
1 36
62 23
65 52
52 24
63 44
48 54
26 94
65 52
19 35
17 69
17 96
21 52
96 16
88 20
22 22
3 14
55 91
5 51
23 47
31 20
64 95
3 21
81 24
43 36
4 53
19 54
97 92
88 30
21 59
56 26
16 53
22 72
17 61
76 80
61 98
62 54
68 99
95 1
99 31
26 0
20 60
94 64
87 61
37 87
71 42
86 46
79 19
50 56
58 27
52 42
54 80
52 4
75 96
17 90
0 66
31 26
20 6
76 14
76 12
29 13
63 81
40 42
64 17
6 70
13 89
46 40
35 41
49 21
44 85
75 88
91 19
88 87
80 57
57 50
58 30
0 57
65 94
85 26
97 11
50 98
32 81
3 43
11 0
33 66
33 21
80 43
28 23
59 56
48 52
66 27
