8 100
30 40 10
80 43 24
9 19 22
30 32 17
11 22 21
27 43 18
87 82 8
55 13 24
91 63
38 28
1 79
8 6
85 21
95 93
61 33
60 50
55 6
30 78
77 85
80 28
59 61
17 37
82 9
75 81
3 1
41 49
27 17
23 13
96 76
50 74
11 73
76 84
73 95
21 44
89 21
5 98
23 12
85 84
61 34
66 28
88 70
67 51
60 2
17 10
93 77
85 28
22 84
68 4
96 58
92 89
56 89
4 16
59 32
89 37
95 15
68 30
95 27
74 19
89 27
79 89
63 61
76 26
68 93
86 74
99 32
34 80
35 60
15 79
8 36
63 8
91 96
48 74
18 74
9 34
76 29
12 28
41 1
15 59
19 97
99 44
36 50
50 61
15 29
83 67
96 34
93 50
31 93
10 76
44 19
98 78
23 28
66 79
82 95
59 80
93 0
48 11
79 37
88 9
74 91
76 16
17 94
33 84
33 34
49 52
24 40
4 3
34 73
72 6
