8 100
73 94 17
8 34 20
81 77 22
23 1 16
93 94 22
40 38 17
1 41 14
93 51 16
62 20
20 1
89 19
40 25
85 90
50 10
88 38
42 12
15 84
12 77
47 6
94 65
76 45
36 93
16 96
96 93
85 89
55 27
70 56
73 81
53 83
78 27
64 69
79 63
68 56
52 85
89 90
67 51
12 43
73 85
68 91
50 92
23 22
15 96
16 41
90 59
30 1
42 23
24 40
91 93
38 61
89 77
43 85
14 72
4 0
94 66
63 71
75 51
27 98
10 37
30 22
28 65
86 20
23 40
80 68
28 36
15 77
36 75
93 6
60 54
2 90
60 40
2 47
45 65
37 28
62 2
28 39
10 80
69 36
97 91
73 8
38 37
87 4
8 86
42 31
72 17
16 69
17 24
20 23
70 15
23 48
38 76
71 20
18 88
18 48
98 10
5 16
66 87
71 45
62 84
9 61
23 36
76 53
35 21
45 53
97 4
48 6
72 52
95 28
60 70
