4 100
95 40 57
72 98 36
63 21 55
4 42 43
52 69
82 54
15 48
73 36
31 29
36 48
91 11
46 5
65 51
98 19
28 95
88 88
13 95
20 15
73 50
18 80
5 44
6 70
47 46
16 37
85 86
87 59
61 95
71 40
27 3
24 63
53 12
8 13
69 66
44 91
85 74
50 80
8 4
57 39
7 43
29 9
49 45
62 90
77 21
81 71
2 96
69 78
43 75
97 77
30 70
76 26
69 9
74 81
27 87
42 17
33 41
63 59
39 22
34 31
57 74
35 75
70 55
58 20
36 55
68 11
36 5
92 35
71 45
55 78
83 55
33 60
76 32
1 80
18 11
16 86
24 61
97 12
6 48
0 34
76 14
2 77
88 72
6 14
40 29
3 60
86 57
2 53
9 22
20 89
25 27
44 16
46 77
44 64
3 80
94 85
43 95
56 39
88 0
31 5
78 97
48 8
4 93
30 96
73 58
44 33
