4 100
65 95 20
42 91 39
12 16 23
58 23 18
84 86
93 20
50 59
43 3
80 1
86 81
29 22
44 75
34 84
60 44
15 54
85 45
82 84
17 24
30 58
21 3
73 92
56 53
86 44
35 96
11 84
2 31
79 94
55 95
54 16
81 51
41 87
6 39
79 55
45 57
52 33
59 94
87 67
26 15
76 68
57 55
31 33
33 65
45 38
66 49
19 61
23 64
5 92
15 41
5 97
43 96
1 26
9 18
6 0
39 25
56 32
38 71
83 45
40 37
77 22
33 5
78 34
36 13
52 27
99 57
62 93
53 13
60 22
81 88
27 15
15 1
48 40
73 1
97 21
65 70
98 15
42 80
5 75
34 52
25 64
37 71
87 54
57 42
77 42
89 84
22 15
36 21
31 95
71 61
42 75
11 9
25 70
55 62
0 42
10 7
88 80
7 8
29 74
37 41
65 45
12 12
95 98
54 50
30 52
97 92
