4 100
41 93 22
45 16 27
21 67 34
79 97 19
35 84
26 73
69 91
1 72
94 29
90 16
8 10
42 94
45 16
48 27
56 38
0 31
52 63
94 61
24 28
93 73
54 32
35 30
58 30
22 19
26 4
15 32
6 75
77 91
41 10
18 71
46 98
2 2
15 86
43 87
77 76
73 17
57 82
83 41
83 39
73 50
13 52
58 60
20 37
61 48
98 24
83 70
57 75
92 67
26 0
57 92
98 43
10 56
36 74
35 93
4 64
84 68
16 68
95 4
44 33
73 37
72 11
26 65
77 99
99 39
23 37
77 19
51 25
44 40
2 0
78 12
67 68
72 92
44 85
93 60
94 23
0 71
82 35
20 45
93 96
37 10
11 6
3 19
56 8
74 6
64 58
54 53
79 99
20 94
3 80
12 33
52 11
36 47
62 90
9 25
46 35
28 97
98 33
8 24
58 70
88 29
98 71
64 1
43 53
46 72
