7 100
50 58 31
51 52 22
62 38 29
38 40 16
60 63 20
62 59 15
60 64 20
86 81
62 97
19 85
46 97
44 19
88 73
12 19
73 26
99 31
71 86
80 69
64 86
26 70
46 32
39 93
25 18
29 33
64 2
20 37
21 51
63 58
21 9
15 64
85 86
15 6
18 79
58 41
28 95
25 44
99 84
3 2
4 69
99 89
19 65
1 79
42 1
21 31
43 14
48 58
48 64
87 57
3 68
52 97
13 49
82 61
55 94
6 90
34 43
17 93
98 3
56 74
35 94
50 76
46 22
66 51
64 8
61 18
89 89
82 47
96 51
81 46
40 34
78 63
51 42
29 88
65 20
70 25
49 11
9 58
83 92
47 30
92 91
10 68
75 18
5 88
46 74
23 68
87 73
86 2
96 55
84 90
60 57
46 32
68 54
54 40
68 70
97 67
32 7
58 27
17 26
5 59
32 61
92 44
86 11
45 56
47 4
12 53
76 46
10 61
79 54
