7 100
50 49 24
53 47 25
63 35 9
40 50 21
55 51 23
43 46 26
49 46 27
85 20
21 75
76 29
92 57
1 62
24 94
66 30
67 68
82 13
98 58
90 56
43 70
19 62
29 4
77 10
0 57
74 22
38 77
78 70
46 43
78 31
44 81
94 99
45 56
46 7
80 49
76 92
58 17
47 40
14 83
49 32
99 94
76 8
45 30
88 21
40 39
42 8
46 53
32 37
59 20
10 96
48 75
60 80
25 68
93 51
50 92
58 16
99 62
80 49
5 34
72 62
62 11
84 9
0 80
90 80
12 24
15 81
70 76
19 54
4 35
13 58
47 6
78 7
13 75
34 21
21 75
48 33
51 0
47 53
66 96
98 48
81 7
42 0
14 72
57 43
85 43
62 71
81 20
56 43
70 93
42 35
66 63
60 98
76 72
26 67
97 13
44 20
48 6
85 80
20 12
85 32
18 59
97 62
16 42
6 92
97 5
82 85
38 18
65 23
48 79
