7 100
38 56 22
62 55 20
62 45 18
64 55 34
42 54 31
45 47 14
53 49 16
77 23
23 7
55 3
13 94
59 63
77 24
46 82
73 77
3 38
83 32
48 60
82 26
31 44
36 77
49 58
45 38
23 43
19 53
79 98
39 76
64 99
24 74
37 35
80 78
93 80
15 16
96 65
75 92
48 47
17 46
81 49
52 54
33 92
20 26
99 92
40 28
86 89
46 63
4 56
38 49
4 98
53 0
92 8
98 77
39 99
1 1
33 83
44 96
78 34
37 59
45 4
2 3
47 85
76 3
18 37
57 38
30 44
61 83
96 91
70 35
99 4
85 60
25 22
0 56
73 11
26 23
16 49
65 59
94 76
47 23
81 90
82 31
47 39
6 84
26 68
88 8
1 53
26 36
87 12
42 66
31 36
18 37
67 36
52 91
68 51
2 28
12 65
10 5
26 64
44 64
66 44
76 56
79 10
97 43
6 80
54 67
35 86
60 48
1 27
57 19
