7 100
44 62 27
53 41 10
38 39 19
51 35 29
38 52 27
36 45 9
54 50 29
6 40
71 0
9 67
23 23
82 61
9 11
59 8
26 50
36 55
43 59
68 81
24 57
80 56
74 1
53 95
97 66
19 77
38 61
11 98
7 62
96 21
90 99
48 12
42 21
4 71
98 76
61 21
33 99
28 47
29 58
60 56
91 92
41 15
70 56
78 66
64 64
98 3
28 32
62 85
96 55
9 29
31 47
28 11
4 66
70 83
76 50
55 43
39 79
30 46
22 59
65 86
80 99
76 37
49 87
16 28
50 48
92 83
85 79
7 51
82 68
12 56
89 57
25 28
7 81
11 93
33 69
34 76
91 62
34 72
46 96
0 1
21 69
46 10
27 29
50 38
60 15
14 23
39 74
81 35
22 17
74 32
44 17
48 17
34 32
19 89
24 94
46 69
57 35
83 66
49 96
1 22
24 34
98 30
86 18
83 49
96 60
57 28
71 71
78 55
77 32
