7 100
61 40 28
37 46 20
60 48 22
36 47 13
60 62 29
49 55 15
62 61 26
66 97
74 87
71 40
52 59
47 54
0 24
96 78
74 53
66 91
2 59
33 72
95 44
86 10
18 67
33 88
67 88
85 36
76 49
49 76
79 93
98 51
72 66
65 14
38 19
4 93
30 6
74 19
14 69
72 87
39 85
73 63
2 66
73 58
78 55
65 22
12 71
34 60
46 55
80 69
32 33
40 68
38 28
61 29
1 56
61 3
82 41
94 51
11 52
57 27
34 39
36 20
36 79
98 99
78 68
72 10
64 67
65 29
77 12
66 81
56 21
83 67
23 73
95 64
57 72
24 40
38 18
0 87
36 43
39 63
1 26
31 69
27 2
7 8
82 36
21 72
78 46
68 43
87 71
62 92
63 75
13 95
98 2
6 21
67 4
66 52
49 94
99 95
81 3
96 3
1 99
76 73
33 27
37 63
40 4
36 3
37 6
93 30
25 98
32 70
24 86
