7 100
53 61 32
44 43 15
47 55 26
53 37 26
39 48 25
61 37 13
57 38 19
66 30
43 38
18 18
75 87
21 13
53 71
77 14
59 21
39 55
17 75
89 15
10 82
17 22
54 10
48 5
54 47
32 98
14 1
26 43
86 46
53 42
14 30
21 78
69 17
51 22
13 89
58 35
16 21
22 77
4 29
36 93
74 51
71 21
78 72
19 49
15 32
46 55
66 88
50 74
21 6
89 50
83 11
61 36
39 81
34 5
93 40
85 58
75 83
43 85
43 56
50 92
28 56
57 71
87 27
14 68
12 24
94 86
74 2
79 87
44 96
26 74
47 4
58 30
27 85
45 71
62 57
39 13
67 12
27 66
55 72
12 32
21 51
11 68
43 97
38 62
80 64
55 41
91 46
67 67
27 63
97 62
69 58
28 73
21 83
36 6
92 12
53 41
73 2
31 96
49 84
24 32
21 35
23 10
83 15
73 38
61 59
99 46
26 58
44 54
16 78
