5 100
11 29 22
8 73 22
49 39 16
18 65 25
56 82 21
61 79
37 99
75 75
59 8
83 90
19 62
77 78
80 56
16 26
48 95
39 64
1 86
16 50
89 39
68 94
88 27
63 93
25 60
6 38
76 85
47 66
16 7
84 24
59 72
53 40
73 2
52 77
40 94
60 50
87 95
31 51
77 47
96 48
60 40
10 35
43 62
71 0
31 16
71 88
85 95
27 51
97 31
65 78
68 49
81 38
74 57
98 49
78 84
82 99
12 78
3 81
24 38
58 93
68 79
60 4
63 83
29 75
17 14
51 92
27 68
19 30
35 6
42 79
98 10
89 95
19 90
33 39
83 28
96 42
31 67
65 56
37 10
57 70
33 78
29 35
54 2
16 16
41 70
34 90
28 37
56 80
87 69
51 21
61 36
63 8
74 84
98 26
17 71
24 24
78 60
98 99
38 2
93 89
2 55
30 83
54 0
67 62
86 28
81 68
39 53
