5 100
54 42 27
84 6 23
61 5 11
31 7 28
33 16 13
92 40
48 1
17 98
65 72
96 56
32 79
38 43
66 38
58 33
38 17
58 88
85 22
19 89
84 16
51 5
13 24
96 30
6 35
24 91
39 47
33 45
33 95
22 48
45 32
9 89
39 30
72 88
42 9
49 83
47 24
13 44
94 82
57 47
29 67
99 3
76 43
43 16
37 80
30 11
67 38
24 8
69 99
98 1
76 90
47 45
43 30
93 96
97 0
80 75
44 6
43 54
82 81
15 39
4 3
2 39
59 68
88 2
36 1
53 9
51 74
18 28
45 73
87 99
18 26
2 63
97 79
32 15
37 53
6 81
29 19
18 14
37 4
55 35
3 20
35 0
10 55
91 44
57 52
70 21
60 36
95 81
82 80
14 59
54 64
71 89
50 81
97 60
9 58
86 79
35 0
49 78
59 98
84 3
30 27
38 8
3 99
35 20
51 83
45 2
6 0
