1 100
24 56 130
79 93
35 52
68 57
72 97
6 40
43 3
54 47
9 61
40 3
26 90
58 11
65 86
59 97
87 63
46 39
83 83
78 89
23 49
20 17
81 46
76 53
0 0
78 25
1 81
53 80
31 64
90 16
4 87
96 55
60 8
32 3
31 90
38 70
89 28
71 45
34 82
38 66
21 39
22 39
32 17
4 23
43 60
86 43
95 89
29 39
38 78
55 34
17 4
41 3
94 33
34 49
14 99
9 47
2 87
40 60
60 77
85 6
52 57
8 48
23 78
25 92
67 3
96 82
65 21
87 12
48 94
41 50
55 7
43 9
97 78
41 51
13 7
49 49
58 37
53 20
85 98
41 75
56 64
14 77
92 42
14 52
47 39
7 76
56 90
84 11
94 19
0 54
90 92
11 60
70 54
67 16
76 12
94 97
72 52
58 11
30 23
42 76
20 75
35 47
21 68
