1 100
46 39 130
83 85
84 12
97 63
88 25
92 11
62 9
10 47
37 16
24 65
52 80
31 92
35 69
2 37
14 65
80 60
60 75
3 84
29 15
2 62
51 9
19 10
31 53
94 72
19 61
62 91
80 49
60 3
64 91
21 92
18 38
21 67
37 94
44 90
73 38
6 83
46 45
38 52
62 37
93 9
41 42
18 17
34 44
87 52
48 81
63 21
25 29
56 77
99 3
31 34
76 18
89 93
90 55
55 14
76 61
65 16
94 38
17 88
67 69
92 58
21 84
62 65
80 91
75 14
6 78
25 34
85 45
78 25
88 39
60 6
33 59
22 85
29 82
89 45
35 51
23 33
96 5
22 31
3 44
93 94
81 90
65 28
98 72
2 73
22 88
53 28
96 61
10 97
89 28
86 77
73 90
40 89
59 76
57 50
12 33
55 20
24 80
20 25
46 98
74 76
15 77
