1 100
41 73 130
23 49
20 71
30 93
21 47
55 40
48 59
39 10
46 74
46 46
27 33
90 43
67 38
82 28
44 69
43 57
35 20
28 17
40 48
7 97
82 15
71 47
99 88
8 55
86 23
8 86
95 22
31 22
91 44
39 22
82 18
2 16
87 99
40 74
52 17
32 1
21 5
95 6
36 84
56 89
35 74
33 21
53 75
40 36
39 56
67 33
91 67
94 12
77 23
33 84
82 85
71 91
46 31
74 59
54 11
3 5
7 26
26 18
54 49
44 81
83 38
37 73
89 3
21 6
44 67
7 25
97 67
37 53
26 54
69 38
82 23
50 29
18 43
29 70
72 59
30 31
1 82
16 59
60 52
30 77
40 60
3 73
93 74
92 0
56 91
54 99
64 34
71 78
30 13
95 26
60 22
29 79
27 94
93 56
79 14
40 41
4 45
30 98
82 98
59 82
56 2
