1 100
99 15 130
25 73
76 16
15 96
76 53
42 74
47 32
89 0
9 2
28 37
24 39
16 59
92 7
30 32
48 28
83 33
37 38
80 59
43 89
77 31
14 70
11 71
14 76
62 70
23 87
2 93
63 19
72 47
2 5
52 98
77 42
93 99
90 37
44 54
88 70
14 96
4 87
84 7
47 45
25 10
89 62
27 16
21 74
96 64
88 25
47 59
59 30
12 18
64 62
17 86
16 76
28 36
9 6
89 34
35 43
42 99
67 62
8 92
83 22
94 23
12 47
72 61
52 90
36 61
92 77
52 7
71 77
58 38
70 48
96 12
23 13
26 13
19 39
46 36
81 14
47 78
22 97
36 40
39 83
3 83
92 83
76 1
1 78
86 70
5 86
4 28
67 22
3 87
46 94
64 23
52 97
57 13
52 55
55 58
84 8
51 83
89 24
14 36
98 30
96 55
41 91
