8 100
59 50 16
49 48 17
48 51 30
59 54 17
50 41 17
57 49 25
49 59 14
49 55 19
70 67
29 87
7 56
59 59
57 52
18 40
42 40
91 81
64 50
52 70
0 88
91 42
91 85
34 33
58 8
49 40
97 76
77 80
3 31
64 69
36 72
66 12
25 7
98 71
26 34
77 61
53 17
92 54
84 26
97 43
88 23
8 22
11 32
19 29
12 1
39 97
5 3
85 42
2 74
18 65
43 78
68 22
54 84
1 84
33 3
96 46
52 24
81 60
32 77
13 42
7 66
27 28
64 76
29 81
49 31
64 14
43 70
59 76
24 71
53 81
77 9
45 39
64 54
7 64
76 87
15 37
37 92
98 88
63 52
10 49
10 34
15 42
57 93
65 80
57 68
85 37
40 62
45 23
22 57
31 87
31 29
90 98
16 99
26 16
93 67
48 87
81 37
42 75
24 78
92 2
38 3
6 1
82 89
78 77
8 35
39 95
13 86
26 95
47 43
80 81
