8 100
58 42 23
44 50 11
47 48 24
40 47 25
43 57 13
53 47 26
52 45 11
51 50 24
26 39
15 66
90 96
89 51
88 28
21 93
90 25
7 13
78 17
20 20
34 86
15 93
89 69
84 28
56 18
66 55
29 38
0 79
70 35
47 13
3 80
9 17
94 59
31 40
58 71
74 62
65 43
69 37
63 93
56 0
74 24
57 6
75 85
95 69
74 9
68 63
13 66
92 72
57 66
47 86
28 22
79 69
50 74
68 91
67 59
92 85
31 66
15 65
52 94
92 79
82 30
17 27
15 6
60 4
63 58
29 62
60 95
93 2
94 15
5 81
46 82
79 8
26 51
4 0
8 76
84 43
78 78
18 58
43 44
90 12
13 18
51 50
98 43
51 81
49 75
40 34
37 11
29 65
60 20
11 65
98 36
68 60
41 24
60 22
34 96
80 83
41 56
48 90
97 70
26 3
87 17
79 9
67 60
24 28
36 58
26 28
52 6
98 36
55 33
38 2
