8 100
41 45 18
54 43 27
55 56 22
51 46 12
46 44 20
43 58 23
48 57 19
57 47 12
97 38
86 99
2 95
22 35
62 77
47 46
65 51
19 14
35 53
67 4
4 63
52 60
68 64
78 26
63 95
61 18
96 56
5 41
92 62
41 10
11 11
72 78
79 85
95 15
13 73
89 94
35 45
23 5
83 63
43 24
30 95
90 27
58 48
72 98
44 25
55 27
97 28
71 83
16 53
28 51
68 43
63 8
63 37
13 18
79 9
93 90
33 34
86 15
7 61
23 55
16 66
54 74
70 27
60 80
25 9
82 97
44 87
76 58
28 88
57 53
87 63
87 85
81 94
26 67
60 60
42 64
13 51
41 88
90 23
81 14
6 70
84 29
64 8
77 9
80 6
24 3
99 94
99 65
84 28
60 43
62 36
52 32
61 36
73 40
84 77
7 56
94 39
96 9
18 97
46 89
85 61
76 85
50 47
65 18
49 21
37 29
0 61
3 71
15 8
26 88
