8 100
54 46 26
42 53 16
40 57 14
45 41 17
40 48 24
51 46 23
56 46 15
50 44 17
3 71
44 50
81 57
75 69
13 92
11 79
8 7
71 46
68 23
78 45
0 15
77 26
88 26
58 76
38 35
98 39
70 63
10 10
1 81
40 26
26 72
50 68
5 25
38 16
89 52
71 92
78 46
49 71
15 76
5 29
81 43
67 61
89 19
54 32
0 82
55 8
58 48
77 55
35 93
64 44
80 65
54 21
21 9
51 57
38 93
64 45
6 35
16 8
69 14
3 11
5 9
3 98
93 64
0 95
72 17
88 11
43 75
40 69
44 96
41 17
91 42
47 31
3 68
41 97
91 91
38 82
9 85
97 33
9 61
18 7
44 9
86 52
20 92
73 49
61 45
96 52
57 95
14 18
99 85
43 31
20 18
59 87
44 37
26 27
38 80
79 93
70 13
27 49
37 80
60 44
0 27
37 93
87 41
29 46
56 62
2 54
38 64
54 0
93 30
98 71
