8 100
51 44 13
43 51 26
45 45 14
56 50 27
47 54 20
43 55 18
59 40 19
46 40 17
47 89
60 14
78 13
0 83
93 33
22 80
50 52
10 18
51 10
92 78
75 3
57 50
40 88
26 36
66 5
9 87
85 84
27 23
3 22
28 78
17 99
97 43
37 83
5 49
65 95
43 62
58 84
32 90
69 2
23 28
38 9
1 91
35 1
7 34
20 16
33 17
94 42
25 85
18 42
49 43
55 32
90 27
90 98
17 19
40 48
51 35
84 36
37 12
92 58
68 91
39 67
2 6
8 66
31 29
87 98
62 52
14 88
47 7
71 31
76 28
55 94
82 67
57 25
99 80
32 25
45 28
61 42
12 83
70 91
35 26
5 29
11 29
89 39
13 34
12 29
86 14
28 5
13 59
88 65
53 50
13 66
43 28
51 20
85 35
39 70
44 39
10 61
21 6
24 13
92 3
44 18
73 41
31 84
39 85
23 11
10 35
12 28
63 37
99 79
65 82
