8 100
45 43 15
48 44 13
49 55 24
59 59 25
48 42 24
48 41 23
46 41 16
41 42 15
40 5
25 40
83 16
37 49
39 84
42 0
88 64
24 81
6 47
48 67
93 83
56 46
71 28
35 88
37 16
16 26
51 26
79 93
95 91
4 94
3 15
21 30
0 79
80 27
16 35
74 72
10 88
59 97
10 42
53 30
29 50
57 77
80 75
55 66
63 61
43 58
85 39
33 61
46 86
80 81
49 3
30 17
48 89
15 55
61 29
83 67
75 64
80 89
85 2
33 50
17 8
32 74
23 86
66 82
42 67
57 86
43 15
3 84
53 58
36 53
16 36
34 58
53 6
38 6
60 91
96 88
55 87
77 62
64 69
8 11
87 28
1 55
10 18
83 55
35 91
92 83
60 0
71 28
39 57
72 6
25 13
3 3
3 30
49 3
10 63
29 95
98 47
90 77
92 15
11 84
51 65
46 39
5 62
11 9
81 51
52 79
34 78
90 72
57 78
16 97
