8 100
52 48 14
51 50 18
52 43 14
58 44 21
59 48 22
42 58 18
53 46 27
53 45 23
82 8
29 74
16 64
7 85
12 1
16 82
59 44
62 48
55 90
51 50
53 41
44 24
3 14
72 90
68 11
9 67
50 58
9 43
80 43
7 44
1 50
64 82
93 26
4 25
1 21
27 10
16 2
39 90
92 6
53 37
97 69
46 51
37 43
74 51
19 13
47 71
99 22
96 34
16 99
97 75
58 63
40 12
58 93
46 15
80 1
97 26
22 58
49 49
80 6
49 23
87 48
52 60
77 19
27 54
92 61
61 57
99 58
73 49
99 40
80 21
4 81
8 88
12 74
18 13
77 84
36 29
23 84
64 6
70 22
54 51
20 81
91 48
55 31
68 58
44 11
66 98
54 4
62 62
66 5
15 22
23 7
69 6
11 89
77 81
27 71
89 17
26 47
64 95
30 44
46 55
43 67
66 98
65 50
20 75
31 1
6 78
82 19
98 37
35 36
78 36
