8 100
49 41 20
54 56 14
58 56 17
53 46 14
53 41 18
52 55 27
40 42 21
40 44 25
14 12
21 79
11 46
25 69
70 39
72 13
84 24
96 72
97 74
47 85
87 41
77 16
60 43
44 78
12 18
66 27
85 78
53 13
22 7
67 9
59 38
61 83
20 12
32 16
94 61
32 88
51 96
36 42
13 69
30 79
37 52
92 10
74 11
9 62
7 74
35 48
68 66
2 18
65 57
33 55
14 56
21 48
86 47
2 9
58 44
74 35
13 29
3 90
69 38
11 77
11 19
23 55
17 43
61 23
72 14
6 21
61 34
93 96
40 21
39 10
54 92
96 72
23 3
56 48
32 85
69 36
30 66
43 42
56 92
95 83
61 17
43 75
59 17
13 91
61 83
5 49
92 31
96 36
72 21
47 10
9 12
70 50
34 69
88 30
51 29
68 71
74 11
67 7
55 43
68 85
15 90
4 92
63 10
25 86
40 81
7 2
61 61
8 48
28 72
33 11
