5 100
55 57 37
42 49 40
59 41 23
56 40 19
47 41 34
35 87
54 32
57 88
0 62
17 77
62 65
20 10
31 32
94 18
75 89
25 47
73 38
76 55
86 34
80 72
63 7
15 21
49 47
83 55
76 66
61 14
81 20
5 61
35 68
38 27
83 6
37 71
94 24
0 19
67 85
10 92
73 77
95 33
85 54
60 45
15 39
36 37
86 92
11 8
72 3
41 10
58 86
10 13
16 46
91 37
95 11
69 41
2 92
28 56
98 63
30 48
26 17
32 56
4 17
56 60
4 4
53 27
53 22
31 2
32 79
64 80
91 93
54 27
2 11
43 16
26 77
86 92
9 6
64 11
3 88
23 11
57 13
53 48
27 87
96 61
91 99
75 28
43 27
66 63
45 89
21 31
11 32
31 85
45 77
84 41
86 65
43 88
68 22
97 80
50 64
38 73
34 80
79 95
96 80
72 34
89 68
26 49
68 93
51 82
58 27
