5 100
47 41 20
51 56 29
50 57 28
53 52 31
43 52 46
61 14
26 56
22 68
30 52
87 2
38 57
72 27
94 78
99 58
80 84
98 32
28 58
26 95
80 13
23 40
58 87
5 16
0 67
25 27
64 50
25 33
76 94
57 76
48 31
22 31
47 54
7 58
77 40
44 39
54 43
71 90
71 68
56 14
87 80
16 57
83 53
21 29
31 84
16 58
64 18
20 66
49 93
83 90
78 22
61 0
41 89
1 3
39 45
29 13
83 88
73 68
85 53
38 26
24 23
96 84
11 37
58 29
82 47
30 25
60 64
45 92
46 32
30 62
36 91
97 32
10 51
96 1
51 41
91 1
71 20
1 28
45 48
55 16
46 13
98 37
39 61
14 85
27 17
62 2
66 43
39 47
5 71
60 15
1 81
87 95
62 48
50 53
77 37
11 89
93 79
10 41
71 39
80 18
11 21
7 19
30 79
55 43
25 29
32 9
71 63
