5 100
53 59 40
42 45 30
51 56 27
40 55 28
49 58 25
35 49
0 85
70 14
47 88
69 97
55 27
31 31
99 50
6 67
12 96
97 34
3 14
37 82
62 84
24 84
22 1
60 36
31 8
77 17
61 7
48 74
11 47
4 71
53 10
17 44
75 20
24 80
40 45
16 21
46 20
73 64
60 11
72 97
70 55
25 2
28 50
49 14
87 71
60 21
50 24
79 33
26 78
69 34
37 30
26 82
50 50
49 80
1 13
97 12
53 38
83 67
31 71
60 14
72 5
85 8
79 8
70 92
72 27
79 80
20 29
96 5
72 17
92 99
23 17
7 80
63 6
86 35
25 3
26 34
29 89
80 90
19 95
40 66
10 11
3 62
67 1
57 46
4 95
9 88
63 46
83 80
60 5
22 97
31 35
38 94
7 1
49 33
71 83
99 50
97 10
41 15
52 62
68 36
92 37
46 39
62 5
52 0
2 64
86 4
40 95
