5 100
40 45 21
54 44 42
44 45 30
53 41 24
54 44 35
64 85
80 72
78 22
65 57
54 36
9 66
28 17
16 5
11 73
35 55
81 34
70 63
31 62
22 5
89 95
71 73
96 20
64 15
33 78
95 25
53 97
70 67
34 27
45 32
13 93
30 78
11 41
58 40
7 99
97 93
41 21
10 40
5 42
98 18
31 53
98 90
59 26
12 16
55 16
62 83
81 60
9 45
16 79
20 81
30 5
20 50
30 81
11 68
2 17
41 22
14 76
10 32
66 69
20 31
28 60
24 4
92 53
85 79
5 51
66 6
77 66
70 27
37 15
85 60
36 81
1 47
84 32
66 41
2 39
29 59
98 31
53 55
21 13
93 70
56 74
54 26
42 25
63 2
72 44
3 4
29 84
45 82
18 89
23 59
53 96
45 37
55 36
0 46
95 0
45 21
51 40
43 56
14 48
9 23
12 47
65 46
39 52
76 54
7 96
25 8
