5 100
54 49 31
47 56 44
53 53 28
54 42 16
49 58 31
21 20
63 5
58 6
11 66
20 99
8 35
19 11
47 52
91 81
44 14
80 28
35 52
83 8
97 42
76 94
50 98
76 30
75 80
39 56
82 78
18 40
82 56
51 89
70 85
83 41
34 88
71 52
91 90
87 36
97 94
16 2
40 24
66 75
78 37
97 43
24 57
89 47
30 31
26 3
85 11
45 34
50 92
61 81
6 88
39 17
95 20
88 42
93 41
47 70
20 84
64 87
91 11
23 75
46 34
32 75
19 24
23 1
36 49
62 47
28 48
63 3
95 67
75 38
7 7
94 8
60 43
75 74
49 66
45 71
71 21
19 29
28 99
81 84
63 44
36 11
39 18
60 38
37 71
58 23
96 57
23 7
13 7
29 1
17 89
54 99
70 87
3 10
83 79
66 51
37 42
2 57
86 8
1 84
15 3
78 97
93 16
59 99
93 4
64 23
9 49
