5 100
41 40 21
40 52 44
48 54 40
54 45 22
53 43 25
66 10
18 78
77 8
91 21
53 25
9 71
45 66
15 96
50 5
86 89
30 74
34 17
64 22
61 29
16 45
82 60
44 58
45 37
12 14
97 85
8 52
96 44
23 74
51 28
20 95
25 37
73 21
11 16
50 45
11 8
54 72
12 0
33 43
3 5
53 80
47 24
64 27
97 75
37 58
7 97
59 77
13 2
29 52
44 64
85 93
94 2
13 49
52 53
58 72
39 40
26 47
92 63
13 26
0 16
46 79
23 52
69 27
10 44
22 45
49 18
22 54
27 91
29 59
22 87
55 15
98 41
52 84
75 99
40 61
28 70
73 74
21 81
42 88
5 4
35 54
54 95
6 40
49 12
66 56
65 59
41 27
51 40
26 72
83 90
27 16
86 16
85 6
86 24
66 3
47 91
7 45
47 1
35 60
16 4
45 63
96 14
69 88
83 89
41 44
82 71
