5 100
49 40 24
48 45 20
55 44 32
45 47 45
45 40 32
32 5
10 48
38 0
85 61
5 59
96 25
24 16
4 83
37 50
36 91
33 91
17 64
2 8
51 83
97 69
83 73
41 23
9 13
18 62
75 70
15 65
95 21
91 15
8 97
84 12
42 63
73 84
29 44
22 79
94 34
69 65
24 87
81 35
69 81
96 82
99 62
72 21
39 81
69 7
54 92
68 13
3 49
98 56
30 25
77 54
74 32
85 83
0 28
63 12
49 49
36 48
60 4
20 95
73 65
91 28
86 81
6 15
35 67
68 93
97 71
15 73
43 9
37 87
0 10
93 9
82 90
14 82
73 54
6 68
86 51
9 3
6 96
29 0
53 50
28 29
19 25
73 24
64 40
29 94
54 38
9 69
75 64
67 74
31 20
44 24
8 51
57 46
70 60
22 41
12 10
74 87
8 80
94 55
4 86
35 0
96 18
93 41
47 19
27 3
24 12
