5 100
40 41 36
50 45 23
44 46 37
48 45 23
55 49 33
44 97
95 67
73 48
70 73
54 14
37 48
61 68
72 31
10 24
45 72
7 74
9 76
93 55
94 79
42 37
17 59
83 85
11 47
83 4
36 21
80 5
58 19
38 12
29 39
5 65
97 31
13 91
11 85
16 89
43 57
26 76
34 36
69 57
28 55
39 55
70 11
97 24
31 81
60 26
44 56
88 43
39 41
93 91
73 9
28 69
18 64
43 1
33 83
44 57
66 30
60 6
87 90
95 49
92 0
12 96
37 28
58 45
90 20
1 11
80 58
74 70
83 34
8 92
85 88
31 91
83 58
14 56
92 63
97 61
29 55
94 3
15 32
66 59
73 29
59 75
23 11
56 9
0 65
22 1
55 82
14 53
56 0
55 68
91 15
22 12
68 27
19 77
17 59
97 37
33 9
28 85
79 93
8 26
91 53
4 65
88 42
81 75
87 4
49 71
60 78
