5 100
58 56 40
40 49 37
57 46 18
58 58 14
54 48 41
7 79
45 40
34 55
20 28
42 11
3 40
58 71
52 36
18 39
21 27
68 55
12 51
35 29
34 43
80 70
93 32
53 52
46 82
2 6
34 64
50 80
40 39
71 47
33 82
43 69
66 73
34 92
8 4
60 71
63 26
74 56
58 16
44 45
5 33
47 51
97 67
34 86
18 60
22 6
97 62
93 62
4 71
63 88
77 21
2 33
53 99
13 38
0 77
99 30
6 51
62 28
39 29
17 5
80 94
75 62
27 80
67 24
93 7
88 69
19 96
11 88
30 55
23 13
46 5
39 62
78 48
51 34
60 81
20 21
90 70
76 60
76 63
28 95
37 29
9 24
69 85
98 71
65 35
88 70
88 59
74 0
97 97
31 75
32 56
19 28
80 2
93 98
33 23
73 43
16 93
85 25
49 42
75 42
14 92
33 54
51 80
60 10
27 60
44 26
83 88
