4 100
64 90 36
94 95 30
27 70 48
65 45 37
76 47
50 29
61 54
68 62
16 7
50 9
34 20
93 77
89 35
80 34
31 19
99 95
0 36
35 25
55 63
97 35
33 5
94 0
65 56
96 83
50 33
50 76
2 26
56 27
44 36
14 64
23 15
15 79
80 3
42 98
34 78
83 67
56 53
26 14
21 28
27 78
93 93
84 80
15 12
24 72
58 10
42 88
42 4
18 83
85 16
43 30
26 60
14 1
18 8
49 56
90 91
94 0
18 25
44 15
91 36
7 2
3 66
52 83
65 18
34 85
81 47
37 79
96 82
1 82
37 57
53 17
20 73
85 85
9 51
30 90
96 15
70 55
41 20
36 24
51 75
44 55
80 15
90 63
23 52
6 47
86 23
54 33
66 62
86 67
29 40
10 38
70 30
53 98
39 19
65 40
16 60
6 95
39 64
65 51
44 56
48 10
4 23
15 52
23 15
66 97
