4 100
7 69 26
8 14 48
4 18 30
57 73 48
51 71
5 57
99 59
84 8
96 62
48 20
78 60
13 97
59 61
26 87
75 87
68 90
88 99
64 12
51 82
50 25
95 81
86 72
58 11
70 76
19 28
67 79
60 58
91 39
73 62
38 5
83 21
37 26
11 71
83 22
5 55
82 58
92 21
92 52
16 68
62 89
99 9
35 8
89 21
8 96
91 16
74 41
49 49
18 97
19 14
22 84
65 82
1 11
79 10
14 98
80 71
12 35
13 85
88 29
69 25
87 70
55 62
61 41
77 49
78 9
1 73
17 51
69 65
57 67
84 13
17 31
47 46
48 28
27 65
52 26
91 5
5 19
3 54
60 53
68 44
54 43
20 25
56 54
5 70
56 71
34 14
8 35
6 16
97 64
95 85
58 39
90 89
72 47
86 93
84 55
17 47
83 64
77 90
1 7
15 26
9 69
56 77
10 99
21 33
42 95
