16 100
30 29 5
84 9 7
57 34 9
57 23 12
77 11 8
20 30 11
50 73 9
72 60 7
18 30 8
53 25 11
72 84 9
91 7 9
24 49 12
70 68 9
98 45 5
39 41 5
23 27
89 18
53 69
59 2
10 20
58 61
19 12
19 58
33 48
66 92
31 84
61 23
39 84
17 17
54 73
58 85
69 9
31 50
88 43
75 89
81 90
5 65
5 31
50 14
63 75
21 51
86 0
18 41
6 77
31 13
63 12
51 96
70 74
82 59
79 88
14 83
72 96
24 31
54 68
22 55
84 9
78 70
30 50
93 7
30 11
34 27
50 69
2 81
0 82
79 14
38 0
29 98
84 91
24 97
96 59
74 80
15 55
28 57
18 72
95 34
41 99
74 29
57 84
8 11
36 42
88 35
90 22
53 44
62 16
55 28
33 22
95 82
0 87
87 65
52 75
38 94
93 85
22 81
17 98
49 16
5 20
19 34
7 44
16 66
98 48
40 26
92 59
33 90
44 46
4 73
42 22
39 90
14 93
59 44
14 67
13 95
3 41
99 7
91 11
40 33
