16 100
30 18 10
98 14 10
62 56 8
41 6 7
12 20 5
0 81 8
51 55 8
15 99 7
64 66 7
69 13 11
12 24 13
55 16 8
36 72 10
32 56 9
61 95 11
44 48 5
10 28
2 0
34 74
79 84
70 24
81 81
93 35
80 98
43 10
44 91
31 47
77 85
38 27
88 91
84 0
68 58
0 21
34 49
83 30
66 5
45 58
13 59
98 19
43 47
25 10
54 45
98 92
21 4
22 0
40 76
57 87
31 18
91 70
36 98
5 47
58 64
27 27
50 14
90 6
5 31
8 30
54 32
92 75
67 46
49 64
53 92
7 84
4 78
16 63
90 25
56 62
26 41
36 22
21 31
62 91
11 89
78 78
40 96
28 87
6 61
6 98
22 26
7 60
57 50
93 58
16 86
38 87
63 91
87 65
1 32
7 75
83 99
72 63
62 80
84 67
51 13
1 78
57 37
37 24
72 79
9 66
48 80
97 40
15 9
60 85
22 74
72 2
36 87
53 13
69 38
6 94
86 37
80 96
6 71
65 16
48 92
3 87
68 75
84 32
54 15
