16 100
65 50 6
50 44 11
93 0 11
81 28 8
94 13 9
27 10 9
89 22 8
56 47 9
81 70 6
62 62 11
47 14 8
35 17 8
39 31 9
27 96 7
33 77 8
31 89 9
93 74
98 50
50 52
8 10
29 21
14 15
37 87
53 18
29 17
43 13
88 41
33 64
19 5
70 99
35 26
37 90
9 91
78 17
29 99
42 17
95 31
61 33
46 71
72 32
82 43
7 92
94 49
90 45
14 32
0 25
83 44
43 24
54 48
32 36
90 4
10 69
75 52
55 61
27 11
15 12
67 42
98 77
24 99
88 85
36 86
36 81
2 0
91 16
42 12
92 15
40 71
42 35
89 8
66 50
63 98
13 80
23 0
54 54
71 48
84 59
40 61
26 98
0 24
25 32
94 10
2 60
34 85
37 68
36 76
33 55
30 83
40 64
19 16
9 4
31 57
86 74
21 42
29 56
27 70
48 41
97 62
34 66
68 52
42 38
33 57
77 51
86 15
24 18
8 24
10 43
64 47
80 96
41 6
20 9
86 10
23 42
11 69
62 92
7 15
27 10
