16 100
53 70 5
94 57 10
88 73 12
64 76 12
48 23 5
21 14 5
4 93 12
8 18 8
2 79 8
75 8 7
1 20 12
77 50 10
86 14 11
97 35 5
32 51 8
87 45 11
8 86
58 21
24 61
41 85
96 87
20 46
62 16
90 66
17 42
65 17
96 26
29 59
34 85
15 66
20 16
55 21
43 9
3 24
19 31
68 99
23 45
85 24
79 88
9 58
22 95
36 60
70 4
96 48
46 84
39 6
48 28
46 79
10 40
85 65
68 4
92 62
59 33
19 2
76 87
40 31
55 64
21 49
79 28
97 45
27 33
59 55
17 69
35 33
33 56
67 1
10 65
76 41
44 41
68 33
7 21
88 10
80 39
84 21
38 19
98 40
76 89
63 9
24 62
60 5
12 31
88 9
85 39
8 33
5 76
56 75
71 9
60 81
32 72
70 89
11 14
80 1
40 18
84 94
82 39
73 51
46 49
84 70
20 12
19 90
1 45
32 70
93 26
43 13
9 81
72 76
37 71
31 23
65 41
50 56
22 31
27 45
19 55
19 81
35 7
54 92
