16 100
48 80 6
67 47 11
9 81 10
45 52 12
38 58 9
26 99 10
80 89 11
91 49 7
79 92 9
84 36 8
69 47 6
10 44 7
0 51 11
47 64 9
8 46 7
48 89 6
31 38
30 55
39 14
86 14
81 88
92 30
19 39
28 5
58 58
63 86
63 80
7 19
24 89
17 55
94 47
40 62
0 58
59 32
61 21
99 52
31 42
12 0
20 13
92 16
85 92
83 72
28 91
35 95
56 41
37 31
92 29
82 47
21 5
70 24
51 75
79 98
29 86
20 19
44 91
29 87
74 7
60 92
85 28
53 87
36 26
18 52
22 68
57 43
19 98
36 68
72 62
82 85
45 62
73 43
10 16
80 11
37 7
13 90
20 50
99 98
26 78
18 32
90 26
17 38
74 37
32 92
39 46
78 41
42 13
65 57
27 98
71 75
1 99
3 0
39 14
55 58
38 74
0 73
26 5
17 38
15 36
34 47
50 35
79 80
82 36
90 26
12 69
29 31
75 46
91 71
66 10
27 16
3 78
79 28
67 75
85 38
68 87
99 24
62 45
76 67
