16 100
59 49 12
58 26 9
25 30 4
55 8 11
28 38 8
98 68 11
20 67 10
71 64 11
71 43 9
98 20 7
17 57 8
34 28 9
30 43 6
46 7 7
98 22 7
45 8 8
71 90
84 91
47 33
98 72
55 48
85 82
2 19
1 93
67 1
30 64
41 57
77 66
53 24
81 77
54 54
78 39
88 36
12 18
16 46
19 2
73 11
86 39
77 86
27 76
2 25
13 7
46 44
93 32
43 81
57 2
41 42
93 58
4 25
0 96
31 66
65 27
82 28
17 69
3 73
46 53
99 5
41 5
40 34
76 43
23 74
97 84
42 53
92 80
46 46
99 91
40 28
60 67
87 74
20 90
80 46
64 95
14 95
5 63
87 46
60 8
77 8
96 83
27 94
83 68
50 55
28 79
78 78
20 45
97 61
93 69
42 39
35 99
8 41
66 92
16 21
42 20
43 1
84 45
89 93
10 34
27 40
90 5
83 38
58 71
67 7
76 25
62 13
58 45
8 22
63 65
18 76
12 85
47 99
86 57
39 10
27 53
49 80
66 40
31 70
61 62
