7 100
77 50 14
98 49 35
83 57 20
54 74 27
19 66 22
24 54 20
98 16 34
31 31
18 62
31 66
78 67
71 69
6 87
55 7
50 66
79 51
78 86
98 0
57 78
30 96
49 88
93 36
53 96
71 80
32 5
14 31
25 63
84 21
19 90
61 15
78 97
86 63
56 83
4 81
64 94
96 32
80 54
49 70
7 39
46 42
72 41
67 0
37 23
62 44
14 36
16 21
90 77
33 51
18 12
60 7
74 74
40 62
36 34
57 10
89 48
26 10
77 95
62 28
59 78
6 43
45 58
47 39
86 1
0 17
71 72
69 73
67 51
15 21
89 56
65 57
8 1
22 67
78 95
40 97
37 36
1 18
32 79
16 91
15 48
3 50
73 13
81 85
66 79
83 42
41 75
71 2
92 31
71 49
2 32
37 12
84 87
14 79
44 37
59 40
37 7
16 87
31 88
17 67
87 99
19 77
54 66
38 88
59 93
64 52
88 9
47 90
63 39
