7 100
85 73 13
91 91 19
87 28 14
15 7 23
23 18 37
21 20 28
17 44 36
30 78
91 42
67 50
68 5
49 25
16 97
23 83
75 33
79 73
54 32
32 69
66 15
41 18
9 64
10 99
38 20
32 58
53 85
33 83
72 84
93 0
52 21
36 75
39 20
46 45
17 82
85 6
23 68
22 9
37 15
66 7
72 71
1 52
97 22
97 13
51 11
0 21
8 69
15 70
69 26
99 63
83 1
98 75
94 87
27 60
3 35
12 47
73 4
56 13
16 23
49 0
35 66
95 37
83 50
82 97
38 32
46 32
22 43
18 27
11 62
93 48
27 85
26 21
75 0
16 61
67 67
50 41
66 46
35 63
53 55
60 14
48 23
68 54
54 83
67 53
69 79
5 38
15 50
42 88
28 55
77 3
72 51
65 64
38 25
91 45
75 47
88 31
94 75
20 96
40 88
93 91
48 79
89 69
89 76
56 78
53 68
46 16
56 92
47 0
43 7
