8 100
78 90 22
41 79 19
91 83 31
27 66 19
29 14 25
90 67 15
44 67 12
49 81 24
75 78
73 33
93 4
59 93
35 3
0 60
51 5
73 82
83 7
7 16
58 59
90 35
33 39
58 52
8 41
73 37
18 61
1 62
95 77
22 68
80 47
0 5
86 47
23 15
8 57
9 92
16 13
16 64
97 81
77 82
25 62
34 82
76 50
72 0
85 94
96 59
43 72
24 27
99 66
71 30
9 28
69 25
30 4
97 27
96 35
56 20
95 98
98 49
46 10
49 4
58 28
26 57
73 94
2 55
30 12
5 69
84 14
85 1
77 69
71 57
37 45
54 54
68 7
67 73
12 36
2 19
46 68
36 97
58 97
28 74
47 74
66 36
35 10
42 10
67 84
70 53
62 68
89 60
31 38
59 36
24 38
77 0
40 57
59 70
76 55
82 76
94 28
25 56
93 85
23 65
84 12
8 25
95 42
58 69
92 10
62 96
94 72
42 65
70 6
78 11
