8 100
81 60 18
31 81 20
88 16 21
44 1 29
44 16 20
95 73 21
78 34 13
55 48 24
21 93
42 36
78 0
78 79
34 82
23 30
14 13
20 19
84 83
17 23
21 24
49 80
64 25
4 92
68 62
27 6
4 67
98 51
54 80
26 38
91 29
98 44
89 66
72 60
40 89
82 47
14 32
71 6
31 26
82 89
78 52
96 6
53 72
52 1
35 66
12 6
18 54
24 33
76 72
81 17
57 30
45 17
13 75
78 56
10 22
20 45
82 19
35 50
53 30
42 58
37 0
44 93
21 52
42 31
65 6
0 65
25 70
43 29
20 23
64 79
13 28
29 34
69 69
76 59
64 36
86 79
15 47
96 18
64 34
34 24
83 96
60 13
62 54
19 17
46 57
44 31
96 39
89 81
26 68
42 30
13 25
1 91
73 23
28 3
86 4
72 77
88 18
16 10
55 87
14 54
95 37
17 22
48 50
1 94
56 51
95 31
99 75
98 96
48 91
9 13
