8 100
86 68 19
5 32 13
75 28 27
20 59 13
86 6 24
59 34 23
73 56 20
39 23 28
38 91
0 0
69 94
71 87
19 96
36 24
9 14
97 25
28 19
83 56
7 53
7 69
3 41
6 83
62 70
20 9
59 10
64 95
81 52
90 88
11 63
81 40
87 57
19 31
43 16
38 48
4 70
17 8
52 81
12 96
90 15
89 72
60 68
50 9
48 37
58 27
44 14
32 3
43 67
60 10
84 48
98 2
0 98
1 39
75 29
43 88
42 37
47 92
65 40
32 11
37 72
45 57
35 80
34 90
83 4
65 30
67 52
22 97
12 86
41 97
60 43
27 37
78 19
22 91
34 75
55 97
54 34
14 33
32 81
25 67
82 58
49 83
82 79
61 98
77 84
89 7
48 50
6 75
33 16
1 21
3 56
12 46
54 31
67 28
81 72
35 40
58 35
34 60
10 26
98 13
20 44
71 26
6 93
9 69
65 23
14 87
90 85
22 61
1 14
67 56
