8 100
75 90 24
93 47 16
32 61 22
80 42 28
51 97 24
56 29 22
41 93 17
38 24 11
15 28
6 37
88 35
78 33
69 69
68 4
40 34
54 72
86 49
81 20
46 78
63 54
35 9
18 91
28 67
22 47
93 64
45 68
2 3
66 84
39 10
78 36
0 45
39 0
1 3
5 61
9 44
27 72
2 6
7 5
70 96
23 11
5 59
58 68
55 67
92 3
46 52
73 90
89 37
43 31
93 71
16 59
91 51
77 14
60 20
86 34
40 48
86 91
5 14
56 81
93 51
45 78
59 11
7 70
35 43
42 20
92 72
66 91
64 9
78 93
21 20
21 5
13 36
70 78
61 23
53 99
36 45
20 81
94 8
22 23
1 55
83 76
63 78
4 93
17 66
82 87
66 84
40 52
30 89
98 76
38 54
43 5
37 44
41 67
96 57
13 49
74 92
34 11
39 49
61 66
5 13
77 54
98 29
48 92
29 82
20 91
48 33
72 29
82 46
29 99
