7 100
27 86 21
89 73 28
40 58 22
69 30 16
84 87 24
74 77 19
85 61 21
51 44
96 9
55 24
18 12
87 86
55 60
86 67
98 21
92 28
84 63
78 92
28 35
42 31
56 8
58 45
10 65
82 76
7 43
1 4
7 52
15 44
3 43
81 68
29 39
72 81
57 59
78 21
86 30
15 23
93 87
13 1
53 63
3 42
5 65
48 12
60 91
45 11
94 10
68 3
96 40
81 15
41 92
95 55
23 52
28 26
59 52
23 2
19 48
98 12
48 89
26 89
95 73
65 33
44 5
82 83
3 0
87 9
15 65
55 12
35 92
90 57
12 3
40 26
28 46
33 36
42 85
39 8
36 96
17 98
36 61
15 57
87 49
61 52
78 42
28 24
69 60
69 32
83 83
96 50
96 75
15 32
7 37
69 21
64 54
32 32
47 70
5 57
91 15
73 97
3 28
36 21
96 84
85 21
51 4
23 22
71 73
49 62
80 80
75 84
48 86
