7 100
41 32 17
64 76 23
67 63 24
86 24 11
86 19 30
39 21 23
41 53 27
31 42
18 31
78 11
86 36
63 1
68 51
34 51
53 51
16 49
39 80
51 18
40 34
66 41
47 25
77 69
6 60
10 21
7 29
51 78
30 46
61 92
83 50
63 67
10 97
36 62
50 90
82 77
97 69
36 41
93 91
45 86
10 63
88 56
11 25
68 29
81 45
14 89
55 92
11 97
52 81
61 70
33 75
30 1
34 26
89 24
46 10
18 32
71 39
11 22
44 53
55 12
39 92
98 57
3 10
29 51
86 80
40 24
94 20
25 79
86 75
43 19
33 32
1 46
68 79
45 70
1 98
46 56
31 83
59 71
75 5
50 6
67 94
70 5
98 45
67 65
17 28
73 7
96 11
31 24
47 32
72 42
8 68
79 58
22 47
29 34
58 30
20 12
87 33
48 93
77 80
40 73
21 2
46 66
19 3
80 40
1 30
50 40
9 77
43 75
78 85
