7 100
61 75 23
59 71 21
52 81 27
33 36 27
71 14 26
80 44 16
61 75 24
90 41
71 41
29 66
34 97
49 21
10 76
48 41
62 67
29 21
80 9
46 40
15 74
61 67
89 74
93 15
78 18
36 99
88 79
69 61
66 39
2 43
67 85
70 70
77 76
14 56
82 8
50 12
45 69
88 17
62 41
56 94
95 70
71 41
28 69
23 42
21 71
72 7
33 52
11 86
49 40
24 77
98 13
7 22
88 53
70 71
65 30
40 66
1 82
75 7
0 2
7 13
17 25
13 82
52 60
99 83
0 14
71 16
79 86
14 19
93 17
83 51
30 91
59 53
90 29
15 86
5 37
22 97
65 68
54 33
66 53
96 69
43 76
31 56
60 46
78 1
99 32
71 16
65 15
3 81
83 19
88 43
45 24
1 72
84 78
98 73
22 88
76 83
12 88
53 49
92 79
0 30
80 78
74 57
47 64
91 48
97 90
70 15
17 0
90 75
4 97
