7 100
45 60 27
18 31 17
86 16 30
60 38 15
86 54 27
54 62 27
50 45 12
28 58
42 94
56 25
92 48
65 55
42 68
75 69
67 72
41 80
14 34
50 74
70 55
80 95
11 90
30 30
87 19
95 2
94 76
23 57
75 51
0 74
24 85
87 74
67 31
83 75
13 59
59 25
21 1
15 55
36 19
18 34
97 28
31 53
54 18
29 91
17 0
92 60
64 6
64 48
36 14
51 38
19 13
23 57
32 63
59 50
91 24
9 14
2 36
60 70
50 23
41 30
28 0
58 81
97 91
89 68
49 75
97 87
10 61
50 7
44 73
21 47
24 96
10 19
23 48
61 19
38 3
85 40
19 24
52 57
72 71
15 47
25 2
70 75
63 45
82 99
17 44
46 66
18 60
91 89
57 30
11 16
43 0
29 25
32 74
44 26
91 38
20 0
4 11
63 52
62 10
95 25
33 94
18 88
1 85
91 66
31 69
88 38
88 30
56 66
49 70
