7 100
46 45 11
11 73 18
72 85 25
32 31 25
72 72 24
46 19 30
82 10 17
67 20
41 47
9 79
77 44
63 49
64 40
48 85
31 41
27 63
53 37
18 69
91 23
26 17
56 70
0 72
82 50
8 87
78 5
95 60
81 51
66 24
5 57
42 60
48 96
85 4
45 85
93 80
69 65
24 96
63 17
92 75
34 18
83 58
65 61
98 14
94 80
33 99
43 95
49 42
66 90
92 74
16 67
86 78
5 26
13 25
14 62
97 78
33 79
76 72
56 0
92 37
61 43
61 41
11 45
16 52
63 28
56 92
4 88
37 31
75 40
58 69
43 45
50 20
23 90
55 94
65 85
65 23
16 91
91 65
39 97
15 50
67 52
53 7
53 30
61 38
27 33
51 37
97 23
0 69
9 73
81 53
73 50
15 99
95 67
98 31
10 25
85 7
82 27
78 75
30 74
43 75
38 24
53 49
17 17
38 44
93 45
41 90
70 22
42 79
75 71
