7 100
67 46 17
57 87 23
31 43 33
14 65 16
87 76 22
13 41 13
60 57 27
35 34
16 9
37 60
39 81
93 49
72 24
48 63
46 57
38 23
65 30
65 51
51 27
30 14
78 18
82 23
26 89
44 22
40 35
4 5
51 97
20 68
86 92
40 50
34 0
23 2
94 77
68 55
91 29
9 68
81 12
24 9
19 95
4 67
87 87
88 25
16 35
96 94
41 26
83 45
53 99
98 68
13 93
26 56
77 40
8 68
96 46
32 74
96 25
94 84
39 93
58 39
98 85
21 73
21 14
68 96
36 65
36 27
77 72
97 33
41 86
68 75
83 66
96 25
2 17
73 28
28 5
30 14
61 31
55 6
83 34
39 34
59 24
73 54
19 29
4 23
78 74
55 79
29 26
33 52
36 1
17 24
86 92
69 47
96 89
17 51
10 60
90 59
97 80
61 61
54 46
46 52
14 69
52 60
69 33
51 1
91 57
92 38
80 64
39 44
30 65
