7 100
46 56 15
32 37 28
13 52 27
79 73 16
10 76 27
58 13 27
12 76 12
9 70
28 72
76 93
4 30
70 93
5 29
69 39
96 95
60 20
89 31
66 23
43 56
43 20
12 61
4 62
15 96
32 17
17 50
36 6
37 40
83 12
67 45
70 84
90 89
40 22
26 27
89 82
74 66
91 67
72 86
85 51
40 75
0 61
70 21
60 30
84 65
58 60
8 87
99 45
66 34
40 58
60 24
32 23
21 44
64 54
42 83
12 85
45 98
91 9
49 95
89 37
65 50
20 57
40 24
97 27
92 55
66 73
1 16
71 37
58 62
17 33
15 87
2 57
65 22
25 48
65 49
35 69
39 28
58 85
94 26
57 37
79 91
62 37
90 70
22 12
11 80
62 7
91 51
30 80
25 33
37 85
88 92
29 62
83 34
4 17
51 78
30 40
4 88
11 24
63 58
75 93
47 12
38 35
89 44
30 80
63 98
5 23
52 51
49 1
40 90
