7 100
61 13 28
56 22 29
23 20 31
26 37 17
38 20 13
36 47 11
27 85 27
76 98
65 38
69 26
58 92
39 69
74 73
38 40
23 23
12 85
33 37
50 10
87 52
84 78
41 46
42 75
82 53
29 69
98 76
46 98
23 81
95 28
34 7
13 89
40 54
51 73
40 87
6 70
6 97
87 6
52 95
63 64
39 88
72 49
98 23
16 49
96 19
41 56
84 11
87 27
31 9
50 48
29 96
67 25
59 59
75 9
90 53
51 46
93 42
26 7
0 16
14 26
57 9
9 2
0 6
86 25
99 85
57 50
78 29
80 98
95 14
35 31
33 22
15 9
43 4
37 27
46 65
78 28
77 67
7 16
53 85
48 80
12 80
34 25
39 45
46 12
63 47
34 21
89 8
43 40
96 98
62 65
80 11
85 70
21 6
53 31
32 99
51 34
58 38
73 46
36 61
80 95
11 40
10 14
37 56
0 69
42 47
9 93
85 18
78 8
12 46
