7 100
44 57 13
56 26 29
51 40 27
81 66 18
65 88 30
88 32 15
52 69 20
76 66
91 67
82 83
23 91
69 87
0 79
46 7
34 67
84 34
72 11
5 54
80 29
36 42
5 7
75 10
98 71
2 49
26 7
16 46
1 94
91 58
61 5
38 28
31 11
44 30
69 97
44 93
22 64
88 78
55 64
33 18
94 33
48 87
42 88
86 75
77 88
29 14
74 97
25 73
38 25
67 53
33 56
71 41
79 51
4 7
3 52
93 50
77 20
24 92
10 8
85 23
1 34
31 3
83 2
82 92
31 70
65 26
26 65
2 20
45 90
74 7
29 6
49 39
1 38
31 98
50 57
93 2
77 40
23 89
63 78
8 62
14 3
95 3
79 38
7 11
89 58
29 40
19 43
23 14
69 43
41 78
99 16
4 73
30 50
96 79
45 15
60 91
81 46
61 15
52 1
95 67
28 5
67 3
20 86
60 14
61 47
80 77
39 66
27 97
42 69
