7 100
66 41 20
18 36 24
25 66 31
14 55 28
39 68 15
82 50 19
52 13 16
11 35
97 10
66 53
37 44
56 99
50 80
98 19
1 27
10 62
55 18
2 82
38 36
29 83
83 30
77 28
70 2
75 48
8 51
89 59
81 51
81 57
54 89
62 92
26 92
6 25
34 57
83 8
47 93
7 95
22 33
44 63
0 80
46 41
12 88
75 71
82 38
23 21
12 40
33 29
53 35
91 15
6 99
15 47
13 19
60 35
59 50
2 17
48 78
21 51
12 66
88 22
52 37
27 14
31 93
69 25
82 20
13 8
94 23
0 13
44 51
69 83
47 63
12 18
38 20
12 55
85 87
36 45
69 94
3 11
29 20
97 89
31 5
51 46
68 82
74 7
36 91
3 29
83 49
29 28
57 72
47 97
41 82
82 28
39 41
31 23
67 86
38 29
59 74
78 72
33 2
62 94
43 9
19 85
46 9
17 0
98 80
55 54
70 85
94 53
36 0
