8 100
12 58 21
10 7 25
88 47 20
0 9 21
28 60 19
53 78 22
78 12 7
28 60 21
9 9
47 40
4 46
92 19
50 91
70 73
10 21
46 97
33 61
33 50
81 61
15 89
86 78
31 88
52 88
94 58
26 49
9 54
84 70
46 59
64 86
94 43
49 54
50 90
35 18
9 96
20 52
44 40
68 99
35 68
91 70
89 15
45 71
39 15
16 59
92 30
19 26
9 95
48 7
66 65
55 77
29 69
81 26
11 30
64 63
14 44
54 71
39 16
79 40
48 0
5 14
5 9
79 87
6 23
61 9
70 26
1 42
54 79
86 96
26 19
57 2
7 59
83 3
82 78
15 44
12 58
70 42
40 73
45 49
45 12
74 16
69 61
12 34
44 52
27 52
49 30
88 87
66 50
54 62
45 31
82 0
87 41
61 13
20 95
27 84
97 59
30 26
73 38
16 46
55 30
4 17
33 38
97 99
47 92
56 21
24 83
62 30
77 93
33 85
85 56
