8 100
58 19 18
4 60 21
34 12 10
24 98 25
42 33 22
61 98 23
63 9 23
10 21 15
7 11
47 89
78 17
36 74
96 52
89 6
7 91
94 8
84 25
64 99
7 54
48 84
61 20
3 79
92 14
97 98
69 70
70 3
17 10
0 37
61 92
40 99
92 3
54 54
60 36
15 87
8 41
58 92
44 38
28 56
6 60
7 19
13 83
33 58
6 5
14 28
56 54
23 33
8 77
2 39
6 42
11 66
64 67
72 50
35 74
53 85
21 95
20 55
9 21
88 69
27 36
23 90
86 21
9 32
7 87
11 56
89 41
39 75
38 19
15 14
96 66
7 64
86 33
31 97
96 0
31 71
53 99
40 37
75 95
37 44
11 78
23 73
31 42
95 29
55 61
71 51
13 26
92 20
26 53
61 81
73 72
79 68
74 38
55 29
77 13
16 43
55 20
87 79
33 78
49 43
13 73
82 66
79 7
73 46
4 37
23 72
2 30
86 7
56 43
50 26
