8 100
11 80 16
91 60 16
46 21 24
26 44 19
27 31 24
36 17 24
4 41 10
62 12 23
35 71
8 37
69 64
43 73
10 95
66 43
49 94
22 74
45 72
29 12
53 77
25 72
57 31
65 84
50 56
68 99
65 92
81 98
73 40
77 36
60 17
52 80
38 12
87 55
82 4
3 0
37 48
78 48
62 44
36 73
35 45
75 77
38 86
45 15
26 94
35 86
55 34
71 1
20 61
79 68
47 10
32 76
19 69
70 32
90 69
38 27
71 2
31 63
91 50
52 77
63 7
16 95
19 29
32 13
41 54
65 70
52 9
72 74
34 99
5 29
15 75
70 25
10 38
81 30
53 39
1 81
38 37
38 9
0 12
30 0
70 12
74 98
6 73
35 97
65 19
5 16
39 32
12 7
54 92
38 72
77 46
36 18
22 69
4 61
32 13
18 74
7 37
26 17
36 95
34 22
90 14
43 45
32 65
51 80
28 94
23 12
0 73
2 71
17 25
35 59
