8 100
61 46 18
87 36 16
1 64 17
92 63 26
68 0 17
30 95 15
22 15 23
64 95 18
37 67
66 97
48 64
64 43
33 25
11 32
52 0
26 35
96 87
49 49
22 92
71 26
90 1
49 53
9 65
23 87
80 53
88 44
70 80
93 37
15 93
65 48
32 24
41 41
45 78
14 98
38 22
88 23
89 68
76 70
49 87
19 21
57 39
58 93
39 96
22 53
55 69
10 97
49 29
45 82
96 63
45 67
19 11
70 12
77 32
72 9
31 20
48 81
65 30
49 17
98 26
58 46
7 64
30 28
87 74
22 24
83 27
57 89
18 37
14 39
85 23
44 25
34 8
12 4
69 30
13 99
6 86
63 55
83 86
33 82
35 41
68 11
35 28
73 66
73 64
92 56
14 46
15 45
88 31
38 60
65 56
5 6
86 12
52 64
31 3
13 66
57 83
33 11
35 32
83 24
37 15
10 7
67 93
40 86
82 42
82 1
37 41
29 80
60 79
86 22
