8 100
64 28 12
61 85 26
15 55 23
45 82 13
46 44 24
41 43 15
75 98 19
74 31 25
35 81
48 71
34 42
40 59
37 43
90 2
77 63
23 85
20 21
40 51
18 90
21 17
87 54
82 59
22 84
97 33
10 16
7 10
84 84
39 58
19 56
40 63
97 43
31 82
48 71
38 4
73 71
21 48
56 84
32 82
60 79
59 65
20 68
2 88
53 39
20 44
57 28
26 64
23 60
7 0
75 85
76 85
39 26
69 7
97 17
54 92
22 19
95 81
26 96
55 55
74 32
19 86
85 2
60 46
81 13
38 58
6 55
78 12
6 9
44 76
30 99
8 16
54 27
18 78
21 5
17 21
51 5
31 36
70 43
4 68
66 12
6 99
54 75
2 52
33 58
22 79
34 54
82 26
73 17
65 12
84 31
43 86
11 64
79 60
18 98
23 11
43 84
98 89
39 14
53 76
91 10
70 1
44 48
3 65
8 19
53 64
42 1
2 76
32 33
45 30
