8 100
40 13 15
62 59 12
33 10 18
71 67 14
44 70 14
41 0 30
87 25 22
81 54 26
98 76
66 76
53 50
82 89
92 65
1 52
88 7
3 99
16 1
37 42
18 29
78 51
74 28
12 23
83 5
51 49
88 10
87 66
24 36
69 78
64 43
69 63
93 27
97 98
34 82
82 51
44 58
92 66
97 70
63 18
8 46
12 1
48 75
97 0
58 65
22 31
32 41
47 6
40 33
42 38
94 8
8 91
14 35
80 60
39 97
53 68
53 3
88 55
45 43
39 25
60 77
48 11
9 42
80 93
82 83
33 72
81 79
45 45
73 38
73 89
82 87
98 69
43 70
49 47
6 12
67 15
2 63
90 62
72 23
31 9
9 97
25 38
29 25
66 73
20 2
96 9
18 79
38 50
51 97
12 6
44 5
75 59
69 15
12 33
23 64
12 67
24 52
62 12
0 93
43 59
8 50
50 25
98 82
60 15
90 86
76 43
98 7
8 4
21 22
22 88
