8 100
5 3 21
6 71 27
43 77 13
77 1 27
43 16 10
31 16 17
99 42 14
29 85 23
28 16
44 95
31 99
91 62
91 69
31 16
96 71
32 47
70 75
43 70
6 48
2 18
92 9
70 34
93 27
31 55
86 72
14 20
60 16
89 53
8 49
24 29
84 99
99 76
30 20
91 9
75 22
27 21
49 43
15 91
0 48
1 30
93 73
18 83
47 7
75 8
22 29
25 5
78 48
21 86
11 72
20 11
96 81
64 73
5 79
66 51
81 73
41 45
86 63
36 13
42 4
27 80
8 74
26 10
58 84
16 37
17 94
97 0
69 17
10 75
28 21
41 86
48 39
38 18
46 93
5 73
55 23
96 10
45 6
46 71
53 85
60 66
3 6
4 19
78 39
55 44
32 40
12 29
10 22
77 8
77 36
77 83
88 77
79 34
86 36
2 66
78 43
1 28
68 58
14 56
30 6
16 3
51 98
95 20
93 37
41 23
2 67
7 25
53 81
70 17
