8 100
75 27 21
2 96 10
70 34 26
9 38 25
65 34 25
99 42 18
87 15 19
47 28 10
60 22
50 58
55 33
10 71
52 15
7 49
69 9
99 94
66 62
30 12
37 9
90 25
20 71
42 2
62 41
93 82
74 5
38 47
73 12
14 47
86 25
22 47
53 72
22 49
41 24
52 8
54 88
65 55
52 27
37 81
22 14
30 93
86 55
16 99
79 0
52 43
59 26
76 7
19 38
80 8
17 37
36 13
86 74
24 0
86 13
37 37
35 72
75 15
54 18
54 91
50 23
99 62
78 10
34 84
20 80
94 36
75 69
33 29
97 49
62 59
80 16
1 43
84 77
34 96
49 76
14 51
94 23
91 56
74 12
97 0
60 11
67 62
54 55
83 92
45 81
6 78
76 9
9 63
22 43
84 2
36 96
34 46
49 5
26 68
31 15
91 98
66 73
4 46
84 93
37 66
57 38
68 33
59 92
99 30
28 31
6 67
90 36
40 10
90 53
55 75
