8 100
37 95 14
32 46 19
41 54 19
31 61 23
70 57 27
20 25 22
2 19 15
37 37 18
42 54
31 26
41 32
39 93
22 35
78 84
74 7
6 78
42 79
98 63
18 70
17 24
89 94
69 85
11 86
69 21
41 50
69 73
46 53
18 73
28 1
78 99
70 26
80 60
23 71
27 57
69 53
83 81
56 86
96 85
6 9
73 47
80 91
7 31
6 49
47 92
75 45
20 9
12 35
69 4
63 83
67 56
93 97
45 13
51 13
16 56
61 77
23 93
92 73
48 24
55 72
60 30
92 67
60 80
6 72
22 91
38 94
83 66
17 54
37 3
39 59
10 90
64 38
73 82
78 66
35 71
67 57
59 84
80 28
10 41
76 39
33 16
42 11
26 4
94 85
29 27
42 50
58 65
21 24
34 22
0 23
42 4
42 63
81 34
81 91
8 72
90 10
57 31
91 47
25 98
88 87
81 39
22 28
5 78
86 39
64 13
74 85
57 47
58 48
30 8
