8 100
19 9 14
92 93 17
77 82 15
80 2 30
26 29 15
54 87 28
94 38 15
34 39 16
5 70
72 19
92 95
15 80
45 65
66 68
22 24
90 87
87 34
38 3
45 76
13 29
68 95
60 6
71 27
35 55
49 56
44 33
10 16
97 57
44 85
4 81
19 89
2 53
32 89
32 73
39 94
58 65
91 64
87 5
63 87
67 32
29 97
38 45
6 45
51 75
87 13
55 93
4 92
85 13
4 94
57 28
86 71
19 69
51 96
58 14
58 8
75 87
0 77
23 89
54 75
8 47
53 43
58 75
61 42
78 72
24 58
90 35
81 58
75 28
78 97
42 20
16 13
87 97
78 80
59 94
72 51
59 84
31 34
92 4
19 45
12 34
71 10
16 13
51 47
64 21
76 71
81 80
15 55
65 35
9 71
20 13
70 65
52 94
69 29
97 19
16 12
34 30
91 77
87 88
98 80
21 80
3 85
5 68
72 43
52 98
98 22
46 91
78 28
33 66
