8 100
88 59 12
61 18 19
88 38 12
0 76 19
56 21 22
23 45 27
19 38 12
38 26 27
31 58
61 72
77 83
18 48
44 83
83 92
68 26
72 10
28 12
29 18
56 22
78 25
18 52
73 72
78 15
43 57
70 25
16 83
68 7
77 15
58 41
83 96
2 46
7 56
20 80
16 82
86 40
64 11
73 94
8 33
95 52
71 92
4 9
89 64
36 90
14 70
58 62
48 87
15 29
75 89
99 64
92 57
18 79
67 80
2 0
2 62
70 98
64 39
1 86
68 91
37 29
49 37
81 18
16 91
14 41
41 68
6 10
95 70
20 19
61 62
33 66
12 44
49 37
33 69
20 72
7 13
91 78
92 27
51 27
84 92
58 78
93 51
77 50
38 70
35 36
84 72
89 50
62 52
15 39
14 50
37 85
75 10
80 45
72 53
15 95
27 11
74 57
96 33
13 75
50 45
34 66
2 57
99 91
13 17
92 72
96 62
44 5
19 17
46 45
19 42
