8 100
20 36 15
20 14 22
81 84 21
79 25 13
60 60 14
14 30 31
77 32 26
41 57 13
71 0
54 20
76 35
50 15
34 79
24 24
89 94
71 41
29 33
71 52
53 24
79 89
98 80
55 32
92 71
50 23
72 5
75 29
74 45
58 79
19 56
21 65
98 62
98 66
48 37
62 96
23 1
48 57
95 0
65 57
9 18
66 31
49 47
21 64
79 65
16 45
27 93
35 60
4 43
78 93
97 97
31 20
12 58
50 2
5 28
28 20
48 30
91 60
79 57
63 2
44 9
46 37
56 26
78 88
52 17
47 92
11 93
39 15
39 78
73 42
85 7
17 11
60 39
33 5
4 10
19 10
11 75
34 68
48 10
98 87
30 92
73 56
41 21
22 27
45 60
95 59
96 47
7 85
67 43
57 36
1 44
2 59
68 8
71 2
61 68
29 95
73 28
98 24
89 80
51 9
93 70
35 32
29 26
4 21
78 64
53 69
31 88
18 27
38 43
81 4
