8 100
63 8 26
61 34 17
42 59 12
42 49 18
74 80 16
15 71 21
73 15 18
26 39 24
46 32
2 79
3 60
45 44
45 7
8 33
77 96
84 48
16 98
8 50
79 75
84 84
25 67
11 41
75 22
94 77
85 66
4 56
35 6
4 38
21 95
66 16
52 88
2 37
16 11
5 19
74 93
55 24
37 66
37 96
66 77
96 79
35 74
67 69
36 9
66 21
0 34
42 11
40 24
81 20
81 43
56 52
21 81
41 49
94 7
78 11
99 19
51 58
62 28
63 10
25 44
29 51
57 44
73 56
93 5
32 57
1 30
11 89
85 67
79 41
19 31
21 89
18 85
88 8
4 87
54 15
87 78
53 33
37 33
62 5
91 4
52 52
29 92
47 81
68 4
87 59
46 45
68 53
11 52
61 25
90 77
98 6
41 45
87 76
99 74
8 38
70 53
23 66
25 68
89 87
29 38
98 10
58 47
34 65
63 95
10 31
56 95
3 26
23 8
4 22
