3 100
40 52 46
41 59 33
42 52 71
89 42
55 82
89 69
84 84
29 80
1 96
69 44
10 80
92 95
36 57
97 45
16 97
50 4
14 21
82 81
34 91
88 65
15 56
81 76
24 35
49 46
68 13
40 71
90 48
75 17
16 1
30 44
69 36
6 59
63 61
1 21
26 41
56 48
32 54
59 78
53 74
44 86
39 66
67 85
57 24
53 84
74 80
37 69
17 19
90 24
59 77
60 87
75 27
56 19
54 56
52 90
30 81
10 29
82 10
22 72
68 15
24 44
70 83
32 83
42 76
63 25
62 27
15 86
91 76
42 86
41 45
88 96
58 49
37 74
58 32
63 40
22 3
24 41
71 87
91 44
22 52
48 73
10 86
19 27
59 71
90 94
56 55
18 63
96 8
11 60
99 42
10 75
12 93
97 46
40 12
92 88
64 93
71 87
33 66
23 46
13 77
39 58
32 52
14 5
80 31
