3 100
49 40 54
52 44 51
44 58 45
27 61
61 51
54 69
48 27
15 27
35 85
48 86
43 65
34 74
61 82
79 16
88 89
55 59
50 23
34 25
36 70
89 74
53 59
22 33
85 93
1 78
74 1
10 76
52 65
49 87
33 66
47 71
87 33
94 47
63 92
52 21
71 65
5 18
24 10
38 91
91 95
74 59
70 3
74 69
57 84
85 2
11 97
51 72
92 54
19 91
30 34
87 2
86 39
68 59
64 69
51 65
38 75
95 47
6 97
74 50
10 34
70 21
19 39
69 98
60 32
43 52
51 39
84 23
55 66
18 60
86 43
5 71
57 51
52 5
32 55
60 38
84 41
77 51
29 43
42 36
18 96
50 14
13 64
59 15
89 19
19 85
64 48
45 99
26 21
53 74
73 51
86 23
62 85
73 11
61 55
58 78
69 4
53 4
50 43
37 90
89 48
42 18
78 58
91 99
11 17
