3 100
41 44 65
49 41 61
45 55 53
71 13
20 57
62 93
84 61
19 22
43 75
28 56
50 76
11 86
71 24
11 82
48 21
79 16
16 56
27 37
9 8
42 58
94 98
65 85
28 83
1 10
43 95
92 61
84 30
75 46
11 87
54 44
13 46
94 43
35 33
8 47
48 27
5 67
34 28
36 45
25 98
78 14
64 49
20 91
81 17
95 12
59 34
15 88
59 32
27 9
31 81
77 8
40 82
86 72
4 13
48 32
99 19
41 53
41 2
41 2
45 85
17 8
35 86
49 57
8 13
40 74
48 50
27 24
2 73
8 71
55 67
93 19
16 1
31 42
32 19
17 99
54 73
67 8
1 90
54 11
25 91
90 77
78 61
35 93
43 22
40 62
6 33
57 29
60 32
10 60
58 13
51 56
42 23
50 98
97 60
77 11
90 10
42 68
82 71
84 50
75 75
62 81
49 64
91 67
46 8
