3 100
57 53 43
49 55 56
55 59 53
62 98
84 3
6 21
56 82
42 22
6 46
38 71
82 97
85 75
75 90
74 44
63 42
55 48
26 34
96 8
89 43
89 63
96 37
1 87
74 84
53 30
50 68
35 69
30 84
38 61
92 67
14 53
39 41
75 36
12 62
88 88
32 46
27 85
38 0
28 78
32 62
44 41
80 58
82 56
15 0
60 69
82 21
17 25
30 56
22 12
5 53
63 78
98 13
75 49
60 51
17 98
44 99
22 87
4 71
22 31
58 79
77 87
29 10
84 33
71 13
91 32
21 6
71 61
55 12
98 11
55 42
16 86
44 7
89 46
2 28
88 18
52 30
19 61
74 7
71 2
65 59
47 92
42 12
89 53
53 15
94 87
28 11
3 52
98 90
49 82
85 34
92 31
57 97
67 3
92 25
70 46
12 68
2 29
18 16
77 12
62 5
68 70
79 5
65 3
21 33
