3 100
49 47 45
45 57 61
56 57 44
3 57
21 37
15 70
39 51
41 85
28 74
99 80
19 24
59 24
56 73
52 76
92 62
7 80
28 84
4 54
97 79
89 66
60 97
81 40
15 38
19 96
4 61
64 21
75 12
5 11
21 29
63 68
36 95
65 34
73 31
82 82
78 30
7 78
52 74
45 47
4 3
58 68
11 15
24 76
32 55
10 28
15 24
14 44
58 95
33 96
64 22
97 41
69 88
99 56
53 73
64 40
60 63
38 11
78 78
73 41
74 36
34 98
36 67
50 94
13 69
84 91
46 76
1 84
13 18
89 38
74 6
29 63
82 77
1 17
85 85
60 67
45 53
46 29
72 3
77 71
88 13
19 80
38 4
89 4
32 76
24 14
0 74
95 3
8 49
15 90
91 18
2 81
95 35
30 23
63 80
32 81
36 70
45 89
83 73
75 24
47 88
45 26
25 8
28 51
10 56
