3 100
57 52 55
43 51 61
58 52 35
40 55
44 70
41 86
47 91
40 96
82 14
87 79
92 64
64 3
50 31
29 61
37 21
68 11
10 86
12 41
65 14
41 56
55 36
61 87
78 49
1 36
54 93
82 48
8 7
0 31
88 22
65 16
29 84
79 12
54 24
20 95
64 4
57 16
26 35
97 30
57 23
84 25
80 88
99 51
72 66
15 90
80 65
19 74
14 89
53 61
40 31
55 49
7 27
85 97
4 45
89 56
72 86
65 78
54 25
22 32
49 0
33 9
52 66
22 77
64 80
36 18
31 66
59 31
74 17
56 51
49 91
98 63
21 22
20 59
46 34
33 31
66 93
14 84
33 52
19 91
23 35
20 85
30 31
49 19
90 72
20 25
84 24
38 47
47 86
48 33
72 60
2 90
60 44
77 56
8 91
97 95
4 26
85 38
37 27
20 66
10 25
62 15
77 11
78 88
99 57
