6 100
9 57 24
37 34 19
10 24 48
59 71 19
60 90 38
43 15 45
80 12
97 25
57 33
21 81
58 98
79 79
87 75
54 1
17 30
57 42
91 86
84 66
21 23
93 65
45 66
92 18
29 58
2 26
79 33
20 45
69 87
80 96
42 82
99 18
30 45
32 87
53 57
32 41
59 64
39 62
35 40
18 55
61 23
76 28
75 73
63 10
84 99
11 70
87 65
1 41
2 29
56 9
78 4
28 29
56 1
40 42
1 34
37 67
98 3
22 22
10 84
91 33
96 89
67 36
27 32
72 46
58 60
25 34
53 98
91 83
79 56
41 3
10 38
94 43
36 29
90 28
82 63
23 54
64 43
15 82
17 52
66 66
2 79
61 76
17 10
62 74
77 50
43 70
12 92
86 59
88 6
35 83
14 61
12 45
62 87
12 80
55 32
50 33
78 32
66 8
14 78
0 80
28 70
55 39
17 50
11 41
63 42
94 50
25 84
94 75
