10 100
40 35 13
98 27 13
4 61 14
48 55 17
91 70 24
68 41 16
23 47 23
82 6 24
28 60 15
38 40 25
90 53
64 88
42 46
50 13
66 85
3 60
81 18
80 37
81 68
48 28
61 5
44 34
19 78
39 75
62 92
10 6
3 15
21 62
46 16
9 28
20 17
46 94
63 21
26 77
27 34
65 37
17 28
18 28
92 97
46 58
31 29
3 27
17 85
91 24
2 6
6 73
43 13
16 76
72 22
6 66
79 18
17 3
89 2
24 76
47 94
98 25
64 17
94 52
79 26
9 43
98 0
22 20
82 42
62 91
85 67
87 92
51 95
99 46
92 35
86 37
57 98
78 90
99 99
92 25
43 50
24 14
42 58
28 55
76 35
39 55
30 62
33 59
73 31
31 52
54 93
24 92
20 79
23 61
48 75
5 23
92 79
60 57
77 52
32 51
11 7
76 87
22 64
53 71
19 10
11 28
61 27
52 64
81 46
91 19
94 61
31 34
64 54
31 97
2 80
12 74
