10 100
82 13 14
31 58 16
4 12 20
99 40 20
29 26 25
40 6 14
4 30 19
80 79 14
60 12 25
3 25 17
82 11
21 17
17 82
3 87
27 55
57 71
47 64
85 96
29 57
50 97
34 67
81 87
86 99
5 14
55 66
96 10
88 96
45 94
68 26
20 52
93 8
63 68
72 75
24 57
11 35
32 64
29 90
36 7
82 93
66 76
58 41
35 75
4 65
33 68
76 79
42 45
99 4
23 97
17 53
7 76
15 9
2 8
66 28
80 83
37 54
74 0
61 67
43 25
27 74
88 20
77 94
60 21
66 22
68 26
46 2
57 77
36 40
21 35
48 36
61 85
49 1
67 7
14 28
43 65
32 50
26 33
67 43
1 23
42 48
8 34
19 3
7 31
30 88
54 9
14 90
75 74
80 79
76 37
41 75
32 49
80 85
99 90
84 51
97 83
10 76
70 47
82 81
41 57
90 19
58 37
99 85
69 80
93 11
37 41
0 50
5 38
11 77
34 88
24 8
96 77
