10 100
0 71 19
99 11 18
13 97 17
11 92 18
75 81 18
64 50 16
81 27 16
18 30 12
30 24 21
75 4 27
88 68
31 5
63 45
27 41
23 85
79 13
58 76
33 53
21 38
11 7
33 29
36 57
14 50
96 8
99 80
11 21
64 28
58 86
87 56
81 58
26 43
74 20
21 20
81 42
62 58
1 35
93 60
54 4
88 48
93 62
15 78
69 85
12 24
45 26
97 26
67 88
82 88
88 17
37 91
70 70
26 47
55 23
3 1
70 97
64 12
30 55
54 55
62 96
63 15
82 39
66 44
76 79
65 23
84 72
53 75
52 6
98 16
19 44
84 59
94 37
62 64
59 92
59 94
3 25
94 11
37 23
42 70
44 24
84 60
68 14
89 13
53 56
37 23
92 62
42 92
49 64
5 52
3 16
11 62
5 68
45 34
13 14
48 90
29 43
76 10
33 56
36 2
10 17
64 21
55 40
86 76
11 31
48 36
16 79
55 66
85 80
50 84
26 38
54 70
94 23
