7 100
83 4 11
5 10 18
24 13 11
97 36 11
95 3 19
64 92 16
85 74 14
43 23
70 54
17 52
54 88
2 36
8 17
55 96
98 25
66 26
95 98
53 12
7 12
62 20
89 5
92 4
25 69
10 46
26 90
80 72
29 44
57 85
30 55
90 49
36 56
65 99
91 65
59 69
48 86
88 47
89 2
51 15
92 91
6 58
55 76
60 56
56 48
16 48
38 28
27 15
77 13
93 43
34 81
33 59
95 45
87 19
31 45
2 62
64 43
24 86
29 20
96 96
67 0
43 99
2 80
96 70
78 11
86 25
66 47
90 92
34 0
29 75
52 75
32 37
86 90
59 46
11 26
62 54
8 86
48 15
69 94
15 70
33 53
67 90
47 86
9 54
26 87
58 42
36 84
99 59
96 44
8 22
79 79
4 95
49 75
30 73
81 79
51 28
50 23
54 6
48 76
69 6
63 46
83 54
23 21
70 76
61 76
3 69
62 22
95 32
25 1
