10 100
84 37 10
76 16 17
7 59 8
43 52 19
44 10 22
32 44 18
12 69 20
95 69 11
24 73 12
88 60 21
9 99
29 60
54 53
44 84
52 27
49 7
43 73
35 47
32 93
41 25
1 82
69 57
7 2
86 81
98 35
36 63
95 82
40 3
68 38
28 52
56 99
12 99
34 5
67 4
99 49
82 91
16 62
39 45
60 2
29 18
5 59
94 69
53 73
10 68
9 74
45 65
67 79
87 85
81 67
46 68
12 71
27 69
7 74
52 84
1 41
64 79
53 34
30 35
19 2
48 26
19 5
8 22
28 87
82 17
6 37
68 40
10 13
46 27
22 41
1 52
77 91
84 43
84 96
75 8
94 98
84 93
46 94
82 53
45 92
84 19
67 23
96 65
40 81
68 90
38 34
18 78
34 92
10 94
56 40
37 73
65 52
12 70
44 57
76 26
36 14
90 27
56 87
82 88
14 21
71 76
28 74
7 35
88 70
15 91
51 52
94 17
38 7
41 32
18 21
58 60
