10 100
22 90 23
48 70 15
33 15 21
15 54 9
31 75 14
20 40 14
34 79 17
94 55 9
22 53 12
6 49 17
27 60
98 85
33 30
62 98
18 56
28 59
93 34
4 80
98 53
58 23
31 60
25 84
81 31
5 34
49 70
30 6
81 73
73 2
92 75
43 19
22 20
70 68
33 17
32 39
3 35
87 49
55 54
38 66
3 76
91 34
27 74
29 58
66 49
57 85
49 74
14 66
70 75
40 61
14 93
87 60
20 37
19 72
8 40
25 39
46 57
56 17
32 20
43 82
35 84
42 43
61 49
49 15
63 34
96 87
53 49
35 8
77 74
57 77
61 32
15 31
56 52
45 17
54 43
50 32
17 32
34 67
25 99
2 17
80 98
28 29
85 71
31 34
28 8
18 59
14 89
90 65
73 1
64 85
72 33
42 68
19 67
7 30
60 40
36 5
67 42
28 25
59 76
66 50
53 31
45 1
48 51
50 16
47 1
86 29
87 4
23 58
66 30
97 64
84 28
89 19
