10 100
5 62 14
29 58 22
58 66 17
37 97 9
0 88 14
65 76 11
57 76 22
18 55 11
21 11 18
33 77 12
46 15
33 83
32 65
2 75
46 51
56 77
54 82
61 40
65 81
13 29
22 73
64 72
43 86
12 68
44 50
83 68
36 65
45 13
90 3
13 17
2 21
71 4
34 15
30 17
75 10
13 73
54 25
19 3
17 27
29 9
99 27
25 26
82 27
9 71
15 16
16 87
39 60
67 51
12 85
86 30
34 67
42 49
63 56
52 83
90 34
94 73
71 8
0 32
63 95
29 19
66 48
81 91
31 67
6 98
63 62
19 12
25 32
98 68
61 0
97 45
19 50
62 44
3 80
93 30
42 75
58 68
30 80
71 95
5 55
30 60
34 19
86 4
99 76
31 36
19 28
34 66
24 13
51 49
5 96
33 47
62 52
44 98
6 98
10 64
93 20
81 90
84 33
70 4
74 6
42 41
78 16
37 30
99 45
14 97
82 15
10 55
34 50
14 32
33 52
91 13
