10 100
35 96 10
99 80 17
8 92 21
54 95 10
71 42 21
57 2 20
52 49 15
9 59 11
3 86 17
66 80 12
83 70
99 41
61 9
60 32
35 6
85 70
77 11
60 25
98 51
24 13
75 73
35 79
47 40
48 16
57 35
87 79
99 71
85 76
74 69
9 12
69 14
91 31
11 34
65 40
85 19
78 65
44 90
73 11
92 70
90 33
43 51
56 79
97 94
52 45
35 33
88 57
1 71
79 56
90 89
62 47
74 36
72 24
3 95
11 54
91 93
49 32
64 74
96 33
11 95
56 57
99 64
66 19
14 93
15 13
8 18
45 79
92 70
24 28
15 74
45 28
40 20
30 44
87 7
57 12
57 55
19 52
81 17
16 50
80 4
74 24
43 95
7 1
7 27
97 24
58 64
8 22
41 48
77 44
47 80
0 51
19 32
31 48
41 40
52 46
47 43
12 59
34 35
61 92
39 36
68 16
63 94
41 36
2 64
61 74
23 12
82 61
25 76
52 41
61 99
93 83
