10 100
68 47 12
36 42 11
34 55 16
24 30 17
29 41 11
38 32 16
23 54 18
39 6 21
65 69 19
93 21 16
92 6
92 9
0 82
16 94
88 80
55 2
54 73
30 46
35 24
34 80
91 0
1 67
21 24
15 58
91 37
44 81
26 65
43 54
52 86
91 83
16 25
43 4
10 37
88 57
78 95
97 50
46 9
41 96
54 32
8 53
96 35
40 56
94 86
33 65
91 8
24 77
88 71
99 95
58 16
73 62
47 70
73 11
70 40
92 2
21 63
41 68
85 81
83 84
32 4
32 50
9 87
72 19
31 49
37 80
46 3
79 18
93 46
74 92
96 35
18 94
39 18
30 81
91 54
26 28
96 98
59 60
4 22
71 63
95 98
69 82
83 4
89 70
74 49
15 24
33 22
37 78
67 68
71 45
20 7
50 97
46 13
26 62
11 99
90 17
1 49
37 33
9 30
87 29
90 15
50 99
16 54
11 20
54 40
32 59
39 76
33 38
3 62
82 84
0 82
18 7
