12 100
85 11 7
88 12 11
91 54 8
42 44 11
72 92 10
9 21 5
39 64 12
93 17 11
83 27 10
12 26 10
60 74 10
78 78 6
0 69
36 64
91 33
51 17
97 69
61 71
85 20
87 33
14 0
36 12
62 30
50 56
97 34
15 12
67 66
66 26
7 18
10 73
71 27
22 77
12 71
13 91
58 58
16 84
81 87
46 91
70 95
17 72
57 31
39 71
96 85
49 0
57 68
35 37
98 77
26 65
27 89
14 16
98 7
32 31
10 27
69 59
61 25
97 71
73 55
19 39
33 67
16 97
46 77
60 63
70 32
55 7
96 95
75 62
86 23
46 62
37 19
61 26
85 32
22 88
20 24
19 38
98 55
3 95
39 36
61 32
67 98
17 85
88 96
80 54
21 33
17 33
28 91
87 56
36 47
53 23
18 23
73 37
33 28
79 21
99 31
52 32
63 96
50 36
17 74
8 22
86 13
8 34
42 73
12 37
16 48
90 25
77 62
48 63
0 8
14 59
37 63
92 83
56 30
27 58
