12 100
15 4 11
56 35 11
24 97 5
71 89 9
26 35 9
95 20 12
58 57 11
8 40 14
2 93 10
38 73 9
41 71 6
33 18 12
46 77
24 11
62 94
39 87
8 15
6 3
42 81
46 15
86 67
67 52
6 53
22 94
39 19
25 35
47 89
8 31
42 88
37 65
49 91
35 31
47 63
29 87
66 26
97 24
26 85
13 13
74 79
27 72
69 26
35 57
12 18
74 70
48 55
34 75
69 94
96 99
22 70
85 49
52 43
26 53
40 47
19 10
79 95
45 55
66 93
28 33
66 46
80 52
2 35
42 62
20 20
20 90
71 61
2 94
75 21
80 91
5 61
15 50
72 39
12 53
3 84
73 70
27 6
12 58
21 85
81 0
94 18
23 93
46 41
77 59
4 40
99 78
23 80
91 48
64 82
47 4
32 94
22 92
39 50
79 58
56 62
43 63
86 45
61 73
47 58
50 94
20 83
44 27
99 75
34 41
92 12
19 0
41 45
52 51
1 10
90 38
2 19
70 7
57 60
68 18
