12 100
20 34 13
92 79 14
54 82 5
19 73 8
59 21 14
82 51 6
72 93 6
76 50 12
49 96 9
3 31 7
81 67 10
39 89 10
36 30
62 82
39 73
88 79
66 20
57 80
42 75
87 76
34 58
92 3
78 8
78 77
71 47
41 0
82 87
15 2
30 40
86 16
36 20
13 97
40 84
10 64
89 68
49 30
51 68
31 28
31 82
65 14
67 6
52 79
95 8
23 39
73 7
18 52
35 85
50 50
48 51
54 58
61 45
99 15
81 69
55 37
88 81
15 50
76 15
35 6
96 62
65 84
38 76
36 85
66 51
89 28
91 61
29 72
0 66
47 16
97 46
6 65
1 90
48 85
23 67
33 25
4 73
88 72
46 17
83 18
55 6
28 50
74 79
53 99
50 77
31 26
24 90
95 46
51 2
73 62
4 39
2 85
78 29
50 81
47 70
61 71
3 84
37 44
34 73
67 35
71 78
82 55
15 21
88 78
19 28
64 66
50 41
2 79
15 58
10 93
32 4
48 46
73 69
52 88
