3 100
96 9 34
82 29 41
77 80 32
56 37
89 8
52 56
11 35
58 75
50 5
54 51
98 86
2 25
64 66
79 74
79 23
48 27
1 89
84 68
67 82
14 91
86 55
46 23
91 10
85 97
36 70
60 50
25 29
77 53
76 40
27 69
52 78
65 70
3 42
66 13
47 18
23 41
0 50
8 51
66 65
41 88
76 98
73 29
24 65
92 11
84 7
65 65
1 67
54 55
38 60
32 49
2 92
95 46
70 96
92 51
34 45
99 58
29 28
38 89
39 2
67 94
63 87
85 49
17 95
89 90
93 94
49 99
88 91
48 78
56 58
94 0
25 35
87 71
75 98
6 84
60 85
52 4
68 10
55 27
26 92
51 76
98 81
35 48
57 93
84 31
39 90
89 49
78 95
38 64
60 94
81 22
80 71
79 73
56 59
58 44
47 31
25 16
67 42
48 43
7 96
50 92
42 75
61 88
21 91
