5 100
32 68 39
66 24 48
79 50 34
31 40 47
14 39 35
33 89
66 30
97 51
10 32
76 56
39 89
94 24
27 51
23 93
37 97
17 14
46 29
75 69
57 90
98 75
90 85
21 38
54 78
85 55
80 20
49 37
85 64
49 48
8 77
86 43
90 62
33 99
89 14
55 87
34 3
89 43
5 38
23 93
62 52
39 15
66 61
90 87
29 36
26 81
32 10
91 55
68 97
48 17
53 39
54 25
66 98
54 40
72 40
56 50
22 99
20 85
93 84
0 76
11 83
73 98
38 45
89 44
15 57
56 39
72 19
40 27
44 0
28 2
83 77
60 48
27 19
15 19
72 28
83 53
84 24
63 33
53 49
1 19
16 65
85 56
69 99
70 77
85 3
64 15
99 56
78 1
81 28
33 44
20 23
3 13
69 87
84 4
26 51
4 54
4 57
68 52
23 61
30 92
17 57
83 37
66 55
40 8
44 74
75 18
69 19
