5 100
27 4 27
2 31 51
62 38 54
4 82 53
58 5 19
89 46
6 56
60 40
38 52
16 8
57 37
24 94
51 61
97 0
32 59
65 74
94 98
8 16
90 50
62 22
5 79
74 76
61 19
47 98
40 53
14 67
70 34
36 9
66 3
67 55
48 44
63 39
0 1
74 39
36 40
27 23
91 13
70 58
89 65
41 39
6 69
41 47
2 93
48 89
93 92
22 12
34 94
56 41
55 34
63 20
52 26
17 44
48 23
13 84
88 57
61 87
10 21
83 24
62 66
69 53
88 52
87 72
56 13
52 93
53 60
23 91
1 66
9 72
39 74
75 40
67 86
60 18
86 89
81 70
18 34
13 83
16 84
68 41
52 20
31 23
64 19
59 81
64 63
82 28
73 58
95 63
38 56
74 3
18 88
22 94
58 1
32 33
3 67
9 67
33 54
89 67
29 68
28 69
95 26
12 97
19 55
48 10
26 42
43 42
72 96
