5 100
88 52 43
61 78 50
31 31 33
26 61 55
77 84 23
77 52
76 97
17 79
24 72
79 45
88 12
90 44
82 29
42 9
49 10
85 47
68 78
79 63
92 59
7 98
63 55
57 18
86 78
83 10
22 76
69 91
8 22
54 5
93 96
78 2
26 11
21 57
62 35
22 6
54 62
70 26
5 32
78 11
17 70
33 2
71 24
63 90
27 36
28 81
20 42
76 76
52 88
11 27
0 70
34 33
58 74
9 20
13 0
50 2
22 5
5 92
84 35
90 37
85 17
93 43
97 76
7 67
84 3
49 94
59 37
50 57
13 89
10 81
56 71
77 67
57 26
56 31
25 22
73 7
3 54
5 28
22 32
17 18
66 91
3 43
32 91
98 50
97 66
28 44
95 70
65 43
10 55
90 88
68 28
96 20
82 56
7 0
92 61
38 73
38 6
97 57
36 29
64 74
37 99
83 40
25 23
80 86
75 73
24 40
85 91
