4 100
37 56 28
17 2 29
74 86 20
89 17 45
72 50
75 0
34 10
40 72
36 39
63 54
83 57
79 10
84 22
57 96
13 99
68 12
29 15
2 11
72 18
35 51
89 73
49 82
20 1
33 86
45 92
52 57
56 0
31 67
71 52
27 43
46 49
13 86
3 68
66 69
95 99
18 69
78 20
79 24
99 64
58 17
24 36
92 50
8 66
77 80
46 80
93 89
4 19
11 1
52 34
93 5
76 37
14 79
60 47
62 14
45 27
51 61
88 66
77 75
86 9
33 40
95 48
45 45
17 75
18 1
17 23
35 81
64 95
11 65
15 29
47 48
60 87
75 98
91 66
47 87
98 35
31 70
25 44
90 22
8 28
78 32
98 36
7 37
13 8
71 27
97 34
54 21
26 21
95 48
45 51
3 44
24 14
94 81
90 2
57 21
65 98
27 42
56 74
6 28
22 37
43 37
14 21
90 35
40 70
98 24
