4 100
54 18 34
93 52 23
50 11 29
60 53 35
63 71
0 91
3 28
98 50
32 42
87 81
17 29
50 7
57 33
64 79
88 13
8 40
83 3
37 65
18 19
32 26
33 4
92 79
52 86
93 7
27 33
83 9
80 16
23 4
50 81
44 17
36 62
11 73
68 35
5 34
96 86
61 41
94 46
5 35
47 90
37 80
68 53
57 67
65 72
70 30
94 28
92 15
7 12
99 85
16 13
47 56
67 57
68 24
58 1
92 63
7 59
91 20
67 46
57 36
71 31
87 5
32 91
37 0
77 23
58 60
45 85
93 29
59 55
9 22
27 53
91 75
56 36
68 80
86 93
99 50
4 44
95 87
78 28
48 35
52 47
97 4
93 9
39 16
95 50
45 98
89 25
19 73
91 79
18 32
44 87
50 96
83 24
94 24
3 88
41 96
80 70
89 39
97 40
22 33
85 55
22 25
39 23
98 90
65 77
97 72
