7 100
26 75 16
40 43 16
31 40 19
32 66 30
59 49 29
77 59 20
37 22 24
62 92
27 94
91 90
35 94
68 95
41 90
93 20
40 80
39 61
12 99
17 65
68 64
34 4
87 12
61 90
61 87
16 97
6 26
34 82
60 45
15 91
46 5
41 11
91 45
96 27
99 70
45 8
90 23
2 15
27 35
50 46
6 46
75 31
27 24
4 7
58 13
81 45
24 91
21 63
64 2
93 98
80 21
50 37
54 1
59 28
4 3
74 68
10 53
42 86
13 61
44 77
36 48
98 46
36 62
26 51
81 8
56 84
44 80
15 32
64 68
68 38
74 82
83 71
91 18
30 82
47 63
50 33
17 48
68 26
39 14
74 3
59 72
77 11
4 89
5 63
80 2
1 22
29 98
8 2
53 35
67 96
34 22
2 97
56 74
56 47
26 2
15 81
1 86
79 6
50 55
62 94
13 40
57 7
98 75
1 9
73 86
42 43
21 89
80 46
50 9
