7 100
22 34 26
16 22 17
67 23 13
80 15 21
31 84 22
83 54 25
83 18 28
17 10
92 7
6 74
13 94
97 91
93 83
93 67
52 68
84 85
41 8
95 81
49 59
1 81
48 52
18 4
10 73
47 97
41 50
75 12
49 93
13 59
25 14
21 30
88 64
58 9
91 10
61 70
1 69
77 64
98 72
66 10
21 39
46 76
50 70
20 66
45 21
39 73
29 61
87 21
34 48
41 64
75 14
77 90
97 28
46 17
81 82
83 73
99 78
94 41
36 92
3 12
66 47
90 72
33 50
57 21
20 0
63 1
34 8
29 48
64 32
16 91
59 68
10 51
17 59
4 26
32 66
28 13
86 88
34 40
29 54
66 9
32 54
7 16
15 31
76 89
69 8
76 44
48 54
67 19
16 53
65 58
7 22
62 74
74 23
74 44
51 7
33 8
54 56
7 48
94 50
40 14
89 3
97 24
3 15
12 67
27 98
52 30
90 61
21 12
67 32
