7 100
37 73 32
31 62 20
18 52 13
68 57 22
35 52 12
26 24 30
42 56 25
97 40
52 69
33 6
22 14
73 86
76 52
21 51
71 17
94 77
56 17
12 98
59 19
95 25
9 76
26 23
17 70
40 32
68 9
93 10
77 74
87 68
10 69
73 65
30 37
7 41
3 88
5 11
33 73
41 45
6 17
7 35
56 85
73 17
47 46
76 62
59 29
89 20
56 77
50 58
83 97
63 74
69 72
73 41
87 3
60 61
7 38
87 84
99 65
89 91
80 47
45 14
75 90
89 10
89 20
91 52
54 22
11 4
95 16
71 32
47 30
92 83
66 84
27 56
2 19
95 62
23 29
75 63
36 65
41 58
59 46
88 55
40 88
48 42
75 83
35 72
49 93
78 45
38 66
40 31
24 42
22 54
14 99
89 37
59 14
37 43
92 91
95 20
10 97
37 6
83 15
64 70
20 34
52 44
24 96
69 67
31 3
98 13
70 11
80 27
98 82
