7 100
43 20 16
57 72 20
70 74 24
56 61 12
74 16 23
38 80 24
28 38 31
57 67
31 78
22 42
76 50
85 61
41 23
58 94
62 47
62 89
73 17
39 35
28 7
60 51
58 92
30 80
92 4
45 87
68 95
85 66
91 96
72 80
80 25
11 86
83 40
3 53
17 39
74 13
49 23
59 78
59 68
80 72
92 83
68 24
13 55
8 78
59 15
9 1
97 13
76 3
2 63
87 57
33 75
57 47
87 41
64 43
75 70
31 10
95 68
45 14
57 36
83 82
48 84
26 52
65 35
40 1
11 54
57 76
82 89
37 44
90 44
60 39
49 86
19 3
4 32
85 65
53 85
7 53
41 91
55 85
3 78
10 25
83 50
36 33
15 89
38 50
11 37
30 70
56 61
18 49
67 20
31 69
83 53
69 54
21 0
77 87
52 77
49 24
48 95
42 4
31 80
49 58
32 83
70 23
67 18
27 79
97 31
95 17
1 79
97 48
13 58
