7 100
17 80 15
30 73 32
55 37 14
28 67 24
42 53 26
82 59 14
22 59 27
45 71
29 1
60 77
65 89
85 8
14 4
60 32
38 15
81 80
59 55
4 99
95 71
40 2
21 51
82 18
4 43
22 40
69 83
53 46
33 58
29 84
81 8
20 98
18 75
77 20
80 43
6 10
51 39
87 35
58 69
95 2
55 16
35 50
58 34
75 20
35 20
5 48
75 58
78 4
19 88
29 37
76 44
15 85
15 60
11 48
65 61
4 66
64 97
17 51
90 90
92 23
94 31
28 25
6 38
48 80
13 43
84 30
69 68
27 13
4 82
28 0
29 75
71 85
3 65
9 70
8 87
57 57
75 64
43 2
70 45
18 75
73 20
40 28
63 54
96 67
85 44
34 63
59 6
54 54
47 93
84 28
22 33
82 44
54 79
98 12
60 20
22 25
9 17
34 94
36 48
96 98
9 59
91 29
16 53
99 98
9 32
70 31
64 0
95 23
65 23
