7 100
76 35 13
71 72 29
40 73 10
50 41 24
22 29 24
29 17 30
50 68 26
1 26
24 47
1 48
19 19
96 6
12 0
32 37
43 50
77 59
54 49
79 22
88 65
61 20
81 53
80 95
69 59
63 30
12 99
30 58
47 91
15 22
49 43
63 3
40 69
49 23
11 7
61 17
13 51
41 26
84 60
24 30
95 99
84 46
55 71
46 30
50 7
40 58
79 42
31 96
89 37
36 36
13 21
46 65
71 58
87 47
94 69
42 96
24 72
63 59
82 98
10 40
42 94
4 17
91 61
46 50
82 93
24 33
43 63
18 78
87 44
66 12
98 39
65 76
29 50
64 79
58 61
73 79
5 85
54 11
53 12
40 67
49 35
42 29
31 58
69 12
72 20
36 24
27 83
94 15
31 33
37 56
23 79
38 64
72 74
56 97
4 72
47 56
52 23
39 61
84 4
34 18
23 41
41 84
89 22
3 1
95 95
15 62
81 90
12 45
63 10
