7 100
65 25 19
40 34 11
26 80 27
26 23 18
31 30 25
65 50 26
55 33 28
11 68
17 74
78 63
96 44
97 95
62 7
63 2
22 92
69 4
38 20
19 24
63 37
52 94
43 45
8 99
73 52
57 40
68 94
86 19
78 77
28 16
51 72
17 33
17 36
15 16
65 87
2 4
24 95
21 43
87 34
33 39
19 95
57 23
71 40
99 8
74 97
22 23
14 49
27 29
35 57
87 97
41 94
66 46
66 35
92 98
64 50
18 72
80 65
7 27
12 28
73 64
99 83
54 94
30 25
60 65
53 75
22 57
85 22
57 3
5 6
11 44
3 24
63 19
15 0
74 32
70 43
81 75
13 50
53 41
7 80
52 40
67 50
61 25
93 40
17 89
10 42
93 22
95 55
53 79
88 66
33 98
38 40
9 78
49 7
43 71
14 49
42 24
92 25
96 96
56 34
74 25
68 93
56 63
30 5
46 28
34 44
49 36
93 99
5 51
48 52
