7 100
28 26 21
38 48 31
40 30 14
41 47 16
69 49 28
53 52 20
21 80 24
98 7
46 63
25 77
35 3
62 29
70 86
52 41
8 95
38 19
93 76
21 86
70 29
62 70
16 47
45 57
95 31
88 95
12 52
25 45
80 72
70 98
71 37
49 88
24 30
62 56
79 33
9 60
41 96
99 53
20 19
68 96
82 77
42 62
51 87
72 13
1 70
2 48
63 8
33 52
14 26
58 52
60 65
20 57
90 2
93 46
64 48
46 96
16 22
96 74
12 57
0 43
41 27
21 58
2 48
38 27
75 55
22 76
28 81
74 55
1 51
6 18
90 24
86 51
80 25
90 82
29 48
27 61
35 8
39 49
37 16
55 76
39 40
70 77
91 34
78 16
92 74
32 52
86 65
85 56
3 35
27 54
43 28
6 7
1 88
88 18
57 7
68 55
42 2
78 6
95 72
29 62
82 66
7 67
20 9
60 78
89 40
10 45
77 89
29 67
66 18
