7 100
56 35 16
82 45 24
28 35 28
57 71 26
19 44 17
44 20 22
57 28 17
79 67
55 66
5 8
88 70
59 14
61 71
82 30
62 28
7 52
71 91
12 70
96 67
96 30
13 84
44 75
85 29
26 34
98 24
89 9
73 12
60 39
73 8
52 16
38 98
92 22
5 25
74 19
67 47
96 94
24 42
63 17
97 33
61 82
8 9
61 75
32 61
54 74
4 59
9 54
87 45
78 72
70 68
81 47
7 93
46 81
80 90
76 48
80 12
7 28
64 79
67 90
53 54
10 96
18 37
72 27
37 70
51 43
65 50
37 94
48 65
90 5
21 51
39 7
52 43
48 88
60 74
0 26
13 87
60 11
90 41
66 33
29 73
20 41
88 60
21 13
35 89
39 92
65 6
74 46
79 85
11 58
10 20
57 29
49 86
7 31
97 77
43 74
75 65
65 86
20 89
68 73
68 9
71 31
46 90
97 88
28 42
63 24
87 28
37 56
83 12
