7 100
51 44 29
24 60 16
29 45 13
47 81 23
39 83 28
43 42 26
67 39 18
49 56
12 99
65 78
89 48
10 90
36 77
91 0
78 90
89 78
66 39
26 24
21 21
2 59
84 75
31 9
0 83
25 96
17 90
8 33
2 16
1 90
21 62
46 76
83 72
76 45
85 28
32 19
2 53
8 98
72 28
19 36
2 75
8 10
24 55
18 25
36 62
50 4
97 27
22 67
98 40
15 94
35 22
8 39
58 7
27 38
68 56
3 65
43 17
44 87
60 62
49 82
76 28
80 48
21 84
95 81
65 28
27 66
87 10
28 21
90 42
39 32
81 6
96 83
17 63
77 51
1 52
43 88
69 17
75 94
95 93
73 73
36 14
56 22
48 14
13 78
11 91
75 89
86 61
59 99
72 96
60 33
36 88
7 63
74 20
90 84
97 82
89 60
33 14
87 9
51 66
34 92
50 51
38 69
1 76
60 65
40 16
2 98
18 29
54 59
88 59
