7 100
15 49 17
64 42 32
60 55 11
38 53 22
63 84 30
59 33 19
24 75 25
81 81
6 27
98 60
45 17
10 53
53 11
60 7
50 65
70 91
0 3
9 92
74 58
55 63
52 97
69 90
98 59
80 91
82 39
67 29
39 76
1 27
79 63
90 46
17 39
60 58
13 2
38 44
28 5
83 26
78 36
8 96
26 57
41 75
96 54
89 58
63 98
10 45
95 63
82 62
60 90
90 13
85 68
76 54
63 18
91 36
73 61
41 97
3 26
33 89
33 9
71 78
86 54
83 91
97 92
53 10
9 31
97 40
11 13
34 36
45 96
34 3
54 54
3 95
48 25
34 89
6 9
53 57
30 58
19 30
65 64
19 0
66 54
37 37
5 19
1 84
86 54
3 38
86 47
76 33
8 65
17 47
62 55
84 90
55 79
23 20
82 8
53 85
0 57
29 94
94 62
69 42
44 56
71 0
60 23
48 48
59 61
27 74
34 7
88 98
62 34
