7 100
25 28 33
43 75 19
58 43 35
73 46 18
51 46 14
83 34 19
46 68 15
65 98
52 52
79 37
8 18
4 53
52 57
46 46
19 24
24 16
60 8
60 80
48 3
24 61
36 56
49 99
35 54
69 2
94 58
67 84
22 29
14 0
58 3
97 42
43 94
43 91
48 69
81 7
72 13
83 84
40 85
46 89
81 78
74 25
33 6
60 15
83 20
69 47
65 93
84 6
70 63
52 40
17 61
23 44
65 13
31 72
83 62
8 77
23 64
73 9
11 5
9 16
59 58
29 96
12 74
30 45
62 21
38 73
91 27
32 93
44 52
64 73
3 63
86 41
84 69
80 18
22 24
94 21
56 77
20 82
96 46
68 27
95 10
48 29
13 16
52 78
31 31
90 48
51 72
27 70
90 27
50 98
45 3
47 76
71 60
22 69
75 83
40 28
39 46
12 7
62 91
61 2
27 29
96 5
71 18
39 14
99 75
90 10
49 19
59 1
23 18
