7 100
45 37 28
47 25 28
33 82 29
43 76 16
44 39 12
39 33 14
50 50 27
61 76
5 27
59 31
47 48
71 90
56 85
2 8
29 59
66 86
0 4
32 2
50 60
27 95
42 33
30 14
10 82
46 58
7 85
18 80
46 45
37 56
51 73
46 3
12 69
56 16
11 84
40 8
29 40
79 88
79 34
74 51
83 77
65 69
56 6
34 23
87 4
25 15
54 10
61 41
26 68
16 88
98 12
48 92
76 60
42 12
41 64
85 16
85 13
76 98
20 5
24 29
56 56
0 84
21 79
99 58
86 96
80 78
79 66
89 31
51 64
41 16
14 78
97 38
72 37
3 79
10 71
72 39
81 88
36 31
29 54
80 5
38 71
51 26
62 93
16 94
14 26
73 24
10 67
26 98
89 86
52 45
88 18
60 68
23 54
97 92
78 43
62 93
46 39
52 42
37 43
86 40
62 23
91 27
93 49
75 96
16 87
51 2
62 12
13 85
39 16
