1 100
19 71 150
9 74
47 92
64 25
86 43
90 14
62 98
90 27
74 23
4 42
34 32
49 18
85 18
69 17
88 65
96 86
55 81
47 21
74 37
13 70
18 64
10 41
0 39
35 56
48 29
58 32
35 94
52 28
27 20
2 86
61 24
37 6
27 22
39 96
48 25
66 1
88 53
33 22
18 43
15 5
60 21
90 46
99 50
29 83
7 67
96 4
22 68
73 15
15 95
44 88
95 69
65 72
59 95
45 3
39 14
36 72
46 92
61 89
25 58
90 62
98 81
12 94
72 48
89 72
78 65
14 72
9 91
93 17
86 53
0 6
4 7
41 75
79 7
22 61
67 8
23 25
83 78
12 13
32 23
41 96
58 53
68 23
80 76
52 43
52 10
19 76
99 82
90 53
58 40
74 76
74 8
22 27
68 95
4 0
72 1
99 51
42 59
57 35
1 22
97 95
86 35
