1 100
57 69 157
12 84
16 72
81 78
24 18
53 66
15 12
21 58
58 94
98 56
73 80
19 56
55 40
67 41
19 66
68 30
28 17
87 5
17 32
94 92
89 58
23 94
87 0
49 90
26 28
72 28
65 6
38 76
65 89
95 6
57 69
30 18
33 78
46 6
50 28
16 17
85 75
24 53
68 99
52 20
29 88
67 36
0 80
14 74
11 11
90 26
68 59
13 15
62 27
51 51
35 85
31 44
88 91
40 44
55 19
87 35
39 62
81 96
65 85
37 3
43 44
11 94
51 1
10 29
76 15
80 42
71 22
96 84
48 35
62 26
41 34
82 79
20 14
85 19
24 5
65 11
95 93
12 83
21 90
2 2
11 50
55 33
58 11
7 86
84 34
69 23
84 15
54 66
16 85
71 52
82 42
64 20
11 8
79 66
91 79
71 97
34 2
85 48
4 97
53 52
55 19
