1 100
51 76 150
53 26
8 84
22 66
8 75
13 75
39 16
27 56
54 41
8 92
12 67
10 71
7 52
65 21
61 10
30 42
48 84
57 2
89 15
28 12
25 45
82 95
57 96
3 1
66 71
73 85
10 57
68 0
82 38
12 4
99 5
65 78
70 80
56 11
86 70
88 51
50 11
27 18
11 57
59 11
72 62
85 98
55 95
31 66
9 60
44 67
55 81
95 85
83 31
40 62
67 93
23 28
81 3
63 81
85 64
38 65
24 22
28 50
91 47
12 92
65 70
7 79
25 40
96 73
84 92
77 35
82 69
56 31
20 41
77 87
44 36
18 91
99 88
3 55
69 17
98 34
26 9
45 42
53 83
64 71
66 9
66 41
97 58
52 33
67 58
30 82
45 79
97 48
15 67
24 61
53 27
27 56
10 86
39 53
65 49
5 93
83 87
88 78
69 43
98 44
99 90
