1 100
38 42 150
8 64
8 55
13 23
19 80
4 76
6 37
4 29
49 33
88 4
80 56
81 32
37 23
36 25
42 91
69 0
52 75
91 65
78 31
56 94
89 92
34 33
93 27
68 4
84 61
59 15
50 82
48 73
64 69
69 89
83 26
50 91
25 67
20 58
72 48
54 15
65 77
42 60
67 55
20 28
36 24
45 93
23 11
19 72
3 28
3 93
43 71
12 73
22 59
40 89
41 96
40 7
79 43
85 74
43 1
86 75
32 85
71 63
10 63
15 47
99 26
59 64
60 31
82 11
80 10
99 34
98 37
15 74
62 24
82 89
59 14
88 7
32 4
57 91
26 50
65 73
64 11
42 87
50 21
99 69
74 43
85 99
54 49
80 90
97 60
56 76
40 86
59 50
36 16
24 33
57 65
80 43
31 36
61 76
0 46
84 90
99 36
91 21
53 50
58 38
65 26
