1 100
75 40 184
14 31
63 49
58 76
80 55
53 32
9 56
25 80
18 72
62 59
27 56
42 65
66 84
90 78
38 56
28 38
12 44
33 26
86 11
48 25
87 55
16 70
53 77
23 68
85 18
42 58
53 89
42 30
27 43
48 5
39 54
36 92
39 0
93 94
42 92
6 64
67 64
54 88
17 84
7 10
58 10
70 58
39 21
38 71
80 60
7 48
16 66
8 2
16 62
76 53
64 51
39 78
23 49
31 20
43 45
33 72
88 75
28 39
85 84
25 82
18 64
45 72
45 43
4 83
88 14
78 55
17 55
85 96
23 28
98 82
43 35
44 44
73 34
43 66
78 39
5 38
21 81
7 77
8 59
40 64
90 81
48 90
28 63
13 72
7 48
11 77
94 61
7 67
97 26
13 61
85 65
41 7
32 22
18 10
22 29
96 9
37 6
79 37
16 62
64 23
34 10
