1 100
74 65 150
40 57
25 62
78 4
95 1
57 75
0 99
0 36
71 80
91 44
84 93
97 87
8 15
67 83
27 8
34 38
88 49
91 60
38 20
12 14
77 67
32 58
70 89
76 36
29 67
36 57
94 78
41 61
66 12
0 96
36 23
91 18
58 62
50 86
24 70
99 87
30 93
87 49
55 25
94 60
8 54
46 94
75 10
14 12
19 17
53 83
62 94
46 88
0 6
5 9
17 51
50 26
53 5
97 63
83 61
50 62
12 56
41 20
18 87
87 36
87 18
26 84
46 43
80 54
9 4
44 13
84 29
78 78
55 92
40 11
24 2
84 69
91 81
44 32
41 39
76 5
98 64
54 43
32 43
2 45
36 92
60 7
98 22
55 66
70 41
63 16
81 21
58 74
49 89
24 45
76 31
13 47
1 60
25 72
10 94
23 72
64 78
21 76
29 5
1 6
5 1
