1 100
19 14 110
27 26
83 87
50 63
10 77
29 4
21 54
50 99
26 18
3 10
3 43
93 40
78 8
69 50
91 90
27 38
29 39
40 65
10 59
60 76
92 37
88 26
51 27
60 20
44 71
39 30
53 27
76 47
16 66
31 18
21 19
15 4
31 11
41 51
33 56
53 24
40 27
18 37
5 84
26 68
42 15
26 52
16 59
61 26
5 74
90 35
0 31
61 5
35 9
11 84
1 58
83 40
38 63
98 85
86 18
59 14
29 34
99 94
72 5
33 96
21 56
72 43
76 10
48 7
19 90
48 71
31 6
11 11
48 59
39 95
15 12
60 47
7 2
75 37
28 36
94 18
25 77
99 81
45 27
47 80
37 53
2 88
59 73
49 94
85 66
12 71
71 93
69 24
85 17
43 77
9 99
84 69
95 35
30 50
48 37
47 98
20 53
41 28
29 93
27 13
88 41
