1 100
66 95 117
23 74
84 29
14 69
9 9
28 32
27 87
80 75
35 15
84 10
76 73
70 26
86 53
55 82
24 73
48 14
97 42
1 33
55 10
58 76
89 72
5 78
51 47
35 33
40 31
27 30
43 30
8 38
3 75
15 6
11 20
2 86
74 79
81 92
65 63
92 32
62 37
52 5
53 11
8 29
39 2
40 24
48 1
81 60
8 72
12 61
9 46
0 8
50 79
63 0
9 0
85 55
33 24
22 52
90 82
52 64
5 42
81 10
44 54
27 2
10 90
92 51
1 97
79 41
29 56
39 2
55 96
61 4
12 97
14 49
74 69
4 37
91 92
15 18
91 98
26 95
54 65
19 40
70 18
36 78
40 10
91 9
21 61
8 52
55 84
36 7
19 12
21 49
44 15
91 77
37 46
48 61
99 15
25 34
31 77
58 55
21 84
8 32
8 79
97 66
63 29
