2 100
69 35 124
85 53 57
77 89
15 27
66 5
52 95
60 46
93 81
72 43
15 97
1 78
35 13
38 52
33 9
76 50
76 12
41 3
30 72
66 32
24 33
39 94
68 87
81 35
29 76
9 92
60 0
94 64
71 77
9 11
70 35
48 4
31 61
30 42
54 2
98 23
50 38
13 48
23 84
32 16
58 60
24 82
5 69
74 33
58 64
78 32
36 5
63 6
72 47
13 38
33 20
27 63
45 4
43 55
82 42
91 98
19 32
4 62
27 14
94 30
21 40
89 97
94 43
18 7
5 39
4 39
76 7
93 92
53 72
64 55
84 2
75 14
30 92
17 85
51 8
94 82
69 60
4 25
44 7
47 91
20 76
88 15
67 98
81 59
92 87
41 24
72 99
97 29
27 2
59 23
56 53
83 76
26 25
32 55
76 62
69 2
74 1
68 28
70 95
78 31
11 27
56 33
49 31
