2 100
16 13 112
0 65 68
19 69
71 79
93 53
22 81
68 69
31 25
6 91
54 48
78 16
1 41
72 54
81 57
2 97
0 22
88 35
67 81
14 24
47 55
57 79
89 18
37 18
82 40
56 5
40 77
39 40
64 12
47 87
10 97
30 54
88 71
88 9
13 80
28 0
83 43
94 9
56 22
60 0
30 18
28 69
84 5
33 46
9 28
23 3
17 6
72 12
97 12
78 83
82 77
48 14
60 88
33 67
15 66
31 97
82 63
15 92
97 56
72 55
18 75
68 94
78 76
10 94
48 80
6 67
38 62
72 30
56 64
14 75
60 43
6 97
7 14
57 70
47 38
84 2
33 69
40 15
30 27
74 47
5 51
39 81
22 40
99 28
96 74
21 61
62 92
32 93
15 44
42 97
7 73
48 60
24 77
1 79
98 98
12 70
21 28
40 78
55 82
59 21
34 91
9 18
67 99
