2 100
22 72 75
85 32 115
17 7
97 68
65 62
44 41
18 17
65 93
10 84
77 0
23 38
25 8
55 12
24 58
65 66
50 73
10 75
38 24
51 84
89 12
71 68
35 8
88 10
34 35
31 74
46 59
23 94
20 45
59 22
62 92
95 42
61 73
23 35
71 47
82 15
19 6
2 27
36 44
54 5
34 66
55 33
43 61
36 68
99 20
89 53
27 35
16 88
84 52
99 41
35 43
43 53
86 74
27 42
42 9
9 76
32 6
72 82
14 95
53 83
72 81
2 82
54 49
95 63
59 83
54 16
10 74
74 12
40 34
4 98
72 3
4 80
48 54
35 83
29 14
88 92
97 96
91 17
72 29
37 46
24 31
82 67
91 38
37 20
73 94
98 69
83 9
84 96
51 26
48 99
11 17
90 58
27 92
44 85
42 88
78 88
38 66
0 37
62 97
86 64
52 23
5 51
18 54
