14 100
32 98 11
92 35 11
94 69 17
2 63 14
83 79 10
33 29 14
71 79 14
45 90 6
72 40 14
56 25 14
37 60 8
46 10 15
14 0 11
58 26 13
20 22
17 44
68 43
28 66
33 32
82 75
42 93
0 16
29 14
34 59
36 84
69 21
99 73
41 23
15 96
99 76
33 31
11 45
95 54
98 29
21 88
6 34
14 79
14 67
71 89
30 2
26 57
25 95
74 73
15 25
42 69
73 57
99 51
98 91
91 47
9 72
77 57
41 84
31 34
25 82
0 60
44 37
75 78
88 44
92 28
94 88
22 84
11 22
82 64
43 42
31 2
93 29
50 48
69 65
33 37
38 57
76 70
13 93
52 46
49 11
13 64
13 80
70 77
57 14
0 17
3 11
70 70
92 1
22 99
26 14
3 12
27 31
86 30
92 68
41 53
73 39
93 54
75 90
42 19
86 59
1 66
22 37
44 37
86 96
41 94
46 17
53 0
48 78
90 73
61 78
29 9
91 41
33 79
79 35
72 17
35 33
48 84
99 95
68 46
48 30
