14 100
59 61 10
42 11 9
94 99 11
4 95 15
86 69 14
7 84 14
19 52 15
58 90 9
16 62 7
4 38 13
1 73 16
77 12 14
2 47 11
6 15 6
11 38
78 28
28 50
88 54
46 13
80 34
36 55
26 86
21 90
60 7
35 31
20 37
28 40
71 33
11 81
58 63
57 95
1 71
61 30
89 32
72 48
87 47
59 48
22 33
5 79
53 93
59 65
18 0
32 83
98 99
20 91
61 5
41 24
43 19
67 53
86 49
36 45
63 53
89 42
91 19
73 66
30 27
23 34
94 94
11 31
11 96
63 70
33 31
69 50
98 65
4 84
68 47
25 87
35 29
39 10
59 94
59 35
67 46
56 29
83 20
2 52
84 91
22 8
63 45
14 49
93 25
45 13
99 76
33 19
76 78
6 42
83 49
33 74
72 85
29 48
56 59
43 90
29 24
34 61
59 29
50 21
6 59
70 50
51 45
13 36
39 55
7 91
85 11
64 64
61 93
95 10
81 68
51 61
10 75
75 52
83 78
66 20
36 85
34 60
93 84
