14 100
21 17 18
31 71 13
16 62 18
36 5 9
9 61 13
6 95 18
33 76 11
26 69 8
55 39 7
61 60 10
86 66 10
12 51 10
27 22 14
45 74 14
91 39
35 89
12 9
13 51
44 72
64 21
78 11
80 10
43 83
66 66
26 13
45 39
10 63
77 95
85 97
40 89
68 25
95 75
90 8
86 31
35 41
49 93
88 36
50 24
23 23
83 35
1 35
50 13
33 40
32 9
91 36
67 11
39 63
54 71
0 91
4 9
80 58
94 35
49 91
11 78
53 45
5 55
39 6
99 67
18 88
35 32
30 36
29 33
22 11
95 91
34 18
80 20
64 93
5 59
55 39
95 97
49 79
1 35
59 74
4 39
75 53
27 8
79 78
64 93
33 0
22 69
31 81
3 57
35 47
77 39
19 69
3 87
71 60
67 72
55 71
10 56
51 67
3 33
56 52
29 79
15 97
2 87
71 93
65 21
97 91
1 95
5 39
56 58
48 84
8 50
78 41
84 47
30 21
71 2
21 3
44 43
69 37
94 63
26 76
30 21
