14 100
94 54 10
18 52 13
18 4 17
67 56 12
3 71 13
72 88 9
66 30 14
17 11 7
87 56 10
16 84 9
87 12 14
26 9 15
82 96 6
1 13 15
54 53
27 16
37 21
79 53
62 91
97 99
82 39
2 45
90 51
68 69
62 70
87 23
49 65
55 69
59 3
95 85
22 90
29 4
97 58
15 86
42 71
76 25
67 25
19 95
39 66
67 91
61 40
58 28
39 93
62 15
95 52
58 27
57 2
42 47
73 90
52 17
65 51
76 83
23 28
26 6
82 31
37 61
69 86
25 37
73 35
73 83
63 78
81 22
95 79
94 3
7 4
81 74
33 33
59 82
80 15
92 83
34 70
61 15
92 2
14 55
40 48
71 72
31 93
33 10
43 13
6 86
10 97
12 64
58 36
21 34
90 26
81 70
78 92
71 3
10 52
9 6
62 4
8 74
30 6
13 31
51 34
36 87
67 86
21 11
80 82
2 87
68 0
15 66
82 35
52 6
17 80
95 57
39 68
79 46
16 36
40 87
64 23
6 63
52 81
37 98
