5 100
9 47 35
9 48 28
11 75 28
86 49 29
37 90 32
18 60
29 34
20 46
29 76
92 29
56 11
96 17
38 9
8 71
29 5
9 46
35 35
62 86
86 45
39 45
39 72
93 50
22 58
37 75
17 30
83 42
55 3
47 27
7 41
14 21
22 23
31 21
13 98
38 58
52 47
46 99
52 12
22 39
30 76
0 17
87 32
21 35
66 94
59 17
26 11
85 88
84 15
54 63
61 0
38 42
33 39
48 17
89 57
28 99
42 10
14 19
86 43
9 69
69 26
59 10
40 56
79 95
53 60
22 46
34 81
29 21
26 64
39 98
93 98
69 81
7 76
64 40
44 82
24 59
59 20
94 0
2 48
82 44
84 50
15 1
2 19
73 0
80 2
80 41
10 34
3 39
99 62
62 51
83 20
99 28
95 36
50 58
3 68
34 64
28 34
15 97
13 23
26 9
19 10
24 11
76 88
94 8
24 31
52 3
27 2
