5 100
91 6 33
15 24 29
87 41 39
1 78 28
63 78 25
14 56
50 4
0 48
18 95
73 87
2 88
85 56
62 3
72 45
92 55
72 3
22 44
11 0
92 29
26 49
9 55
20 51
56 81
64 99
48 39
27 14
38 56
3 28
21 4
67 50
44 48
85 77
77 63
25 56
66 44
7 49
35 69
92 79
17 27
6 96
1 70
0 55
77 59
49 81
5 25
95 76
3 36
61 69
53 55
83 86
87 49
83 18
79 66
49 27
41 81
43 30
35 54
80 41
10 95
85 60
93 12
12 5
80 27
32 78
88 27
42 17
2 78
81 62
48 54
52 34
84 47
66 32
18 10
70 48
92 10
93 34
92 21
30 86
17 34
3 77
64 61
86 36
86 78
90 71
63 89
68 22
64 36
22 62
80 90
62 94
0 61
60 4
85 83
93 34
42 24
23 48
4 38
89 13
24 36
95 14
56 21
2 46
50 98
93 68
6 90
