5 100
65 16 16
32 30 36
5 46 41
14 7 41
44 26 17
38 71
30 19
38 50
16 99
86 13
2 84
61 75
21 6
41 7
41 87
61 9
18 63
91 12
95 20
83 15
23 33
45 35
35 0
76 74
80 13
54 3
61 20
87 38
74 24
32 9
66 64
5 63
33 69
38 40
20 0
95 20
25 64
53 37
52 25
21 33
65 34
81 37
66 48
45 47
91 49
85 25
69 90
46 57
47 67
31 38
13 68
59 7
29 94
97 62
50 27
62 94
57 47
86 32
66 55
28 26
20 66
4 71
16 11
25 20
76 36
35 55
24 28
25 24
12 48
62 92
68 1
38 94
39 14
21 15
91 62
26 84
53 13
55 84
76 7
2 49
95 24
51 93
47 16
21 96
15 14
41 60
39 83
59 42
75 70
78 23
66 71
77 41
12 11
15 60
51 88
30 48
74 64
38 23
95 22
19 55
4 24
93 28
34 7
44 32
93 45
