5 100
79 95 31
38 60 28
1 44 34
98 36 30
3 64 28
36 21
77 49
18 18
16 99
66 36
18 25
35 51
33 28
22 33
27 27
40 86
70 87
26 48
32 85
68 40
36 93
39 72
94 30
53 28
34 22
59 4
81 94
3 81
56 78
62 44
70 73
17 38
35 7
26 39
3 80
7 54
66 48
99 49
39 95
3 61
57 61
67 8
73 96
17 32
15 47
9 86
67 41
87 95
62 16
92 1
88 19
49 94
2 69
52 67
26 96
37 52
77 76
76 60
17 86
52 44
65 61
70 16
8 7
59 89
77 34
15 13
40 91
16 57
13 0
13 85
89 47
82 88
58 4
37 75
33 69
77 60
96 13
79 32
0 58
45 78
15 35
96 77
74 3
12 42
43 45
66 16
89 52
76 25
84 98
86 22
15 43
62 47
40 34
18 86
23 41
75 76
17 90
77 84
12 42
74 91
5 38
74 8
48 38
36 48
14 58
