5 100
39 7 39
9 65 18
18 3 17
67 30 33
39 63 44
35 75
47 76
64 13
96 73
57 30
50 26
76 34
69 90
61 23
7 96
46 65
31 33
80 66
87 63
6 37
8 1
59 34
17 76
75 43
42 37
85 36
46 16
27 53
3 85
63 37
14 23
2 36
51 31
6 77
29 57
85 1
52 20
84 22
26 69
31 47
97 47
45 84
86 70
54 68
75 22
30 3
77 35
47 35
37 10
75 41
31 87
17 27
15 68
94 89
87 47
80 38
6 42
40 10
17 38
53 83
46 83
60 3
60 85
68 85
52 8
82 23
24 32
84 74
17 20
42 26
40 61
89 18
66 42
1 45
36 77
79 13
84 91
36 8
50 3
73 89
84 49
46 60
13 78
51 26
9 66
42 28
38 1
22 64
82 76
57 96
40 66
82 11
3 21
11 28
44 2
86 29
78 34
67 61
28 72
63 54
18 74
43 61
15 26
88 95
50 21
