5 100
88 2 33
79 10 25
48 5 44
77 24 33
85 5 16
45 36
83 8
56 43
70 62
59 2
28 37
0 34
51 11
74 15
6 27
82 11
72 62
1 84
16 25
42 78
25 29
30 91
44 65
27 66
99 77
36 0
26 92
20 75
36 85
68 51
82 24
54 14
47 43
14 89
76 75
81 42
0 20
84 25
18 18
79 6
66 55
22 95
77 11
11 96
36 60
89 60
36 53
39 78
40 89
35 29
43 53
12 90
34 39
42 95
60 93
28 72
78 81
46 78
48 64
66 0
31 66
56 43
91 3
56 26
58 46
55 61
46 51
50 34
98 42
95 1
85 62
68 61
48 5
57 75
36 92
99 6
9 19
51 94
56 84
43 15
35 76
4 94
45 40
88 26
20 56
63 15
97 11
15 39
46 21
28 62
73 20
45 82
88 78
94 4
37 84
24 23
27 93
61 82
12 8
76 47
59 94
42 25
61 59
29 6
32 5
