5 100
39 37 34
33 61 30
19 6 33
52 27 23
47 60 33
15 60
40 61
15 40
31 63
62 30
55 42
24 9
55 32
95 60
20 88
75 33
88 86
22 14
54 72
83 56
47 98
65 56
93 48
76 2
9 39
36 69
8 25
46 6
48 14
0 50
30 3
46 90
10 22
66 30
17 49
12 58
13 68
6 7
76 53
73 71
60 80
8 71
77 57
27 36
62 47
98 19
13 82
33 82
41 5
67 82
63 54
36 56
69 94
45 27
0 92
42 59
25 20
32 37
63 92
49 26
97 63
19 99
2 59
76 44
91 55
71 97
8 2
99 88
91 93
23 25
60 45
82 88
48 65
28 50
80 66
25 90
35 6
27 4
69 7
49 32
52 52
84 41
32 15
84 83
58 49
57 34
78 82
9 95
80 99
57 49
22 41
8 85
97 45
81 49
22 71
75 80
86 38
49 10
22 10
54 71
90 26
18 58
1 79
99 69
87 32
