3 100
42 46 54
82 82 73
93 5 55
87 84
81 87
76 14
37 32
25 85
90 26
11 39
82 33
62 7
95 87
73 66
26 23
82 34
51 36
12 98
80 93
64 13
93 19
9 16
42 16
2 11
68 41
91 98
74 12
93 83
74 24
88 70
12 83
90 76
66 54
41 57
13 93
46 80
7 46
24 80
41 86
85 9
1 70
64 75
70 42
11 24
10 54
54 75
16 87
26 17
40 56
23 13
18 81
61 48
9 57
11 44
42 17
69 40
86 11
79 43
99 43
67 74
73 90
92 26
38 63
69 55
30 90
29 1
17 5
46 17
36 83
59 13
25 40
36 21
43 75
57 7
82 32
83 48
87 46
19 14
57 30
57 32
19 80
2 4
30 33
30 65
35 8
77 1
74 48
84 5
47 33
83 15
7 14
28 70
4 66
52 78
56 27
89 14
40 87
86 82
76 21
83 5
92 88
77 47
35 80
