3 100
28 36 75
13 5 50
20 89 57
27 31
98 36
30 95
64 75
42 92
27 73
69 28
85 58
39 72
98 33
78 30
59 6
10 12
19 35
53 68
24 4
87 40
1 20
26 55
62 61
17 63
58 36
73 64
8 55
19 16
86 18
20 77
60 34
29 67
98 82
94 99
50 93
75 23
60 96
78 39
9 2
9 28
42 55
72 11
18 15
32 15
71 63
52 57
93 8
35 89
86 72
46 40
69 68
4 16
80 71
16 26
7 6
19 95
78 19
1 85
3 35
26 5
34 27
59 83
16 27
30 23
53 58
65 98
79 28
34 46
45 68
21 92
78 10
54 3
79 12
32 26
29 7
21 0
25 67
90 68
86 11
10 89
48 84
11 26
11 22
52 21
26 35
70 71
65 15
69 27
2 17
89 87
25 93
93 61
8 91
88 63
47 3
57 69
85 97
98 99
96 71
34 40
93 33
55 95
85 94
