5 100
74 89 42
61 52 34
29 62 24
44 12 22
30 10 29
45 12
96 7
39 90
79 84
9 78
7 79
76 8
33 97
30 52
44 45
22 6
20 26
80 65
29 92
9 60
41 42
68 50
32 35
87 95
46 34
46 99
38 33
65 59
7 33
3 92
12 77
77 66
40 36
16 57
48 63
59 31
40 36
85 33
5 8
54 4
46 24
38 83
31 43
98 27
29 17
83 80
11 19
74 80
42 84
89 49
73 9
70 75
21 43
58 21
46 92
57 58
33 83
54 56
34 60
75 19
46 17
9 21
21 11
1 74
82 96
86 17
14 74
46 49
93 33
60 27
37 94
41 7
32 65
65 44
88 82
42 12
14 4
68 16
72 89
36 34
37 90
62 46
12 89
66 46
90 69
79 74
49 0
37 40
97 76
53 79
54 33
97 64
98 41
13 96
73 15
36 15
38 47
25 30
61 37
41 29
58 11
40 36
2 97
29 26
74 46
