5 100
47 37 34
50 36 22
69 87 32
27 43 28
47 50 34
64 65
8 68
76 28
12 78
39 39
88 70
70 52
7 35
69 92
11 65
59 42
98 59
22 82
95 62
7 62
25 46
85 87
20 91
42 18
41 18
85 37
85 81
29 22
72 1
88 3
70 13
22 52
45 86
86 52
10 74
8 11
95 62
36 19
9 53
68 57
76 99
99 68
20 5
8 73
66 59
34 87
99 65
6 64
66 7
41 24
46 52
54 5
93 50
5 39
62 92
62 93
75 91
83 12
41 32
93 11
69 51
61 16
7 56
78 0
10 91
8 41
15 91
76 77
33 10
43 75
31 17
1 53
55 39
69 15
32 83
63 0
20 21
95 89
52 12
21 28
68 47
41 80
75 77
53 70
58 20
94 41
21 22
21 71
31 2
89 46
9 86
71 3
27 35
4 61
41 55
89 1
45 82
5 57
94 81
67 73
94 44
21 33
64 0
10 90
95 31
