5 100
17 80 35
9 75 22
11 35 41
63 37 24
34 39 28
1 24
86 40
21 78
15 11
77 21
89 89
15 91
79 58
63 76
38 47
20 79
94 45
37 47
45 95
37 5
1 18
70 98
42 68
69 39
50 72
53 13
58 96
60 96
98 89
21 24
27 21
2 65
30 11
33 70
0 83
89 11
10 39
2 35
70 66
97 14
32 37
75 13
70 76
52 30
92 75
0 94
84 52
70 52
17 29
62 62
11 82
74 84
2 1
26 81
27 6
61 79
2 73
98 40
86 96
36 27
28 89
37 47
22 30
76 93
63 10
63 91
20 47
20 46
77 89
41 37
90 15
25 22
87 69
43 68
70 70
61 97
70 61
56 89
71 21
89 74
18 3
76 42
54 50
3 82
81 29
86 64
55 65
49 31
88 38
40 0
47 48
30 12
4 59
89 82
33 35
17 14
94 86
23 64
65 61
67 87
1 8
85 27
1 11
10 42
16 89
