7 100
56 55 15
44 42 19
48 56 20
59 59 28
54 56 21
44 42 20
49 55 28
92 16
25 83
62 50
86 71
5 11
71 95
63 31
33 62
88 46
1 63
64 44
12 81
74 45
98 59
87 6
4 33
82 71
54 29
95 87
43 53
74 93
15 63
81 41
32 24
21 31
92 52
68 21
23 64
68 7
33 97
60 58
96 35
14 65
79 70
18 27
75 93
84 74
8 66
79 4
11 27
56 14
28 64
97 71
86 49
32 85
45 9
62 58
66 24
40 30
11 57
63 73
52 28
1 19
57 82
55 42
26 71
9 90
97 99
70 85
41 29
82 1
26 54
49 16
74 21
31 11
21 22
54 67
41 12
86 90
30 19
24 45
36 64
23 68
86 61
46 31
30 37
4 71
16 93
12 87
80 98
88 65
53 4
37 1
89 40
35 60
39 75
11 43
83 55
30 68
16 28
8 82
40 75
52 3
39 46
77 7
76 81
70 87
70 42
94 36
35 97
