7 100
48 42 21
51 56 24
46 50 20
55 53 17
54 50 16
43 52 33
43 44 20
22 21
21 24
47 69
24 4
73 14
34 98
72 72
34 39
44 1
12 21
45 35
73 27
91 78
66 29
34 30
20 50
35 24
72 22
39 86
28 86
52 6
36 12
26 56
26 87
35 24
10 27
13 78
43 82
38 67
83 53
81 91
71 34
14 84
62 9
88 33
54 65
58 74
87 33
53 99
36 93
81 92
58 98
57 92
66 95
19 77
32 10
70 25
3 38
37 24
18 14
14 55
71 50
38 59
2 63
2 53
65 99
22 15
30 27
81 41
23 69
76 88
52 66
75 3
67 43
24 17
14 92
63 2
61 42
96 43
13 80
95 60
2 79
66 70
23 34
49 30
31 3
26 65
62 31
17 19
96 84
90 3
63 88
61 55
71 16
48 28
21 5
91 11
87 58
64 28
8 22
40 60
96 33
96 38
43 41
19 80
22 11
2 99
35 81
68 68
55 9
