7 100
43 46 21
49 50 20
41 47 19
41 40 22
41 52 24
44 51 24
54 52 25
79 81
99 84
87 12
6 14
81 93
96 37
8 29
26 5
8 78
96 71
25 9
9 5
11 74
22 84
64 1
50 75
76 35
77 31
77 67
83 31
0 5
87 36
90 5
17 13
87 40
25 86
52 59
15 55
16 2
72 52
62 99
26 22
56 13
19 60
57 41
60 4
79 11
35 58
63 51
6 85
87 7
98 2
96 6
30 90
56 24
71 17
35 10
33 51
15 64
51 41
7 27
64 1
22 93
61 66
35 32
99 95
50 57
10 92
8 37
43 93
56 43
0 14
75 39
41 95
33 7
4 77
62 58
46 10
4 60
23 14
92 97
19 19
47 58
41 85
63 88
0 92
79 21
99 1
30 1
16 58
63 15
9 72
49 5
63 35
74 63
94 94
96 46
48 63
59 31
23 51
37 60
85 7
72 66
66 89
41 24
20 79
87 30
53 82
40 89
31 69
