7 100
43 57 15
47 52 23
48 57 25
40 57 22
52 42 25
40 50 26
51 59 18
63 21
36 10
2 48
77 27
52 5
88 44
95 10
50 89
20 44
87 39
76 11
74 5
20 18
87 69
67 96
30 60
40 31
65 37
68 83
13 95
1 93
79 53
0 19
61 55
21 20
41 28
59 47
51 64
1 64
8 10
78 96
15 33
18 4
16 16
14 53
95 76
7 84
93 37
1 26
88 4
72 71
27 72
72 15
16 61
76 58
59 56
15 64
13 33
93 5
86 69
1 73
8 38
27 73
50 33
67 43
58 6
21 65
17 11
19 93
78 99
26 8
9 15
27 44
87 12
18 9
88 29
93 3
90 11
87 13
28 57
77 3
69 52
11 30
47 72
97 3
71 50
14 63
3 91
83 90
96 96
74 42
70 50
7 11
77 47
1 4
95 89
53 94
3 78
26 19
53 65
4 21
38 71
8 83
31 77
47 37
19 56
0 82
80 7
32 86
77 65
