7 100
44 44 30
42 53 30
59 53 21
41 43 17
50 57 18
53 55 24
51 42 16
15 99
32 36
43 64
31 37
74 76
25 31
39 98
3 6
64 63
98 51
47 79
2 79
12 39
11 93
79 17
32 45
17 49
9 28
93 12
34 88
14 4
48 17
93 0
4 4
22 61
30 24
73 81
74 64
57 4
42 31
3 35
51 92
15 69
32 52
51 21
42 94
8 24
88 70
95 59
55 28
92 63
2 82
85 42
80 3
38 29
0 1
50 59
65 9
0 81
89 11
94 96
98 32
0 31
80 78
53 59
62 74
32 79
79 72
88 71
38 71
32 95
30 45
2 24
32 98
40 4
40 94
42 9
68 49
56 2
20 40
38 69
67 73
95 77
34 75
74 15
40 18
50 44
58 35
75 57
76 43
74 53
91 92
36 92
59 67
6 95
71 6
66 55
56 18
12 6
61 57
47 10
21 80
98 74
46 37
66 76
76 24
57 60
25 4
57 26
9 61
