7 100
44 47 20
57 51 23
40 50 32
52 54 13
40 48 15
43 52 31
54 45 18
32 30
90 43
33 7
16 28
40 66
61 47
58 99
26 88
96 73
51 88
33 43
90 16
42 32
40 70
97 56
71 55
83 72
83 12
88 46
32 34
9 24
11 2
51 64
32 0
39 38
13 82
54 8
44 93
57 24
52 3
47 53
13 56
86 8
96 10
79 17
12 13
86 39
36 33
4 36
84 0
81 32
32 87
55 5
85 76
15 74
21 46
12 47
92 30
91 9
65 92
58 20
2 82
9 21
86 59
61 39
50 58
66 11
75 96
7 50
69 43
70 24
66 39
92 83
85 16
74 35
53 54
16 75
2 45
22 99
24 28
58 84
40 81
9 2
61 79
47 79
96 35
5 25
12 64
94 85
93 31
12 33
60 72
19 24
25 41
2 53
47 63
51 28
86 65
82 18
0 63
94 2
1 47
11 90
99 70
23 79
0 23
53 91
21 16
87 58
85 54
