7 100
55 46 22
49 57 16
49 59 18
50 51 27
51 48 23
57 50 22
41 57 22
83 84
88 0
77 87
54 20
83 18
48 20
68 21
14 23
13 6
70 64
82 21
83 66
13 5
14 20
27 25
61 70
46 87
63 39
73 26
26 71
16 84
37 10
7 81
14 25
27 45
82 77
38 4
91 17
47 5
88 53
92 42
24 31
60 61
94 87
33 45
85 93
93 67
73 51
53 46
89 36
13 16
57 58
89 34
42 58
38 13
79 71
32 4
86 12
80 0
24 81
9 14
88 82
48 44
49 45
9 32
49 94
29 89
86 99
63 95
93 92
10 18
33 24
73 59
47 2
3 22
56 49
30 36
61 0
39 24
11 30
23 52
76 83
84 37
84 14
20 71
63 44
15 23
17 32
53 14
21 21
36 57
1 17
42 64
77 93
86 25
93 82
81 41
63 4
59 23
68 7
50 50
73 83
71 87
89 55
92 3
30 15
67 29
45 93
25 89
83 14
