7 100
58 49 21
42 55 11
43 45 24
40 48 28
45 58 31
55 48 17
53 57 20
31 67
1 2
24 80
53 35
43 30
28 14
85 34
23 10
50 2
37 72
27 8
89 57
40 90
74 1
48 94
72 73
46 29
74 21
40 19
45 8
22 12
33 47
43 40
18 41
22 62
69 49
73 70
19 35
4 50
99 5
1 16
36 12
65 88
21 53
65 16
2 93
1 32
48 5
8 89
11 77
27 7
53 5
32 67
56 57
44 10
40 25
55 37
57 90
78 14
42 43
69 98
38 40
52 93
1 0
32 10
27 22
95 90
48 29
50 23
29 2
72 25
59 88
79 35
35 64
68 19
21 70
20 82
75 4
32 21
38 41
32 0
61 16
74 58
13 79
89 52
78 17
68 96
11 42
46 92
99 94
55 62
42 49
54 41
22 21
54 13
65 84
98 18
9 28
25 98
80 97
82 90
12 83
65 33
38 35
53 92
69 22
46 95
78 42
2 81
31 4
