7 100
55 40 30
43 58 22
41 43 27
57 51 24
57 41 10
48 52 30
42 50 12
53 17
96 48
38 20
79 23
62 28
81 15
52 75
30 2
5 89
64 73
82 41
58 82
96 71
44 81
92 27
34 8
71 0
14 61
70 57
80 42
93 56
35 45
14 95
26 36
64 0
80 1
50 91
80 83
92 56
42 22
43 63
55 73
97 77
34 28
95 37
12 93
4 89
75 65
1 26
58 55
99 76
55 22
66 81
4 17
21 34
62 88
23 48
77 41
72 17
93 57
54 91
22 37
12 36
97 90
72 14
0 85
62 27
73 32
88 40
86 65
56 38
48 61
62 10
52 27
58 65
90 11
74 71
79 22
61 49
74 96
77 3
55 71
11 33
67 41
90 80
43 83
67 51
21 20
73 22
9 14
37 86
6 99
62 7
4 2
35 8
78 98
36 54
21 82
82 40
28 27
94 57
87 8
42 31
9 26
6 94
59 33
60 44
54 80
29 4
48 71
