7 100
43 44 23
46 46 25
59 54 28
58 54 20
46 45 15
49 58 20
58 46 25
99 20
53 96
27 24
65 15
14 17
47 17
28 72
32 55
85 52
81 92
91 64
95 89
9 2
67 20
91 4
32 94
36 18
75 47
81 27
57 41
26 95
54 89
3 80
67 56
83 76
86 78
40 89
51 65
44 85
12 37
38 23
97 29
62 69
92 71
19 95
28 13
72 40
27 9
40 69
47 78
52 0
70 22
98 79
69 74
5 99
13 20
83 89
25 93
70 43
70 79
5 1
15 8
98 82
48 40
48 55
48 99
99 16
2 63
32 33
45 42
57 19
59 37
86 76
62 71
78 88
37 56
92 1
87 96
92 22
63 84
99 77
42 7
4 19
64 45
93 18
57 50
91 35
64 98
99 72
11 86
75 82
44 50
45 45
96 82
46 99
85 44
63 70
25 53
82 30
0 3
0 37
17 76
24 57
7 43
17 53
74 35
75 36
65 1
95 49
3 44
