7 100
51 59 26
59 54 17
55 42 30
41 42 24
43 55 16
56 59 13
57 59 25
58 70
47 85
53 70
41 13
11 6
60 53
44 31
64 59
43 12
48 98
95 65
2 65
41 11
89 95
84 63
27 19
68 93
88 54
72 22
93 49
66 96
99 76
83 6
26 97
90 59
58 46
52 87
96 36
12 55
69 53
27 96
26 52
93 84
69 43
24 99
30 39
17 22
52 78
59 55
8 90
15 23
18 95
50 55
33 95
86 62
67 71
80 80
29 35
20 86
70 77
72 68
38 88
75 62
62 41
76 2
67 81
32 51
92 35
68 10
68 21
0 41
44 3
24 53
51 38
61 16
64 18
2 85
60 32
26 21
32 3
98 53
76 89
97 61
75 10
45 34
59 86
88 16
10 93
75 23
17 7
64 71
31 86
21 65
51 2
59 33
15 19
48 41
67 24
48 76
60 12
73 51
26 40
95 31
47 12
48 69
64 80
64 27
50 44
80 44
79 52
