7 100
46 48 20
54 47 26
55 54 24
44 56 23
52 58 13
41 49 25
47 58 19
51 63
80 59
87 44
88 58
8 26
72 21
29 10
4 87
44 71
6 64
54 55
23 30
3 92
53 36
40 50
78 28
13 28
43 61
6 63
42 38
14 41
28 0
28 81
40 76
13 11
91 70
27 74
9 93
29 91
47 18
58 37
35 56
9 68
99 67
41 62
9 3
56 61
21 76
11 22
1 75
90 34
85 41
3 68
65 73
88 50
60 70
86 62
99 41
51 8
60 28
56 21
60 8
35 40
82 84
91 8
34 72
91 76
39 22
56 92
52 40
55 33
77 13
53 35
36 96
38 6
68 70
57 89
22 31
97 66
87 89
33 71
38 50
70 49
67 60
74 78
62 27
80 62
59 4
30 91
25 19
19 53
66 3
25 57
60 20
50 82
93 67
61 54
11 5
90 28
59 95
55 19
72 4
20 9
38 10
60 58
59 60
70 57
27 42
37 54
60 82
