7 100
59 52 27
53 48 32
55 59 16
44 40 22
59 46 17
41 56 15
46 43 22
88 1
8 55
27 47
86 64
90 74
6 82
18 31
24 7
42 92
81 41
16 83
91 42
42 57
81 54
46 32
28 88
20 16
66 86
25 69
28 96
91 61
95 37
31 73
35 90
65 62
25 67
91 51
47 38
31 21
79 40
62 27
75 87
97 96
46 1
57 46
0 99
19 61
63 28
6 1
57 98
99 64
62 10
78 12
87 38
79 25
1 85
47 68
40 44
48 47
59 88
78 3
8 59
97 41
36 69
54 13
20 42
77 58
46 26
30 27
58 98
16 44
64 61
63 95
72 7
20 31
83 61
62 12
15 58
98 23
3 99
6 83
35 97
17 48
76 15
62 60
50 69
29 79
72 67
33 72
76 53
67 50
99 98
16 72
5 14
90 0
32 77
75 76
63 3
75 22
65 53
29 13
38 58
90 38
69 51
87 20
77 40
89 6
2 41
1 44
32 74
