7 100
50 41 28
40 55 13
44 51 26
56 42 28
40 45 29
54 52 13
53 54 15
29 19
28 51
99 65
88 19
58 43
82 50
15 21
12 73
24 22
75 82
66 41
44 47
26 75
38 66
64 87
4 43
40 40
94 96
87 85
12 95
66 33
22 9
67 5
0 80
24 64
80 33
37 30
54 29
9 40
27 34
9 76
38 20
84 2
1 91
69 46
62 41
79 16
47 17
87 41
23 94
98 51
14 55
88 79
88 78
89 72
75 88
83 46
70 56
58 41
41 97
39 26
75 60
23 40
89 80
24 23
1 57
21 40
39 19
58 22
88 60
61 17
91 14
79 46
74 95
51 73
61 24
17 30
70 78
5 89
12 32
67 86
24 33
77 84
94 74
48 61
51 29
37 86
24 40
57 48
8 83
22 80
60 47
74 72
40 65
47 12
63 96
13 51
95 10
54 51
37 83
97 38
64 13
81 40
95 1
36 74
53 81
81 47
79 79
90 6
82 92
