7 100
8 59 25
84 46 25
50 49 26
47 90 16
32 93 28
73 8 25
61 44 20
37 8
22 3
83 37
49 93
43 65
36 15
91 70
31 97
68 68
27 37
76 0
68 61
58 7
21 66
0 96
85 72
12 55
41 80
40 91
63 36
28 75
14 64
35 83
82 57
19 56
3 36
68 16
71 24
41 14
47 2
90 45
27 77
99 87
49 13
82 75
59 69
62 68
71 5
5 98
9 55
75 74
17 88
44 50
25 10
7 57
83 17
91 95
23 37
60 89
6 86
94 63
18 72
9 94
21 78
91 74
8 42
85 20
7 78
27 94
57 94
32 51
93 2
12 72
16 85
3 66
65 79
93 17
46 35
16 33
72 18
97 9
80 10
42 84
99 65
55 66
16 47
53 75
2 46
3 75
99 84
53 4
63 6
4 98
77 85
4 15
62 12
26 78
16 38
99 48
68 84
19 23
5 81
34 3
33 35
16 38
88 39
2 16
3 73
7 38
47 20
