7 100
25 88 19
29 1 21
71 59 19
4 23 30
51 73 26
12 85 17
1 46 29
91 80
61 77
34 55
86 4
80 94
49 60
37 12
28 21
19 88
44 23
84 41
22 18
18 47
65 34
44 73
92 22
52 62
2 82
12 43
9 74
83 71
62 65
91 68
16 89
71 0
39 68
67 49
94 89
57 29
52 68
34 19
87 64
10 37
38 1
56 61
13 31
77 42
51 38
27 71
52 4
20 83
53 50
93 74
66 98
54 14
52 70
79 48
43 72
49 93
39 40
31 34
59 59
87 32
89 2
28 87
35 81
64 86
0 70
46 11
18 37
57 5
49 48
87 34
12 89
2 22
62 26
42 0
92 89
24 34
13 87
74 99
25 85
40 40
77 64
69 55
46 81
52 88
48 49
83 46
75 95
22 35
3 90
71 22
47 96
49 96
87 10
94 58
14 29
2 54
50 7
66 0
76 39
86 52
58 74
61 28
19 52
4 41
36 41
37 66
84 60
