3 100
94 29 35
78 25 57
68 41 39
25 57
87 54
9 50
61 2
34 56
65 69
95 11
86 98
76 24
9 75
49 23
85 56
57 32
54 46
51 91
84 32
53 68
1 50
17 99
84 73
22 87
39 46
91 19
86 13
22 6
31 53
25 85
78 78
19 41
43 34
47 91
4 31
63 32
79 3
90 3
60 54
51 48
6 38
8 45
94 6
10 25
24 41
17 94
32 95
71 24
69 56
66 6
57 67
34 63
61 12
72 66
72 84
89 80
98 59
37 3
45 15
49 75
23 30
46 11
82 13
86 1
26 80
75 8
44 9
8 72
50 0
19 97
37 29
74 84
57 67
75 70
30 65
1 57
20 67
66 63
80 40
20 89
0 24
30 3
50 15
9 58
69 28
97 84
17 39
33 72
68 57
16 13
63 32
80 31
81 84
31 63
82 23
26 36
73 70
72 29
85 12
65 5
4 59
70 78
1 74
