16 100
8 76 9
87 93 9
96 12 9
79 70 8
39 6 8
20 92 10
55 77 9
65 72 6
56 34 11
92 90 7
91 25 9
91 94 11
55 48 12
27 28 5
78 55 9
48 91 8
8 8
95 38
73 80
40 73
31 83
50 91
9 91
53 12
73 46
3 32
80 95
62 31
89 29
80 61
76 35
65 95
3 76
84 4
73 70
76 37
73 74
19 94
42 8
78 89
8 64
30 88
66 86
97 8
8 33
34 35
86 72
8 0
27 67
87 52
51 70
75 83
67 93
39 76
63 8
66 14
49 42
58 98
96 70
67 24
78 4
71 40
28 9
96 81
0 22
3 54
3 85
4 25
31 28
57 78
96 8
59 83
69 80
84 47
8 11
32 10
41 41
56 48
44 67
82 75
98 98
91 5
2 77
82 39
52 8
4 39
85 5
81 39
58 93
42 99
1 70
77 71
49 38
66 69
68 54
70 18
89 50
0 78
60 95
65 39
38 24
53 54
42 54
51 83
60 21
93 21
77 86
89 20
35 86
8 15
38 78
77 88
9 98
54 4
8 26
39 26
