16 100
48 89 6
55 2 9
15 44 12
24 50 8
98 75 6
99 40 7
62 52 12
70 6 9
81 32 9
88 72 6
45 54 9
39 61 11
84 81 11
83 11 8
15 5 14
50 98 7
25 21
3 69
54 13
11 68
38 79
68 81
3 9
85 73
30 21
43 22
6 33
2 13
68 85
53 17
80 43
27 30
1 46
31 67
1 21
25 60
26 21
78 53
67 73
78 35
11 19
81 97
22 73
42 89
30 39
9 42
94 24
38 2
19 90
2 70
63 21
63 34
85 99
41 76
15 9
85 94
63 4
40 25
39 74
86 50
41 66
36 88
24 26
1 29
47 20
27 34
59 42
46 26
44 58
25 22
51 23
9 83
66 20
42 76
87 19
17 39
5 58
76 20
24 37
62 52
34 68
55 2
45 87
54 98
40 68
94 11
75 43
89 65
68 7
67 61
3 38
60 42
94 51
99 0
70 21
3 9
36 2
88 26
95 21
23 12
64 37
35 68
34 97
78 10
69 79
65 68
67 49
85 2
17 82
88 33
5 88
27 35
73 71
26 28
22 63
25 8
