7 100
31 56 20
9 56 16
63 21 11
92 1 13
41 41 16
74 10 20
27 29 14
23 81
22 5
13 57
77 15
50 82
26 59
5 40
3 10
17 42
81 40
45 11
44 3
78 61
19 4
63 67
43 96
8 49
96 3
64 3
44 73
19 85
91 18
0 91
82 74
75 26
80 15
34 1
8 28
74 93
3 74
22 93
27 80
91 35
53 45
14 3
60 33
66 88
55 86
37 39
7 89
29 25
47 77
5 67
36 8
81 93
47 51
47 70
89 3
4 45
24 7
86 86
4 39
54 62
99 95
2 78
66 95
22 61
62 92
58 38
68 5
28 87
95 28
65 15
42 2
27 10
32 6
2 72
36 18
18 46
5 62
94 52
83 41
2 72
17 26
64 30
24 54
86 98
1 24
56 99
59 58
20 85
86 58
62 53
99 56
56 25
25 0
80 80
47 13
38 29
65 88
80 49
41 7
89 56
76 87
82 5
37 29
8 47
35 60
29 6
40 46
