7 100
4 11 15
50 95 15
93 66 19
74 62 14
10 67 16
55 77 22
72 95 14
85 63
20 0
1 78
86 54
20 91
53 23
40 18
57 77
92 90
40 95
52 46
47 44
0 43
55 43
19 90
15 80
65 44
87 68
50 19
64 34
77 34
56 45
71 16
28 53
37 7
36 11
14 1
77 21
98 77
21 25
83 20
35 29
77 32
32 37
93 9
29 34
4 82
44 63
10 12
26 62
41 16
30 81
18 22
42 7
19 61
1 19
86 6
52 96
82 22
28 55
64 40
13 51
65 99
16 35
92 86
13 69
12 45
64 54
99 2
28 91
23 26
83 34
96 80
88 79
18 61
80 99
62 90
58 34
59 72
8 80
23 30
29 61
47 72
98 91
10 70
93 32
86 19
18 51
32 53
76 92
79 4
26 38
33 50
91 73
26 53
57 77
94 59
33 84
16 10
93 77
36 28
11 17
75 85
35 53
56 56
15 88
6 57
47 13
64 70
67 56
