7 100
59 20 16
33 97 22
25 64 10
1 78 17
53 60 17
13 69 16
49 57 12
34 7
92 99
87 58
75 34
37 42
89 95
82 52
31 36
65 34
96 81
28 64
2 7
96 27
46 25
67 21
82 70
95 23
67 5
54 96
29 86
71 50
30 99
49 2
54 93
59 82
38 5
91 91
52 35
12 88
53 53
26 88
47 24
78 91
57 62
93 86
48 21
78 4
81 25
33 49
57 2
33 87
77 88
51 34
14 0
62 98
73 35
30 33
98 31
62 82
28 77
95 11
45 31
89 29
71 33
27 93
13 64
18 12
5 41
91 97
19 10
80 21
0 22
61 75
21 31
39 72
58 23
53 68
78 30
22 14
29 23
37 49
67 73
23 29
91 8
90 67
24 82
22 20
50 38
39 70
3 77
48 63
41 13
70 65
44 99
70 91
50 95
11 28
31 61
18 11
65 29
48 41
20 34
69 71
45 40
27 31
56 94
8 45
78 8
83 53
72 26
