7 100
76 46 12
90 80 18
34 5 11
28 93 21
1 19 13
44 13 18
84 94 20
12 74
86 46
33 58
25 62
29 15
85 27
23 75
86 1
54 12
17 93
20 45
3 5
83 81
44 55
58 76
85 40
69 56
55 81
62 62
6 53
12 10
3 78
65 86
18 58
43 18
63 93
82 74
72 50
86 86
31 20
92 38
35 74
17 13
67 78
0 15
96 87
98 89
70 95
79 30
43 27
17 68
37 20
61 18
44 88
47 41
58 15
99 46
80 56
71 95
90 99
67 7
81 82
9 36
51 25
6 8
32 1
53 87
81 79
1 58
18 88
35 32
17 33
27 96
36 91
6 91
56 70
48 15
54 85
20 48
90 1
1 70
53 36
73 56
99 65
54 65
85 13
34 79
58 75
37 86
33 29
23 74
16 17
50 9
29 94
51 77
35 12
70 0
95 53
27 14
89 96
80 85
69 21
39 92
96 7
92 94
54 25
55 92
15 78
82 70
7 41
