1 100
51 51 150
5 77
48 74
2 16
92 9
92 99
72 89
6 10
80 46
92 63
80 54
46 7
76 80
46 59
95 52
99 78
19 78
0 14
68 59
5 53
90 26
48 82
9 83
14 98
33 32
21 82
90 17
23 76
98 68
79 3
78 31
42 58
39 91
75 6
40 57
54 93
77 27
24 46
2 25
85 35
24 98
19 78
22 30
55 58
12 16
80 63
7 63
64 69
92 48
71 35
74 26
27 59
19 85
73 16
85 27
6 35
75 8
85 27
8 64
0 33
76 80
53 9
98 81
55 13
6 37
38 52
24 7
17 30
75 7
85 22
37 78
59 24
56 90
86 36
2 26
55 32
23 79
30 74
0 41
24 34
19 70
3 21
47 59
56 46
80 37
78 92
6 77
23 48
21 69
22 44
36 3
72 83
88 25
78 81
50 26
30 32
70 76
24 31
45 99
91 27
64 14
