1 100
48 47 150
79 54
97 13
89 91
83 98
60 35
90 75
76 76
1 52
7 67
37 70
78 88
92 38
46 95
84 18
70 13
52 37
86 16
74 47
73 34
62 79
39 78
69 59
47 48
65 72
19 32
23 25
20 28
73 7
55 88
34 62
14 28
87 70
63 37
55 28
18 77
22 56
64 52
28 57
99 5
55 81
81 39
36 73
23 72
72 79
77 27
90 30
83 43
42 52
66 38
13 20
58 65
61 58
52 35
61 89
81 69
28 7
92 31
94 55
33 23
33 8
57 80
1 66
88 65
52 29
78 32
0 63
9 63
32 80
77 27
54 39
4 73
38 50
0 60
19 4
31 41
52 76
36 77
59 52
14 63
95 38
18 5
23 59
19 77
76 72
31 47
30 12
68 40
38 79
28 35
64 0
73 42
17 49
96 78
94 10
55 5
82 33
51 56
29 2
69 58
95 42
