1 100
45 54 150
51 28
96 59
37 43
99 17
37 57
65 94
89 18
8 39
58 10
60 6
86 77
85 87
16 12
58 58
63 68
88 6
5 72
71 12
67 49
93 28
98 41
45 82
80 99
63 80
72 75
43 73
72 53
27 59
86 64
44 80
62 20
35 75
75 74
69 37
95 80
15 40
99 42
68 60
93 8
15 45
53 89
14 39
44 15
85 72
13 22
63 38
68 93
25 93
13 56
17 14
79 67
73 94
81 18
88 31
34 72
95 13
64 49
46 93
44 60
1 55
70 9
96 14
35 51
54 51
73 60
62 94
86 10
15 91
49 86
63 1
4 76
7 82
13 95
9 15
93 57
59 30
93 51
91 22
55 21
76 38
82 63
32 83
30 2
54 42
44 58
85 19
97 52
34 24
17 9
30 86
23 54
77 8
17 13
42 46
42 41
1 71
98 77
29 67
19 51
78 52
