2 100
45 53 99
51 50 51
91 37
78 30
36 80
73 44
37 14
61 73
5 92
31 89
71 37
60 21
8 49
79 71
97 7
52 7
35 44
9 56
67 4
32 54
37 51
51 29
45 61
93 71
24 31
86 48
31 87
86 38
14 17
13 65
93 28
92 7
61 18
70 63
67 33
80 10
96 94
99 0
53 90
95 29
70 16
37 8
89 72
68 17
49 60
45 21
55 63
90 76
17 40
54 31
96 72
59 21
86 30
22 11
21 35
16 1
17 23
94 17
81 49
31 78
10 4
13 10
18 27
88 11
35 88
38 5
98 81
23 66
72 2
86 46
61 84
69 61
18 79
62 51
18 10
22 53
97 38
81 91
17 83
94 33
16 30
12 13
82 49
99 71
90 41
84 0
55 56
18 79
72 63
32 83
75 4
46 96
68 95
65 31
65 60
96 95
38 9
61 7
6 6
67 86
16 90
78 93
