2 100
51 52 94
54 54 69
70 75
49 69
16 11
87 98
42 0
14 39
59 62
79 25
92 93
89 62
17 80
3 72
47 66
35 38
84 37
12 13
95 78
37 36
33 39
92 6
25 78
52 91
59 22
35 1
7 21
62 72
55 75
42 46
96 13
12 99
11 62
4 97
24 93
69 63
83 99
2 52
2 98
74 90
77 40
24 50
38 78
98 48
47 32
47 59
36 56
0 72
7 48
60 3
26 83
32 42
30 32
43 96
37 99
45 85
32 54
33 81
72 52
10 26
16 70
41 40
38 18
50 29
23 98
30 28
33 87
22 58
93 80
16 59
31 42
21 36
78 97
7 69
20 39
39 82
96 99
89 62
58 9
89 26
29 97
38 19
83 8
19 86
64 80
50 47
27 87
98 77
11 1
9 70
1 58
22 50
89 12
18 11
93 60
95 95
40 26
67 3
14 61
79 51
57 77
81 5
