2 100
54 45 93
51 53 75
63 45
67 12
65 23
73 31
53 25
51 77
6 58
88 39
88 79
32 38
40 43
58 81
90 49
48 36
44 24
94 68
72 76
80 83
9 50
57 85
3 71
90 22
52 37
41 59
34 7
3 92
86 76
67 81
29 52
58 38
29 15
27 50
0 97
0 92
36 89
58 27
96 30
47 30
46 48
76 80
5 0
30 44
73 83
30 72
13 20
20 18
83 36
8 29
10 75
67 15
60 98
31 34
64 85
96 8
20 50
60 74
19 2
74 34
94 7
66 18
58 99
86 72
97 75
13 60
86 53
67 45
64 27
53 79
1 94
64 17
50 56
18 93
70 46
79 24
92 0
44 61
24 82
70 93
1 22
77 9
84 72
79 82
36 88
63 76
49 72
72 17
20 19
84 69
66 12
74 22
27 81
46 69
49 87
95 4
44 64
65 67
27 5
26 2
8 26
86 40
