2 100
52 48 52
52 50 98
96 50
77 47
36 62
32 77
83 94
92 23
99 59
16 86
12 77
60 77
95 56
23 67
23 81
87 85
79 64
32 3
36 16
35 94
9 82
6 62
41 97
72 87
0 42
52 63
87 27
54 10
31 7
60 33
34 97
71 83
99 52
26 59
26 39
60 17
11 73
60 61
45 28
94 65
11 49
79 46
74 55
1 93
34 18
46 99
24 47
71 90
39 35
61 38
29 50
46 48
4 60
14 24
28 55
16 71
56 73
77 37
66 47
89 91
44 92
65 36
7 98
8 43
62 41
67 4
67 53
52 0
52 5
76 0
69 74
16 12
61 27
6 22
23 38
38 9
43 71
71 97
68 0
9 29
10 93
68 51
54 29
98 67
7 75
89 38
26 86
25 28
35 23
49 46
60 61
16 65
94 52
39 44
52 56
34 8
85 71
72 4
46 13
96 75
34 24
92 3
