2 100
53 53 50
47 49 100
50 44
74 11
62 70
88 46
71 42
51 12
53 27
78 49
97 46
22 11
9 68
81 30
11 37
50 98
45 92
45 20
50 79
16 33
57 66
28 78
34 35
26 89
48 43
68 81
92 73
41 64
94 65
98 17
85 56
28 64
65 70
67 89
92 83
53 16
93 93
95 6
66 70
89 97
81 38
24 44
17 55
54 85
51 49
15 86
12 0
16 2
64 45
44 80
35 24
91 34
34 32
37 32
63 81
84 31
6 73
89 48
41 0
37 54
0 0
25 49
7 35
58 32
62 13
66 93
95 87
97 38
37 97
46 81
13 85
80 72
5 19
1 15
98 22
21 97
11 59
2 43
64 77
25 45
17 39
69 21
16 6
51 47
95 38
47 76
58 47
59 31
43 84
82 78
12 24
43 10
8 38
72 16
8 24
68 59
98 57
28 98
24 36
55 65
46 47
80 16
