4 100
16 24 33
22 76 38
69 83 32
38 88 38
79 49
79 24
56 55
33 13
9 57
2 30
9 77
86 47
59 62
88 15
59 70
75 72
9 74
24 87
96 59
13 79
95 97
9 87
86 82
65 14
47 29
90 70
77 6
12 85
18 74
9 21
75 96
73 2
46 3
47 93
8 2
35 99
66 89
49 86
34 70
37 49
36 58
8 18
7 41
57 5
15 44
87 22
51 49
84 56
44 75
55 1
55 74
64 68
81 4
21 75
95 32
45 28
7 58
58 19
6 31
69 32
40 59
6 77
94 30
55 83
95 90
49 31
70 86
29 96
91 85
30 93
32 17
32 44
20 16
58 85
2 17
46 0
7 69
91 40
83 68
25 93
64 15
88 9
62 48
43 65
78 21
41 80
63 98
62 97
36 37
45 26
88 44
62 3
21 86
30 48
1 79
71 82
52 38
63 54
42 94
42 77
72 44
46 66
43 20
39 60
