4 100
42 79 23
94 82 34
42 0 29
86 66 55
9 98
84 75
46 76
42 97
6 29
47 36
35 16
15 84
4 44
19 63
2 74
27 39
49 85
76 6
63 17
5 80
48 19
38 75
19 78
20 4
64 5
85 8
70 97
59 55
56 50
80 35
62 86
84 10
54 7
56 94
39 84
73 62
78 77
94 76
50 95
17 32
95 43
25 27
2 99
1 60
66 37
36 13
35 52
30 98
17 73
16 73
32 97
42 8
77 47
24 13
7 11
44 62
89 28
54 17
96 65
26 28
42 42
76 18
99 32
85 42
35 23
0 7
76 59
32 63
26 98
33 91
46 6
92 6
28 20
62 48
61 43
93 66
31 54
37 63
48 49
91 95
89 7
45 51
8 92
21 99
30 44
13 24
28 11
75 37
68 42
27 14
42 90
32 85
42 60
32 8
68 62
44 43
47 66
61 19
18 71
73 77
84 7
71 10
88 16
2 29
