4 100
52 48 44
47 51 27
52 54 32
50 54 48
25 71
72 86
76 10
20 57
94 37
45 36
84 71
35 89
78 24
73 59
56 93
22 79
18 8
27 56
22 14
8 79
62 21
92 68
16 68
80 2
92 68
14 82
81 2
28 78
12 83
96 82
1 61
5 96
34 47
82 45
0 91
15 63
53 78
52 83
20 27
91 89
71 27
88 49
13 25
49 46
41 49
85 63
32 47
58 41
72 53
78 34
65 92
49 53
46 29
84 31
95 67
16 62
78 96
25 68
24 65
56 68
12 92
62 37
49 88
61 63
86 63
91 61
78 66
32 50
98 87
93 38
5 55
10 76
21 69
40 96
50 95
10 53
85 3
11 53
45 96
14 95
0 48
17 64
12 46
52 52
10 24
53 46
18 51
12 18
79 30
22 84
78 64
93 68
25 73
9 79
47 96
3 83
56 34
9 31
17 69
72 35
12 71
5 77
40 77
51 91
