4 100
48 54 39
48 49 37
49 46 41
45 45 33
87 51
61 62
87 86
61 16
20 91
41 60
14 44
19 80
17 56
1 15
3 36
26 53
93 10
66 14
99 67
0 1
28 3
17 46
20 59
87 89
64 47
22 13
83 30
99 86
35 78
12 10
3 84
94 12
66 9
65 20
74 8
49 97
96 41
43 95
15 83
66 76
98 56
89 11
2 62
23 63
45 33
72 78
14 88
58 7
20 65
75 1
91 22
68 55
7 11
87 88
25 11
24 35
39 91
25 68
32 16
29 83
31 1
2 59
41 54
79 73
62 35
33 10
49 29
74 12
18 8
23 86
69 94
3 50
31 53
23 3
99 39
16 0
13 33
2 91
38 98
23 48
87 23
0 72
8 20
90 8
50 83
61 97
68 92
72 1
81 96
7 28
67 65
75 37
36 24
9 6
31 52
37 41
19 37
98 45
77 79
46 8
36 90
84 32
17 22
7 79
