4 100
52 46 31
53 51 46
49 45 45
51 54 28
46 71
73 91
1 95
43 38
12 80
83 51
89 35
98 53
12 9
99 45
40 38
36 77
53 67
26 55
78 94
34 39
59 56
48 55
81 6
38 42
16 35
34 38
79 12
21 97
43 74
13 1
60 26
73 94
87 12
76 88
69 80
56 18
63 83
17 48
54 99
16 53
34 62
33 61
59 1
25 8
11 94
59 44
65 9
91 69
67 79
60 75
70 8
0 98
82 90
56 9
27 58
95 42
18 25
60 92
5 8
27 55
53 63
4 27
1 69
93 50
13 5
95 81
71 83
59 43
98 43
55 92
70 28
14 89
73 19
29 29
73 9
61 41
17 51
88 73
43 84
42 61
59 60
12 1
28 29
61 41
12 89
90 88
47 1
3 45
32 90
29 3
24 85
31 16
86 21
71 37
70 80
22 81
48 18
35 90
94 44
1 90
7 31
80 24
91 81
26 92
