4 100
51 51 35
51 45 19
49 52 56
47 47 42
97 42
98 75
14 15
76 36
88 33
22 74
81 39
70 7
48 42
75 56
80 24
37 12
31 85
88 29
23 46
32 55
46 35
86 35
38 73
63 62
60 88
3 26
78 74
2 40
39 76
17 78
46 43
39 52
46 56
44 47
29 29
16 57
69 18
23 13
49 95
13 92
13 25
25 0
7 39
91 13
85 78
92 34
54 30
86 6
90 40
0 80
18 62
23 84
20 82
37 54
43 10
13 1
57 6
54 15
99 99
13 25
3 98
59 31
6 76
4 63
22 55
44 64
6 20
26 97
36 10
78 70
76 74
19 96
78 42
62 99
79 9
90 88
58 28
6 37
82 37
43 22
25 68
76 75
34 44
0 78
42 64
34 49
64 64
89 83
10 96
84 5
20 17
16 66
87 43
95 45
93 65
56 75
68 52
60 78
54 16
89 94
48 80
7 41
7 94
8 44
