4 100
45 50 34
48 52 37
45 48 47
53 50 36
53 71
29 25
90 17
77 92
45 97
56 34
85 27
17 23
31 97
14 23
2 78
54 63
60 68
94 46
90 91
24 18
94 45
38 67
22 45
11 44
21 1
57 32
51 94
16 2
64 64
10 44
8 95
18 98
26 22
12 14
27 6
35 2
18 29
35 35
60 0
25 76
94 21
32 6
5 94
2 24
54 35
72 69
72 28
58 38
37 4
34 37
93 26
94 22
29 64
73 79
60 73
11 98
68 21
51 79
79 35
77 41
45 72
47 87
54 5
62 74
69 16
28 97
41 65
69 22
37 37
91 15
89 78
65 10
10 86
54 60
3 95
75 82
22 22
27 34
33 27
99 49
88 70
14 3
10 98
32 96
47 2
33 39
44 58
26 19
42 59
70 20
33 57
81 23
50 16
93 72
32 33
54 18
46 56
8 14
3 74
83 80
52 22
24 93
67 36
84 80
