4 100
46 46 36
50 45 44
51 47 43
50 49 30
80 43
72 70
81 77
15 23
83 20
27 50
40 49
92 51
64 70
42 51
7 86
61 87
62 16
15 29
29 50
79 85
76 88
99 59
19 93
77 1
41 62
48 74
93 92
59 58
60 20
13 44
87 56
7 64
44 18
46 14
16 26
82 81
27 55
88 12
89 7
86 93
22 72
67 23
60 99
11 14
61 69
93 44
47 74
69 98
71 82
6 73
41 34
54 53
18 32
66 41
90 81
33 6
12 9
26 59
65 66
52 61
29 99
95 13
47 98
73 87
1 10
33 1
70 41
15 55
37 10
55 52
12 3
74 27
50 2
29 47
47 64
0 44
99 6
6 1
76 24
91 46
31 72
67 3
9 5
77 15
94 84
75 70
79 49
49 58
13 64
35 13
66 93
12 65
60 38
69 90
64 71
28 53
5 39
98 96
48 17
97 14
98 63
13 50
84 23
65 28
