2 100
60 46 72
42 35 79
74 6
14 0
81 62
15 73
11 25
37 5
4 32
40 70
10 19
61 29
77 12
24 71
54 55
99 30
93 20
18 21
17 98
24 88
4 9
32 24
96 46
65 36
52 1
81 2
34 16
61 95
47 14
57 7
90 55
28 96
80 69
44 36
67 4
88 93
18 96
77 7
83 17
3 45
10 10
4 49
58 13
7 20
96 32
40 67
70 26
72 61
41 20
77 30
60 57
16 94
2 77
76 95
92 62
10 85
2 93
31 51
77 90
5 98
20 32
60 31
55 23
22 91
13 92
25 66
12 8
74 10
55 95
49 30
12 96
78 1
86 99
5 18
32 51
80 72
35 77
78 72
40 3
30 66
29 99
0 36
93 82
71 95
68 36
10 60
21 96
14 48
22 29
11 56
26 42
88 15
16 75
94 87
86 68
16 92
1 64
98 89
32 16
0 48
10 98
36 7
