2 100
43 49 77
40 45 73
66 24
93 38
74 4
58 90
67 96
68 32
37 98
38 99
66 9
78 95
56 96
48 75
3 73
17 74
40 55
8 7
95 96
99 66
97 46
89 24
3 96
23 97
40 56
67 16
78 31
89 93
52 14
57 92
79 21
44 12
14 52
17 67
19 37
86 83
69 27
41 69
31 70
84 45
32 49
92 2
48 23
50 33
10 65
42 92
56 56
94 94
65 11
61 60
39 13
14 32
64 90
12 54
98 32
43 71
44 27
29 96
46 2
78 48
44 22
46 20
45 71
29 1
4 86
25 27
63 96
78 62
94 90
78 53
57 52
8 54
56 19
94 9
89 44
56 71
49 59
64 97
25 76
50 68
7 32
96 79
41 3
78 41
8 26
76 53
38 92
96 2
22 32
76 49
38 51
68 2
2 23
21 3
33 41
27 74
40 35
6 43
66 93
72 71
10 47
87 33
