2 100
58 47 92
37 54 58
72 54
87 5
48 88
36 22
90 35
82 37
86 94
50 58
87 65
17 82
75 82
11 67
79 14
44 4
43 79
60 65
94 94
49 90
83 41
91 66
65 68
61 80
48 23
97 8
7 2
17 72
74 49
91 57
98 62
89 0
21 30
50 47
75 60
78 2
16 87
64 48
95 15
43 94
23 62
65 77
56 41
34 18
18 48
43 22
54 87
87 58
2 94
35 85
71 5
50 4
35 65
1 82
29 10
3 41
49 35
57 46
91 89
20 97
83 45
72 73
55 26
74 67
82 20
53 35
75 6
48 29
42 77
92 33
44 13
53 92
50 62
79 28
47 34
0 29
10 87
39 49
46 29
0 69
42 22
89 87
33 21
2 44
53 34
3 49
40 24
61 63
39 6
61 62
28 30
90 66
86 48
88 34
41 3
72 83
29 72
53 47
79 65
87 20
26 72
54 62
