2 100
53 45 82
54 52 69
90 41
81 70
72 34
54 57
29 11
41 70
84 87
94 55
51 94
62 36
40 78
93 9
16 39
2 30
86 45
93 65
10 89
26 10
92 68
4 22
62 16
30 51
79 43
38 41
16 86
76 68
79 14
37 78
61 82
8 65
54 85
38 3
21 9
94 37
70 48
14 78
59 49
23 81
9 80
17 97
43 13
85 36
2 64
73 49
42 48
75 18
54 95
53 20
53 83
81 96
32 70
62 14
81 79
66 53
32 75
49 60
31 95
21 87
94 74
19 1
33 84
8 44
90 59
91 33
50 99
99 35
61 43
70 71
34 7
46 79
42 1
2 41
76 53
48 69
39 39
63 16
85 56
9 74
47 12
59 97
12 5
74 64
34 57
16 51
97 6
70 15
77 47
98 70
70 85
18 10
57 88
77 56
2 94
8 58
10 72
53 9
91 28
55 92
85 82
62 1
