2 100
53 56 97
42 52 54
38 49
18 48
24 34
30 98
0 24
65 1
3 5
27 53
50 7
4 3
93 8
65 56
35 9
2 95
83 96
73 99
2 69
69 63
94 29
68 43
66 50
38 8
73 78
4 87
3 76
26 22
93 2
13 1
11 41
5 18
74 80
8 55
44 50
22 88
72 69
40 66
30 54
33 40
54 1
35 2
42 24
98 22
2 65
28 42
42 71
53 30
69 26
80 49
17 1
7 10
19 75
22 22
86 14
57 83
42 13
19 17
69 97
38 9
91 19
3 96
82 28
15 84
11 39
14 90
64 17
15 63
78 76
90 22
73 27
61 36
99 74
50 69
9 34
4 39
40 4
9 33
78 22
3 21
9 79
68 61
27 63
27 71
84 82
57 25
49 33
51 47
57 86
34 6
10 40
20 11
90 69
90 72
52 61
2 85
81 30
92 5
29 94
65 50
37 34
54 15
