2 100
59 37 71
50 61 80
97 92
7 41
86 70
75 95
41 18
15 97
98 91
74 63
58 19
26 91
8 58
86 48
18 96
12 53
84 42
82 37
84 32
36 95
75 76
46 53
2 8
70 64
13 97
71 58
33 87
40 5
63 98
93 63
89 55
73 56
17 22
71 2
99 65
50 90
24 3
58 39
5 94
73 53
61 73
27 99
50 68
19 70
67 47
53 89
39 59
5 14
98 81
87 62
0 87
6 40
32 65
83 33
21 57
9 96
76 1
88 82
77 59
95 66
93 33
75 21
81 98
97 12
47 87
78 47
25 63
72 68
99 12
73 99
41 17
81 70
85 46
70 77
37 89
66 29
86 1
0 52
75 56
97 17
26 39
44 74
28 65
69 45
5 38
5 67
90 62
7 55
93 20
83 15
29 5
92 15
49 83
88 76
46 37
25 95
61 64
33 35
19 38
64 78
12 82
91 61
