2 100
46 38 106
62 36 45
51 56
89 85
77 99
60 55
2 52
16 8
63 78
76 55
56 99
73 34
83 41
4 0
92 71
54 23
71 19
80 4
37 61
90 59
16 83
39 88
75 37
34 50
55 58
61 43
94 66
68 90
30 10
19 3
67 96
52 67
60 47
1 15
41 74
89 10
33 30
98 2
74 97
23 79
65 49
36 6
11 9
82 73
83 20
39 80
14 32
67 43
10 74
28 90
5 64
52 80
4 20
71 1
15 33
86 31
66 64
88 26
80 66
74 61
72 99
75 63
79 15
18 36
21 44
66 43
18 86
82 32
10 39
94 45
24 67
56 1
21 27
99 22
66 87
95 96
47 86
16 94
2 95
2 23
13 85
14 79
17 78
43 90
55 10
92 18
90 22
33 70
75 11
1 96
28 15
1 55
42 10
17 36
0 7
44 47
85 4
54 44
66 11
42 3
72 49
68 98
