2 100
53 41 97
55 46 54
6 99
24 35
66 62
28 40
50 14
7 13
49 22
90 51
75 95
89 71
9 75
25 71
54 24
91 53
65 14
11 79
95 90
73 41
71 0
93 76
62 84
97 67
40 48
93 14
80 79
31 21
22 39
58 29
44 30
12 45
10 73
66 8
86 90
29 13
49 54
18 13
16 56
64 75
55 44
79 72
49 68
16 71
20 60
29 10
16 86
74 49
18 94
27 76
27 35
39 65
24 67
95 47
47 61
3 25
25 74
92 54
93 71
37 87
19 13
10 22
39 27
97 22
2 93
51 70
31 72
16 47
78 69
71 94
40 32
64 22
28 96
99 75
22 77
50 62
93 76
15 69
14 34
98 78
32 13
67 65
65 78
15 6
52 66
87 15
89 69
65 82
6 51
75 42
97 99
91 93
61 87
9 86
75 26
57 42
66 62
66 85
47 37
87 8
25 71
76 72
