3 100
45 6 39
41 24 34
47 56 47
46 72
74 37
47 57
82 38
63 0
57 68
82 5
87 84
61 35
54 77
53 38
71 22
87 49
56 35
77 7
26 17
5 53
75 95
96 53
59 52
79 39
18 92
8 25
15 63
19 15
3 49
87 60
50 63
54 90
76 70
78 30
70 59
49 89
33 38
43 53
31 27
96 19
24 42
1 69
11 61
27 26
29 45
7 5
5 90
62 12
15 10
42 78
39 29
33 71
97 89
77 49
68 15
40 45
24 98
8 53
88 78
89 57
12 66
76 82
21 35
80 44
8 46
16 22
10 65
92 6
2 92
97 26
52 58
3 96
34 25
59 6
66 71
14 22
22 71
64 84
76 66
80 12
3 9
91 21
2 18
71 76
95 51
74 20
46 67
41 14
38 4
41 81
68 16
66 9
16 78
52 2
18 26
66 57
9 67
27 66
16 36
33 33
3 71
52 72
37 20
