3 100
48 73 43
63 1 30
92 0 49
31 57
27 39
31 37
12 8
52 5
23 86
2 62
0 32
81 64
18 17
86 36
47 0
79 46
89 24
98 32
53 90
20 72
46 54
63 67
15 96
23 36
91 30
89 5
29 99
32 84
25 60
13 45
10 32
97 56
58 5
53 24
62 61
59 59
82 35
91 96
36 51
12 32
88 11
29 33
12 29
95 50
12 72
8 63
55 74
33 83
6 7
63 13
2 17
44 29
1 40
33 50
74 29
83 94
12 62
33 12
33 15
71 6
2 84
24 87
3 72
29 95
65 71
78 59
27 18
29 64
13 97
41 81
22 34
1 66
20 42
53 50
46 56
6 51
0 0
62 10
68 49
80 32
84 16
0 23
26 57
88 30
38 50
13 44
47 34
92 60
79 10
48 48
52 7
57 18
21 48
39 1
95 90
0 13
64 18
53 68
27 49
73 67
28 89
59 92
23 41
