3 100
24 15 40
35 45 41
25 76 39
91 52
41 33
26 70
24 11
18 79
51 40
13 7
77 72
42 77
52 38
39 83
88 45
8 78
69 53
76 79
23 64
61 15
51 57
44 37
84 56
84 64
58 72
52 25
16 12
3 54
26 52
71 80
81 38
57 9
19 16
57 52
31 40
50 64
26 76
47 47
3 70
9 40
92 37
27 34
71 56
13 6
79 70
91 46
87 74
97 43
56 32
81 77
13 53
35 57
34 97
25 68
57 11
82 28
35 75
26 62
51 9
42 41
67 55
1 44
93 43
23 58
74 96
44 4
88 89
50 35
14 98
97 13
78 70
65 5
32 13
25 62
8 81
77 7
88 43
23 20
46 8
66 9
27 75
89 15
74 85
35 81
5 37
60 29
49 55
50 51
63 71
48 39
25 11
12 80
66 14
62 60
54 81
35 92
79 55
79 68
50 34
15 2
49 18
68 6
54 33
