2 100
83 9 72
69 95 51
60 12
1 63
68 82
48 73
46 52
75 80
90 13
27 17
35 20
31 46
17 47
87 21
29 64
2 84
0 11
85 52
80 82
15 90
17 88
2 22
45 44
88 84
74 77
17 91
24 58
15 0
96 59
80 77
90 14
9 37
7 31
20 73
56 84
4 10
50 31
39 1
30 62
67 72
41 60
66 20
4 45
76 45
61 93
83 24
23 80
77 36
8 11
45 28
7 58
78 28
5 68
76 50
70 26
74 99
1 9
3 11
53 64
56 16
84 81
75 46
91 78
69 91
37 86
70 7
23 44
68 35
23 77
12 17
88 13
6 57
5 75
60 72
11 27
85 54
32 29
37 83
74 56
52 83
76 54
52 73
91 98
6 58
84 1
63 76
79 67
97 5
98 0
92 46
69 68
75 96
3 61
98 36
10 63
96 29
73 93
60 66
19 0
34 30
76 78
53 11
