2 100
90 56 47
50 59 73
22 59
25 80
5 58
92 84
83 63
40 22
96 0
52 33
67 15
43 74
45 38
2 99
87 43
80 93
17 77
87 44
44 78
21 24
49 25
45 92
42 73
57 62
1 28
89 7
34 32
2 48
62 51
40 35
96 11
46 72
65 63
1 49
67 46
65 33
91 81
17 19
75 90
44 79
34 92
90 31
57 52
66 98
20 75
86 18
55 40
0 2
6 19
39 72
34 44
67 93
39 27
95 54
80 19
22 45
8 16
10 51
79 42
69 82
94 74
73 5
76 49
51 58
56 7
25 20
34 6
60 46
66 37
8 62
28 43
97 55
44 77
80 12
93 75
29 12
87 54
77 75
75 87
77 19
14 80
29 62
10 96
45 18
80 37
35 34
43 6
78 32
31 46
82 90
70 67
43 61
51 13
13 45
19 63
75 54
97 48
74 40
26 24
86 86
54 1
6 0
