2 100
80 63 46
72 2 77
66 26
14 16
49 17
60 24
93 57
49 98
69 14
49 91
57 26
26 30
88 20
74 32
65 36
97 46
45 45
53 91
62 80
14 25
40 92
4 18
50 28
41 22
81 92
42 54
51 78
10 43
20 98
39 68
51 60
17 84
63 54
15 60
84 33
61 86
76 1
46 3
0 28
47 84
81 52
29 14
31 13
20 11
89 85
24 60
58 10
67 36
24 64
57 0
92 74
62 20
30 65
86 70
35 81
86 40
2 75
92 12
77 98
79 61
6 93
94 36
94 39
84 61
50 61
93 96
92 49
47 6
10 58
52 1
10 37
67 13
15 55
26 45
75 90
56 4
80 78
58 73
25 80
14 47
83 61
4 9
80 56
44 11
1 59
46 68
23 59
35 36
23 10
95 39
31 38
50 5
69 41
0 47
33 46
34 49
88 45
75 84
60 60
91 69
31 23
4 82
