2 100
56 67 86
17 28 70
66 73
88 52
80 80
28 50
34 71
31 34
1 89
59 83
81 56
27 86
35 70
7 71
83 12
52 66
27 20
94 62
33 21
31 90
81 5
64 37
8 43
51 86
28 8
24 86
77 50
8 23
54 29
78 91
77 88
15 16
22 35
75 92
9 62
91 78
98 64
31 62
58 29
56 57
41 4
26 9
82 20
65 55
44 80
5 97
72 21
27 4
8 99
77 6
84 63
24 74
42 49
38 83
32 73
50 21
24 82
3 32
11 26
42 62
91 99
37 91
37 10
46 14
39 8
2 95
21 26
52 69
54 65
70 96
76 3
77 91
6 93
83 94
64 17
81 78
11 70
37 16
41 84
6 98
60 78
53 39
46 72
53 11
69 90
35 57
26 41
53 80
9 29
29 63
35 36
13 42
24 85
40 54
34 71
74 8
84 62
77 16
84 52
37 7
23 15
78 28
