2 100
69 31 60
66 88 90
15 38
59 9
37 33
16 47
67 40
47 30
64 97
66 72
47 65
73 52
87 88
15 65
62 10
88 13
3 87
6 9
22 69
33 67
37 71
39 10
35 73
64 7
27 99
99 88
28 86
60 53
5 24
20 26
64 95
0 49
23 29
38 32
12 62
62 73
73 62
44 44
73 7
85 44
75 7
46 67
94 10
14 22
65 51
24 61
49 94
51 80
37 75
73 66
11 58
92 20
28 47
3 89
18 0
26 5
13 20
6 96
30 73
14 2
48 44
98 29
90 87
89 73
36 88
96 47
44 23
80 65
17 18
6 22
53 66
50 25
10 34
60 16
42 1
30 49
56 22
61 79
88 77
96 26
33 20
61 88
65 68
83 53
59 89
63 55
73 68
92 7
53 23
39 41
40 42
74 89
95 55
29 15
3 54
29 69
62 3
69 0
38 99
38 71
23 44
4 28
