2 100
50 21 74
86 48 76
28 52
33 4
45 12
87 59
75 25
68 87
98 70
44 17
59 99
9 17
13 36
89 58
63 95
76 33
23 46
20 55
42 15
9 25
48 97
45 90
62 0
44 10
64 64
66 78
16 39
70 28
82 70
1 21
47 15
90 40
65 47
19 83
70 51
30 97
28 71
75 89
86 64
97 80
71 61
75 94
77 67
5 10
70 31
6 41
51 92
0 30
99 92
3 14
92 73
28 46
68 39
3 1
50 23
81 19
93 23
64 9
16 31
34 63
0 28
20 43
18 39
18 92
80 87
28 52
31 0
60 69
28 45
50 43
77 51
18 80
62 80
21 19
83 11
28 95
18 67
51 54
50 28
51 51
66 46
93 54
11 5
99 56
70 82
65 66
78 4
1 87
70 20
37 56
10 55
83 58
40 69
27 23
32 44
12 55
11 74
75 21
1 9
21 65
99 85
97 30
