2 100
51 86 50
77 83 100
55 46
89 40
13 92
19 72
52 14
19 57
29 28
75 3
85 41
34 56
19 86
89 66
91 72
1 13
28 27
85 98
89 98
85 41
68 70
27 41
90 99
1 60
55 48
41 1
77 42
67 41
99 41
24 85
89 39
38 79
48 63
76 59
68 38
32 6
18 69
66 55
79 2
89 35
22 97
52 5
32 86
98 9
78 43
80 24
6 44
35 68
26 41
7 2
96 64
87 88
77 68
28 45
29 28
18 27
34 7
15 97
37 70
40 53
4 52
24 68
70 79
65 46
0 44
85 69
49 96
39 15
33 1
2 36
40 10
75 98
95 96
67 18
42 8
50 95
59 16
97 68
21 77
44 42
61 90
83 16
81 68
3 50
89 40
64 13
39 4
70 8
70 74
46 40
64 98
42 40
33 58
46 13
56 24
55 59
50 2
12 83
5 75
85 71
72 26
86 72
