2 100
25 11 80
23 23 79
65 68
78 94
22 38
73 21
25 84
43 5
4 68
29 43
44 24
81 97
13 57
36 27
19 39
57 7
49 58
53 74
48 29
74 38
80 20
25 5
82 93
85 59
71 63
32 5
78 82
4 93
23 30
43 49
12 8
15 77
47 11
13 95
17 84
88 49
41 80
74 4
64 91
66 61
29 53
16 54
58 24
88 56
83 67
85 22
64 29
10 86
82 60
60 92
5 97
6 77
3 0
79 10
37 89
80 15
19 29
65 21
45 39
16 78
17 61
64 33
2 82
32 0
7 84
69 69
25 5
18 69
88 57
6 17
90 8
66 24
46 71
99 53
18 92
81 51
64 41
54 59
5 29
66 91
33 56
22 47
69 35
94 98
0 55
51 0
86 49
66 87
77 4
30 50
42 11
46 92
54 76
6 54
41 48
79 9
76 69
63 60
38 8
9 24
85 18
75 20
