7 100
95 94 25
81 13 13
50 27 24
46 85 17
76 87 13
98 73 24
46 2 28
66 64
57 89
27 44
0 34
83 48
49 12
30 91
37 79
54 12
48 17
7 22
84 2
78 73
28 87
82 70
69 47
16 9
94 81
71 65
97 45
10 92
23 60
43 39
47 56
82 32
56 10
5 32
52 52
78 81
36 51
37 65
23 5
59 84
74 98
39 86
54 65
40 73
35 93
71 34
39 44
9 82
91 49
88 49
35 18
33 26
22 84
41 21
15 94
7 11
23 64
1 58
11 48
51 47
31 91
75 17
96 42
23 94
78 43
84 44
67 13
69 33
72 33
59 19
55 20
56 72
6 15
78 20
21 81
16 70
51 42
26 82
70 52
89 46
10 73
17 98
19 91
91 57
17 58
78 8
14 74
71 82
67 7
27 49
59 12
54 81
76 3
92 97
85 95
61 4
0 96
93 54
59 29
44 40
23 75
60 59
66 31
18 18
49 48
74 35
12 98
