7 100
63 79 16
21 29 20
98 53 17
6 47 29
61 85 25
63 44 13
69 62 23
84 63
28 35
77 53
71 5
13 47
64 46
28 12
54 92
27 91
19 91
90 92
70 75
22 43
11 21
44 68
47 18
56 6
77 8
11 44
47 55
70 55
78 53
66 2
63 91
1 52
52 84
90 70
99 53
34 25
24 0
58 9
80 60
75 55
15 53
25 71
16 68
55 57
2 55
22 62
18 16
81 21
21 79
96 42
83 52
57 24
66 22
30 82
95 64
94 96
55 75
12 13
93 93
0 8
40 57
56 54
41 92
71 94
45 33
51 70
65 0
2 40
89 24
84 68
16 77
33 91
13 87
88 0
86 4
67 8
76 62
25 22
60 36
68 1
22 10
21 98
8 11
60 75
44 90
90 41
95 90
58 14
81 79
67 7
48 66
52 1
56 37
95 59
46 83
75 50
60 15
70 64
92 14
61 20
28 97
32 93
0 86
12 6
4 89
15 14
28 2
