3 100
54 46 41
51 48 36
53 45 73
42 22
86 39
24 91
96 39
9 9
76 24
98 49
60 7
55 59
54 79
47 44
96 34
0 83
61 0
91 61
52 75
42 60
67 59
17 40
12 58
52 95
5 50
37 60
72 57
92 89
21 84
13 56
20 34
42 72
3 54
98 12
49 86
25 40
43 70
58 26
93 1
84 83
59 39
90 87
52 58
43 99
65 10
18 65
12 2
66 92
86 15
4 91
67 37
71 44
15 66
98 85
99 67
37 17
93 80
50 68
95 86
49 15
80 29
10 5
32 60
74 93
81 26
70 35
27 80
62 3
95 35
51 80
61 63
27 3
16 88
22 37
81 91
59 16
79 85
74 25
4 19
26 64
70 26
80 86
54 29
39 60
26 48
85 46
25 94
89 88
12 58
11 36
53 30
49 24
63 74
46 65
38 89
93 6
29 12
12 12
24 3
42 84
60 78
76 69
35 58
