3 100
50 46 38
46 53 59
45 49 53
40 9
45 35
97 81
70 18
14 26
65 48
16 14
65 8
34 99
44 31
5 54
47 53
37 85
14 42
13 75
48 84
23 58
38 82
71 52
96 25
94 13
72 76
75 89
51 20
29 91
50 29
7 7
21 18
19 95
38 41
49 9
3 27
6 26
89 91
15 57
49 8
35 64
36 63
43 43
71 33
93 24
40 90
86 75
10 2
32 10
57 47
2 9
52 33
22 24
62 45
48 13
87 62
31 18
14 22
67 25
92 98
15 27
81 14
6 72
68 65
58 82
66 70
29 86
59 19
33 16
33 21
71 83
29 0
14 62
67 96
83 95
6 44
39 99
9 87
75 55
29 48
2 70
31 31
43 78
66 83
40 81
45 83
41 36
31 87
43 64
33 98
9 97
1 82
98 7
13 18
59 90
0 12
12 96
14 31
32 2
77 18
44 21
88 9
92 98
58 77
