3 100
49 48 60
46 46 55
50 46 36
3 77
69 29
42 47
53 2
82 29
49 65
27 80
89 22
58 3
71 45
89 60
76 94
57 71
85 33
4 17
98 5
33 56
44 62
11 9
36 28
13 96
9 25
12 6
87 9
68 29
44 95
52 9
10 81
68 11
57 42
87 1
88 27
11 64
15 16
33 99
16 55
78 55
73 29
94 23
76 79
15 98
18 67
35 59
21 37
82 19
87 50
57 7
15 93
38 52
41 60
45 32
13 87
18 66
5 89
39 44
39 8
5 32
7 35
54 53
21 72
20 91
49 3
97 22
50 81
9 6
61 94
35 66
6 88
39 7
99 71
68 63
8 9
73 12
59 3
61 30
68 9
28 90
21 93
59 49
79 50
69 96
65 87
25 33
91 87
21 91
30 37
95 76
36 56
31 96
81 65
62 71
62 27
66 34
10 23
50 72
58 26
50 4
47 84
47 96
41 52
