3 100
53 46 32
54 54 48
45 46 70
27 4
10 23
73 63
83 45
43 80
12 66
37 2
96 69
64 83
44 34
29 86
74 28
44 43
58 18
45 76
66 67
59 7
4 49
85 39
29 51
2 88
13 57
93 2
78 53
24 73
41 95
79 75
0 91
99 50
48 76
79 54
80 69
88 13
46 37
27 75
97 85
31 72
2 53
84 50
52 92
63 4
99 91
14 25
50 42
85 94
79 84
69 3
54 43
25 56
25 4
34 13
12 2
70 61
28 11
43 64
38 75
62 97
90 20
35 3
70 17
73 38
74 56
65 72
76 49
35 16
6 31
96 95
9 0
32 25
84 88
90 93
17 7
45 25
75 76
80 20
27 76
88 75
27 78
70 44
74 42
67 43
98 84
81 45
16 69
31 25
52 63
2 11
86 48
9 77
20 9
46 53
38 46
45 73
87 22
76 86
37 67
38 86
18 75
21 71
49 55
