8 100
87 37 20
8 75 13
61 24 10
51 31 12
66 27 17
73 95 18
86 18 13
32 89 20
83 8
38 64
63 41
43 9
97 2
2 62
10 46
23 1
99 38
95 9
36 87
56 99
89 25
82 35
31 31
59 58
16 0
6 86
67 76
27 36
96 27
41 34
40 31
12 42
15 53
55 39
48 58
69 78
76 95
60 16
78 37
53 8
90 49
5 54
49 62
70 62
93 56
75 20
51 76
94 82
88 65
56 77
40 44
21 69
60 49
15 51
69 52
58 41
16 8
58 95
94 51
78 25
5 28
25 67
14 39
78 1
39 29
67 2
71 40
53 13
24 69
93 8
13 23
59 91
14 52
92 56
14 4
97 42
46 26
18 83
61 64
75 83
25 95
76 18
50 76
97 76
48 79
76 43
99 24
37 8
55 63
9 81
11 49
14 73
15 15
71 2
45 43
5 38
99 76
42 50
23 89
11 8
49 47
78 47
80 61
1 91
37 19
51 52
35 60
1 89
