8 100
48 58 18
92 35 10
49 69 21
76 54 7
59 53 17
73 62 17
37 19 18
14 82 18
90 67
55 77
70 55
24 97
27 94
87 11
28 70
33 20
19 23
40 11
47 76
29 93
19 17
33 77
90 36
40 76
94 72
38 50
1 39
72 73
64 90
90 50
34 43
75 21
82 86
48 17
5 19
91 5
5 69
54 35
47 16
43 17
83 48
58 51
52 7
9 20
62 46
92 49
87 33
50 12
26 83
84 41
39 50
1 35
10 13
38 24
7 82
28 16
68 82
16 27
5 14
30 82
99 9
91 38
85 99
6 30
82 46
86 19
47 2
71 31
8 59
63 38
6 67
87 77
35 53
54 0
3 84
74 87
72 48
35 2
1 57
78 9
23 76
9 10
75 4
67 98
76 32
79 19
16 93
20 49
73 40
55 86
4 63
88 59
2 92
65 18
50 2
87 1
79 11
68 77
78 18
8 61
11 23
43 13
73 54
47 64
73 67
75 63
53 68
24 52
