8 100
3 8 12
89 26 11
77 84 23
94 27 18
89 84 20
34 10 14
40 54 13
45 29 15
25 80
90 67
1 69
78 24
29 81
67 16
61 44
30 51
20 92
33 80
49 32
31 84
29 23
61 35
74 2
22 4
91 74
48 43
35 33
27 51
57 22
85 72
69 3
32 72
7 80
48 76
66 93
72 80
91 20
35 99
60 71
27 70
69 27
42 91
82 49
17 69
58 12
1 93
21 8
13 62
25 60
39 83
79 1
89 26
78 75
80 46
77 40
57 96
69 40
41 58
74 16
16 80
70 50
89 20
48 77
76 38
65 88
41 21
63 52
0 93
83 67
67 37
88 96
45 78
49 3
50 49
46 56
52 68
61 5
16 59
27 67
12 49
3 80
71 70
44 59
2 72
50 30
5 45
43 66
64 22
80 50
99 92
7 60
15 55
17 7
72 72
86 6
37 7
63 0
50 49
17 22
39 2
35 83
79 2
52 66
1 5
50 90
0 13
52 65
10 87
