8 100
32 28 15
47 62 12
5 84 18
15 12 16
38 59 10
1 16 18
3 99 18
93 82 13
92 97
78 21
1 70
2 16
81 44
81 57
48 76
60 91
49 57
84 52
30 63
51 4
67 33
37 6
18 89
34 97
47 94
96 9
85 46
87 9
49 78
74 45
43 84
13 33
45 84
81 79
36 48
95 46
87 69
28 85
42 1
28 14
40 36
35 57
23 15
69 88
15 81
24 56
60 74
74 58
75 48
12 68
29 96
44 78
50 31
60 86
32 59
47 84
54 40
93 69
50 90
9 0
15 56
94 86
93 91
90 40
47 25
87 68
36 13
35 70
8 92
92 37
31 75
65 92
64 34
86 4
67 18
30 35
51 73
23 97
50 80
31 47
20 99
63 50
97 47
18 22
61 41
58 92
13 4
16 48
95 90
4 84
73 70
59 3
85 96
78 29
51 72
47 53
4 80
5 50
48 73
92 2
21 89
30 86
23 89
90 11
73 98
51 53
11 31
86 59
