7 100
51 45 20
24 60 27
79 60 32
53 12 13
73 63 15
47 28 29
51 88 14
14 38
25 95
66 83
13 91
3 66
2 55
78 2
8 45
96 51
90 11
86 94
29 49
57 41
72 88
67 7
7 1
97 52
66 45
54 77
28 9
93 85
95 6
95 0
34 79
25 51
34 75
40 52
30 95
61 29
75 22
86 43
30 81
33 22
30 95
26 77
14 44
87 70
78 60
74 41
69 66
75 88
70 36
12 28
15 14
70 93
52 69
20 42
40 8
62 89
87 72
39 74
72 8
69 38
58 25
63 33
61 33
78 20
10 87
47 76
33 96
39 93
10 89
98 70
8 98
80 89
89 36
94 82
69 57
18 25
99 40
68 88
34 48
88 57
92 6
79 58
55 65
40 60
17 4
76 16
47 60
97 23
31 56
37 64
10 24
2 5
64 65
86 19
10 72
1 10
59 26
35 86
62 27
5 20
5 73
97 98
25 68
23 36
80 10
12 58
7 18
