7 100
20 29 25
39 35 33
65 54 16
52 30 21
60 22 12
11 58 26
22 37 19
60 21
46 22
80 27
68 83
84 26
77 78
24 63
87 8
90 6
24 87
47 87
71 22
1 96
3 50
93 94
63 2
43 37
76 78
54 61
85 13
2 4
93 82
36 65
52 87
89 94
78 67
39 24
14 11
62 46
2 93
60 7
9 81
47 33
85 90
37 58
40 99
95 84
99 27
25 1
41 22
19 24
33 23
41 43
38 83
48 61
76 28
43 84
46 88
16 64
13 38
34 50
6 21
65 59
35 13
0 57
47 61
50 72
16 58
66 14
82 97
24 69
47 19
62 13
17 19
40 28
16 49
89 53
44 89
39 87
33 11
20 54
95 85
94 91
13 96
47 70
66 5
92 94
8 88
37 27
12 27
17 17
57 12
95 15
28 6
29 89
4 64
33 99
98 40
24 74
13 30
17 47
35 97
38 79
18 86
73 91
2 81
88 66
29 77
73 53
45 78
