7 100
45 13 26
21 59 34
41 29 18
79 10 19
75 7 26
10 51 15
12 26 15
64 80
14 66
53 22
72 29
87 42
59 72
55 56
85 16
52 24
4 9
56 33
87 23
56 15
42 90
31 63
21 11
25 95
36 67
64 41
93 90
96 83
38 59
71 82
76 19
48 74
28 37
41 29
68 12
7 73
98 55
83 75
36 59
65 30
82 50
48 27
94 5
87 13
30 77
45 77
73 81
6 98
83 76
22 30
13 2
37 95
39 69
74 36
77 81
20 48
75 16
47 38
25 16
78 20
9 75
59 2
42 71
29 39
4 11
62 6
97 97
25 5
43 55
78 86
66 17
35 17
36 83
1 63
48 6
59 37
46 98
84 67
16 75
66 88
75 19
45 57
5 8
2 56
14 89
81 64
50 8
29 20
36 38
38 15
37 46
82 22
93 13
29 80
93 95
76 6
40 97
56 22
39 2
17 32
26 3
91 92
76 26
90 36
31 82
31 50
33 72
