7 100
41 90 12
52 5 16
40 66 28
15 53 24
45 49 21
16 55 24
69 85 28
0 42
45 92
57 30
70 92
78 54
70 86
3 99
26 32
21 89
57 78
28 18
82 11
74 44
58 57
82 99
23 4
73 5
58 15
76 40
95 9
91 59
6 30
92 43
97 28
60 29
73 31
70 55
59 18
52 26
80 8
49 3
16 42
15 32
46 48
83 75
64 79
26 47
23 33
53 69
1 72
84 74
61 47
52 93
94 38
12 11
94 69
74 20
72 59
47 6
93 13
64 47
78 82
67 21
54 47
58 70
86 67
30 36
4 27
23 22
9 58
76 40
18 66
74 20
85 27
17 37
75 28
8 5
10 29
64 87
1 60
37 82
30 66
17 62
32 74
30 99
92 80
41 25
13 53
93 7
81 32
30 94
69 67
67 77
93 8
31 25
17 61
80 4
31 21
68 99
23 74
34 57
6 8
48 11
31 49
1 74
19 25
40 16
25 59
80 52
90 65
