7 100
51 85 22
38 72 22
4 23 23
32 73 34
87 86 18
12 29 18
82 78 18
53 17
70 46
69 30
33 55
65 82
69 57
58 16
18 24
74 71
98 44
87 23
98 2
81 97
0 83
5 21
47 57
11 61
19 64
28 81
23 72
49 15
40 23
65 9
81 32
5 68
97 67
90 10
89 25
37 18
24 87
68 90
91 88
89 34
56 70
78 60
30 2
76 66
30 52
65 98
5 63
33 33
40 80
31 58
55 49
80 73
10 1
0 6
16 82
71 57
36 69
13 51
58 74
75 1
23 30
52 5
27 67
86 61
48 65
50 33
42 62
45 55
81 51
87 38
80 94
52 47
6 14
98 34
21 31
36 23
21 2
36 58
3 15
35 88
1 82
36 17
50 9
38 67
2 85
97 81
73 16
1 22
63 20
77 3
48 49
73 20
48 34
54 5
8 97
47 54
69 52
26 10
80 41
57 8
0 98
74 42
69 22
43 6
81 70
33 6
10 51
