7 100
54 62 19
93 14 25
35 18 13
47 37 25
58 81 16
24 72 23
21 87 32
11 43
44 64
95 80
29 17
46 77
43 50
4 74
49 30
93 1
38 86
36 34
31 83
22 65
59 86
7 68
41 86
67 77
90 48
7 5
66 7
67 71
26 16
10 6
89 98
13 67
64 68
85 3
48 35
27 13
50 22
50 10
25 90
3 22
93 31
7 86
73 91
7 28
21 35
50 13
91 32
49 26
42 82
95 87
61 28
4 45
89 34
10 62
99 78
43 84
64 32
47 55
54 29
40 53
27 22
54 94
4 99
2 52
37 52
62 20
90 48
48 13
63 41
92 95
66 53
83 43
57 14
95 58
76 45
58 53
10 30
5 84
77 95
47 50
78 74
14 28
60 13
85 14
9 56
81 44
38 14
31 96
59 86
20 35
96 40
85 38
46 77
23 67
14 49
42 54
54 88
26 16
9 90
13 39
62 1
76 24
89 5
70 25
55 71
81 30
33 49
