7 100
90 94 28
85 51 20
85 14 15
6 47 21
71 50 25
49 77 25
8 41 22
86 33
4 25
68 85
95 63
70 23
68 44
83 22
87 50
93 55
33 32
55 84
61 47
21 25
42 81
62 18
94 93
11 53
61 79
78 15
57 47
45 34
89 30
74 80
32 92
31 73
7 84
69 37
86 5
5 18
89 33
23 21
69 98
3 2
41 12
17 91
82 90
7 74
88 29
35 97
90 42
65 85
52 53
42 90
20 13
56 69
73 7
10 36
55 16
87 63
13 60
24 28
18 47
61 18
92 34
76 95
82 66
29 43
10 20
73 10
22 59
21 15
50 80
74 32
52 53
33 42
64 12
0 43
35 94
5 99
15 33
50 42
2 48
33 21
63 76
17 99
56 28
27 2
59 25
56 14
95 50
24 31
34 52
18 56
57 44
54 49
1 16
35 78
72 30
23 85
77 8
82 61
28 42
30 87
43 12
85 70
26 54
20 2
51 89
51 95
37 85
