7 100
91 75 16
14 22 33
60 58 26
47 90 23
5 20 21
37 79 17
19 89 18
30 19
33 80
28 28
63 81
51 51
28 20
26 52
98 44
52 57
83 49
77 43
55 33
42 11
43 29
47 77
11 30
65 73
30 24
29 36
79 73
7 56
6 32
61 96
99 12
21 55
0 65
43 0
65 41
15 7
46 1
50 57
70 3
77 44
27 94
90 26
37 77
54 40
30 29
97 96
73 74
91 42
43 1
18 49
86 34
1 72
9 29
89 36
78 34
70 49
50 13
39 15
14 83
79 92
47 95
32 24
85 88
88 26
3 77
75 90
65 96
76 85
72 46
69 6
2 10
61 3
53 7
73 31
27 6
1 72
86 75
95 84
33 22
91 26
50 11
53 35
74 77
56 95
54 41
22 22
35 0
68 69
82 88
81 6
13 43
25 82
61 73
0 28
13 2
83 18
57 5
79 57
82 50
53 28
66 99
38 4
2 19
67 62
12 28
84 87
13 47
