7 100
73 75 22
6 15 28
13 25 27
55 87 15
32 82 23
15 94 16
85 19 23
27 40
49 0
83 46
98 63
67 35
51 28
89 63
20 19
15 76
45 90
56 8
37 16
70 82
26 13
49 29
60 71
23 56
33 96
46 80
37 77
54 30
0 44
85 63
70 99
58 20
25 80
3 74
48 25
14 8
61 52
57 77
97 79
5 99
52 50
26 43
21 93
67 16
6 27
9 73
41 20
52 42
55 99
11 77
98 31
92 39
79 98
46 23
2 57
58 38
99 11
41 27
90 86
25 80
99 95
88 50
10 34
18 46
29 45
25 5
7 28
55 84
25 28
83 43
13 52
78 53
31 24
85 7
10 4
7 38
53 70
92 11
92 3
5 8
8 6
34 39
76 7
32 52
85 51
11 69
19 88
43 68
95 75
56 72
70 33
83 54
69 25
90 24
16 27
98 81
82 48
70 47
71 6
93 16
43 29
62 6
2 18
11 47
60 53
90 4
73 53
