5 100
19 55 33
67 41 38
37 90 34
28 30 55
4 82 33
32 72
46 18
15 46
45 12
11 2
32 80
27 1
97 31
83 66
28 6
23 63
65 84
27 90
46 81
42 64
82 61
50 89
44 99
64 68
94 29
0 73
28 73
98 87
65 69
47 97
52 56
85 45
87 13
33 87
0 69
82 61
21 96
6 29
29 4
81 27
42 48
26 74
87 37
44 49
78 92
25 37
29 83
32 38
71 36
70 64
47 89
32 37
25 27
98 85
61 38
55 62
72 28
48 80
70 37
92 64
38 54
15 1
48 83
9 72
52 10
41 11
64 7
63 75
34 33
15 99
42 25
80 16
17 94
41 82
80 31
15 40
94 15
7 76
28 50
41 38
62 17
3 91
47 40
76 20
80 97
24 55
95 78
39 87
76 89
75 95
74 15
32 41
72 57
56 4
92 49
19 76
93 39
51 15
94 37
55 78
29 52
2 24
53 29
77 23
43 18
