5 100
7 36 23
66 53 39
3 95 34
50 66 42
57 34 53
76 94
41 55
56 43
28 67
27 7
69 7
99 31
86 29
28 7
16 61
62 1
30 5
61 85
23 86
94 50
54 17
57 27
86 63
26 47
23 52
54 53
43 33
89 30
16 82
9 14
29 7
78 96
93 84
98 71
23 83
21 52
71 39
42 80
60 22
68 60
88 90
31 96
93 96
26 75
27 47
89 73
55 26
67 48
92 78
21 16
91 79
63 35
50 62
57 79
77 50
99 46
92 13
18 94
94 7
23 86
59 69
47 86
7 63
99 53
82 11
3 26
84 76
60 19
31 71
18 69
24 46
3 67
45 87
23 67
89 19
42 25
48 36
6 38
90 3
18 0
87 38
96 88
77 67
34 98
3 36
76 26
14 70
46 18
69 89
58 46
34 44
72 61
13 39
21 24
34 24
68 65
3 54
60 42
37 32
62 30
11 44
86 44
98 7
62 91
61 36
