5 100
3 45 32
68 12 51
60 77 46
76 97 42
61 84 23
44 77
32 61
36 98
27 16
13 83
71 48
22 79
87 28
14 6
73 62
60 84
34 39
26 62
66 13
64 8
44 65
31 43
69 42
58 2
11 37
19 47
23 54
53 72
72 12
24 72
90 52
16 72
80 97
91 28
39 36
4 9
8 11
74 79
47 49
36 3
64 88
27 20
95 9
91 12
54 76
40 51
61 57
98 35
67 45
65 12
54 86
69 88
44 2
90 72
12 35
26 41
0 9
33 69
64 58
38 63
43 85
57 5
74 41
53 52
97 90
32 2
51 72
13 95
63 61
30 12
90 15
38 74
64 2
67 76
12 42
19 38
16 35
15 39
91 20
38 78
20 45
4 47
75 96
13 76
55 67
0 59
74 68
26 82
3 47
34 54
15 3
99 50
59 92
7 61
85 20
2 48
77 17
60 22
89 54
39 16
19 46
49 19
63 45
41 74
60 42
