6 100
77 68 21
88 59 21
53 40 29
38 57 31
33 13 20
43 0 18
8 93
22 12
21 4
15 72
88 41
61 50
6 55
87 2
85 61
29 97
96 64
26 84
72 10
43 69
80 67
29 86
21 28
18 17
17 42
58 70
67 62
99 13
82 12
27 22
59 25
4 69
0 2
9 71
59 79
89 6
7 80
85 70
46 71
48 18
76 19
50 54
80 54
65 95
88 7
46 44
35 97
24 17
10 80
92 91
49 94
60 60
94 40
52 88
82 69
3 19
28 8
20 13
35 22
41 74
84 67
64 97
13 59
56 42
30 42
40 55
45 7
89 44
23 14
45 81
20 98
39 84
51 39
94 87
33 79
69 93
17 12
86 38
54 36
39 69
46 20
90 22
23 98
62 84
19 82
2 78
60 31
87 87
21 61
83 26
27 74
80 94
2 39
47 69
42 91
51 61
60 77
15 68
68 59
32 5
96 57
95 62
14 9
41 49
74 19
82 67
