6 100
33 16 22
40 76 24
82 14 33
24 98 32
48 71 12
61 20 17
30 17
53 88
68 91
25 25
9 21
72 67
29 96
4 64
36 65
2 25
91 39
37 36
40 21
88 58
13 39
97 5
83 5
33 48
3 5
91 45
21 64
61 9
47 50
69 59
4 20
87 97
24 85
75 90
27 16
42 72
72 65
89 9
4 92
26 10
9 96
47 84
50 47
3 53
41 51
46 18
74 2
6 38
34 22
73 4
49 24
11 77
32 16
90 44
98 20
94 74
7 35
81 61
38 93
58 54
27 33
71 46
95 72
98 26
43 55
40 61
21 81
74 65
64 28
77 69
50 28
89 87
19 90
73 31
20 75
4 87
38 95
83 23
2 70
70 22
47 0
2 59
34 56
45 15
88 44
61 87
25 66
86 46
74 49
34 28
46 51
22 96
86 44
4 3
78 59
78 89
85 46
73 76
55 71
59 64
92 97
30 72
82 13
22 87
60 59
23 76
