10 100
96 42 11
75 41 13
94 24 8
59 2 7
92 70 10
11 39 8
58 55 17
89 59 13
23 25 14
96 51 12
6 22
1 78
74 71
49 4
8 25
85 26
86 67
59 10
84 16
64 51
98 38
83 65
13 48
87 23
55 23
62 97
61 79
24 9
86 32
82 20
54 33
91 42
92 75
58 75
29 19
32 99
61 48
73 79
21 7
3 46
44 58
51 24
45 59
3 70
91 13
91 3
75 18
39 12
86 13
41 35
64 85
70 43
43 2
72 45
70 61
55 31
73 94
17 23
92 38
50 52
82 66
75 23
87 98
59 79
84 93
18 39
18 88
85 99
4 91
10 72
78 54
40 44
24 12
66 59
66 58
92 36
3 44
18 29
94 64
14 44
76 59
35 66
38 78
23 5
21 31
22 70
92 71
8 62
45 87
20 88
86 61
19 44
11 33
71 97
63 39
58 44
47 73
77 91
71 99
59 0
59 41
80 46
70 57
93 68
41 90
42 23
47 43
19 27
11 52
99 55
