10 100
21 3 12
23 22 10
99 72 13
6 57 14
55 77 15
55 3 9
23 14 12
46 34 15
75 1 8
38 52 8
23 21
56 93
76 99
36 13
17 88
15 43
34 71
60 79
85 58
47 19
34 27
12 22
16 78
67 54
77 90
95 83
96 91
75 37
39 76
72 46
50 83
95 55
78 44
57 46
68 72
84 44
41 70
84 10
62 4
15 92
30 63
76 26
34 27
99 99
42 90
73 12
34 91
28 40
82 60
78 14
53 92
66 2
92 89
77 21
63 25
94 20
96 24
95 37
95 70
79 85
62 85
13 32
77 65
99 71
58 61
84 76
45 32
56 0
80 21
49 76
77 2
9 25
81 8
20 72
56 64
39 83
30 32
44 27
47 69
17 78
39 27
93 23
14 23
96 36
31 87
84 96
45 24
69 67
30 67
72 98
52 93
13 52
97 41
4 90
30 13
28 60
27 5
49 68
1 13
72 57
6 40
27 41
32 99
82 48
91 73
67 97
29 8
39 39
19 18
49 54
