10 100
7 28 13
58 96 8
7 37 16
29 19 9
64 67 12
54 56 11
4 87 13
5 37 8
45 55 14
29 86 9
10 73
73 23
72 24
9 69
59 99
60 89
27 63
95 22
94 98
76 1
83 81
21 23
12 15
90 44
47 88
42 45
2 68
95 1
88 72
1 70
61 21
53 69
98 12
7 59
81 67
20 84
40 62
58 48
7 83
45 76
59 59
14 45
60 8
29 43
22 43
32 68
71 42
36 20
82 22
40 79
61 49
42 69
83 62
22 16
92 51
30 26
12 39
64 10
56 42
95 21
95 28
66 36
33 93
82 79
53 80
1 87
49 86
91 29
42 67
5 92
45 94
7 84
7 14
71 59
77 73
24 11
31 13
92 66
37 61
23 35
78 63
70 95
82 56
1 57
57 1
79 82
32 72
3 33
99 29
38 15
91 58
67 45
78 53
93 98
85 17
39 1
46 24
56 70
19 15
88 70
22 42
58 49
81 2
57 22
11 2
50 86
29 47
58 44
97 69
8 74
