10 100
54 35 13
25 4 11
53 22 8
54 93 13
18 69 11
9 7 16
53 71 10
14 17 7
5 74 13
59 16 8
13 99
49 99
42 97
68 76
53 0
34 88
7 57
75 41
77 98
80 46
78 24
72 42
38 48
71 98
57 40
17 24
74 52
37 46
53 68
64 28
83 48
59 60
18 87
60 51
70 99
18 9
61 45
88 94
95 61
1 40
71 40
55 73
84 25
29 31
33 83
20 49
88 85
38 99
39 78
37 69
74 37
67 75
3 18
46 14
0 28
62 64
74 29
54 26
59 50
87 23
45 10
33 43
29 49
2 20
19 25
96 73
0 56
8 92
48 36
30 87
25 78
94 16
55 93
42 47
56 0
23 92
17 45
61 5
87 77
7 33
62 93
10 4
14 10
78 98
4 66
36 99
92 85
70 39
0 12
63 74
38 75
25 86
61 50
97 24
68 47
35 80
40 33
50 96
97 3
8 20
29 36
41 69
77 63
50 24
57 51
61 39
70 17
14 40
54 25
45 6
