10 100
26 98 15
93 28 15
78 31 9
0 42 10
77 95 8
97 83 8
25 99 14
85 15 16
94 50 6
38 60 12
83 70
34 10
64 42
85 17
43 27
61 35
88 28
56 2
73 52
72 18
90 1
82 7
71 19
42 91
0 57
13 80
13 77
40 34
21 90
77 40
90 53
90 24
79 55
19 85
14 30
8 93
78 80
46 89
2 20
48 59
36 44
88 96
18 16
19 52
57 40
95 27
61 56
43 2
31 0
98 92
28 54
37 72
37 99
49 87
81 73
26 70
54 13
31 66
32 18
93 44
75 58
33 78
38 29
24 75
55 47
83 36
68 42
94 30
68 76
91 61
77 43
99 75
28 50
89 3
23 98
95 36
61 71
18 47
23 32
5 21
85 31
86 18
13 0
89 48
22 67
21 81
65 55
25 78
41 16
63 31
70 62
94 82
64 14
63 63
92 33
94 33
62 13
18 1
7 51
94 27
19 89
91 9
0 66
79 37
72 55
27 0
73 13
35 25
85 43
11 33
