8 100
58 43 14
66 29 27
94 10 36
6 91 34
99 4 22
78 17 19
86 77 32
9 8 20
54 47
67 72
80 65
73 51
80 82
28 97
92 61
39 54
56 78
25 37
23 72
9 59
35 59
7 25
51 74
65 68
6 75
46 90
64 2
14 45
68 65
14 79
93 65
19 30
86 77
55 32
8 56
77 71
67 77
16 92
34 35
72 28
7 13
50 34
53 90
54 85
56 50
75 74
25 89
65 33
29 42
50 78
87 38
70 61
68 4
39 21
27 61
49 74
83 56
70 99
33 25
22 73
26 94
12 5
48 5
58 54
93 58
20 71
18 50
80 14
96 74
5 97
59 25
83 36
50 56
98 75
38 63
69 59
53 95
12 60
41 24
54 18
23 98
68 12
8 68
26 83
51 9
42 78
65 66
10 34
67 67
76 62
54 20
22 18
12 73
44 98
3 79
41 18
23 37
39 67
68 52
91 0
85 9
13 0
68 70
7 67
53 13
61 62
17 47
70 65
