10 100
93 89 14
30 57 12
16 34 14
96 22 15
5 97 17
79 74 10
91 84 12
90 11 10
23 73 8
27 55 11
21 78
10 5
74 32
35 13
74 53
79 63
78 35
85 6
11 54
54 84
39 52
5 39
1 82
71 42
40 11
57 84
7 29
81 8
27 23
22 86
47 63
58 78
67 34
59 89
81 94
36 30
16 18
12 73
99 3
96 91
98 59
16 99
12 92
2 56
74 63
33 59
7 23
58 69
89 42
36 80
99 0
90 57
41 47
77 31
99 29
90 30
83 43
22 83
2 67
30 21
55 24
13 9
72 10
1 76
91 99
67 30
50 88
0 23
77 13
81 51
72 13
84 72
92 89
49 33
5 67
75 96
4 29
33 73
34 96
42 24
29 44
76 60
49 3
86 90
16 38
29 78
87 62
75 47
48 0
88 44
81 38
53 40
37 56
91 7
86 61
33 25
31 55
55 46
18 22
82 14
46 30
63 50
91 28
12 10
93 6
58 64
15 30
33 69
16 66
12 64
