10 100
46 84 11
85 29 10
81 78 16
28 1 16
30 81 18
65 91 10
98 62 12
10 67 9
67 31 11
0 54 16
29 36
36 45
92 93
50 7
9 95
14 32
79 94
5 71
1 38
20 26
2 89
27 27
82 40
58 53
62 46
36 54
26 63
69 47
3 84
32 19
23 57
78 9
87 62
94 32
33 29
66 88
38 63
2 73
18 78
10 75
85 78
87 85
88 70
91 49
56 47
97 87
18 68
64 2
15 0
37 28
80 72
34 31
78 73
97 99
65 4
72 64
39 1
5 72
10 6
63 76
55 33
60 72
24 10
79 73
63 33
78 89
66 20
70 88
60 19
89 3
36 75
54 34
32 0
9 7
22 76
94 17
59 62
97 65
75 98
65 80
1 55
64 61
18 32
6 45
65 84
92 68
79 37
98 57
40 33
7 87
71 96
1 28
32 66
62 36
98 62
87 38
79 53
82 7
92 13
4 36
64 68
87 92
38 57
57 91
61 82
97 40
35 66
7 61
11 66
16 3
