6 100
77 29 20
62 76 29
50 22 27
46 47 17
69 50 25
49 66 35
36 39
50 94
13 94
34 43
50 49
16 53
28 61
46 61
55 64
36 54
18 54
68 40
20 14
31 2
75 70
58 40
19 59
65 37
35 39
58 45
45 16
33 0
47 11
55 90
36 10
48 77
60 64
20 68
68 10
17 45
75 23
22 80
62 16
38 24
64 25
58 63
62 2
58 71
8 32
67 13
38 31
80 43
70 57
22 68
79 37
34 68
96 56
32 38
58 48
5 26
47 91
49 24
41 17
70 95
58 40
40 34
31 47
82 62
94 91
70 35
82 20
99 85
18 95
38 24
79 60
95 99
17 49
72 26
36 63
72 0
19 56
45 98
15 71
62 60
31 53
82 33
32 56
74 7
52 3
42 73
79 93
79 13
84 76
64 95
77 15
76 93
41 75
72 8
51 71
70 76
73 36
16 62
70 70
0 74
33 28
32 57
6 92
28 29
51 57
56 52
