6 100
15 34 18
54 83 17
69 26 37
55 76 18
58 37 26
24 24 39
95 2
88 15
41 84
64 85
79 51
58 86
91 28
99 6
31 89
3 72
89 60
97 89
57 38
76 69
93 95
49 41
66 58
24 31
97 21
60 20
30 97
7 91
34 79
33 8
41 90
35 13
83 35
15 48
63 21
31 48
35 67
75 26
63 55
70 10
6 60
30 54
62 54
58 13
6 97
15 60
75 16
28 32
73 12
45 98
72 4
30 93
48 48
91 80
63 74
57 89
93 62
59 86
23 98
56 42
84 17
34 35
1 97
74 46
95 43
69 72
60 25
18 59
88 32
75 24
75 30
37 69
21 93
29 44
53 39
39 27
16 21
90 25
58 79
43 90
36 53
21 95
19 85
91 79
8 65
41 59
96 72
27 84
74 22
79 34
59 60
34 20
51 59
91 27
68 39
72 87
87 50
92 15
99 81
88 24
69 65
67 23
2 29
38 75
87 37
28 48
