6 100
65 18 25
26 79 21
77 55 27
59 32 28
32 51 26
19 66 26
77 60
95 58
6 56
89 0
14 94
80 3
23 56
17 41
33 32
1 66
56 42
41 80
7 88
52 68
57 57
91 98
51 26
44 94
24 99
25 5
83 55
79 23
86 53
79 27
0 53
2 52
71 80
80 31
29 19
17 50
66 79
35 12
52 17
53 57
80 8
54 3
89 94
28 77
44 88
29 84
51 89
74 79
3 99
97 46
9 70
24 21
80 89
17 6
28 62
64 11
82 10
41 53
89 0
43 81
69 23
32 61
77 88
73 71
16 49
97 22
93 74
76 63
95 4
7 84
63 53
16 11
60 47
3 12
10 55
11 90
33 85
25 64
14 56
85 5
78 4
23 13
99 84
43 53
19 98
12 81
89 7
8 2
16 30
90 5
88 61
7 46
55 94
11 36
1 91
89 92
34 66
51 99
72 92
41 74
66 81
24 60
64 69
72 17
86 45
20 20
