6 100
69 21 31
26 74 25
16 59 15
45 39 29
63 17 25
27 77 25
62 53
63 38
51 99
61 57
48 50
37 10
6 71
5 85
22 82
71 76
97 2
17 70
35 29
80 68
43 60
11 54
10 7
81 20
17 53
60 74
22 39
11 95
55 49
69 61
95 87
80 12
38 63
91 57
80 81
53 58
5 0
79 19
0 51
70 6
94 94
19 58
19 39
78 25
15 90
56 51
31 41
26 13
82 36
51 52
12 92
37 34
70 46
44 55
38 0
54 89
46 47
40 34
48 98
40 44
52 46
36 94
84 41
96 82
59 44
86 16
8 4
53 43
93 16
57 76
33 54
59 17
8 31
26 45
95 69
13 7
35 99
85 92
18 46
87 18
90 2
1 51
97 52
42 16
38 41
87 10
34 86
49 26
58 18
13 23
10 43
45 55
33 7
14 60
95 15
13 83
26 1
19 13
68 66
52 35
48 71
10 13
36 6
97 33
66 84
94 77
