6 100
37 63 26
62 57 21
24 80 22
55 34 30
25 15 37
17 32 19
95 13
86 64
81 76
96 23
12 83
4 42
7 88
87 57
86 72
12 77
30 84
12 79
1 64
81 19
13 87
57 5
75 72
21 0
65 75
21 89
1 49
28 63
41 5
99 3
29 3
76 15
34 2
58 65
66 35
40 35
29 72
91 49
25 42
50 2
28 36
78 27
63 66
40 16
23 77
83 6
77 81
3 44
94 63
39 11
57 45
91 82
87 38
61 3
19 58
28 31
69 54
49 83
81 97
73 89
25 71
83 46
89 85
83 27
18 84
10 81
51 19
81 67
47 62
58 25
3 43
76 7
58 34
72 58
45 79
69 43
51 72
85 87
39 33
3 41
76 87
82 32
18 64
3 36
86 43
78 64
23 9
84 90
76 14
76 6
50 87
47 48
60 99
84 30
26 86
76 78
77 27
29 97
10 49
47 47
56 11
20 93
53 10
59 95
6 52
15 24
