6 100
59 31 12
43 74 20
56 45 18
54 35 30
73 62 35
55 41 35
93 19
12 51
79 2
84 10
3 88
5 18
52 88
79 72
79 88
0 1
62 92
19 34
12 98
77 72
5 57
1 45
4 80
86 1
68 6
41 70
32 50
10 94
64 0
76 75
85 67
35 71
93 90
53 52
3 56
71 29
5 45
8 64
60 12
73 50
10 31
51 12
55 28
54 82
48 56
42 82
37 72
58 17
76 56
38 29
25 78
32 55
76 5
24 77
25 24
6 40
46 24
41 61
5 74
72 56
24 44
39 91
88 78
3 58
54 35
33 49
85 70
63 12
16 25
31 20
16 76
60 42
88 78
21 11
31 32
47 94
46 9
19 12
86 32
68 98
99 68
78 22
56 9
45 83
74 90
91 95
20 13
20 56
20 34
26 63
55 58
92 58
48 8
48 15
94 8
68 37
46 30
2 58
89 88
38 33
52 27
75 97
46 17
13 84
73 2
11 54
