6 100
60 20 33
60 31 28
69 61 36
84 69 24
20 25 16
53 73 17
4 28
88 77
61 32
64 20
74 6
79 66
75 78
1 78
27 66
37 95
93 98
59 7
40 18
47 68
43 7
81 3
62 0
16 97
17 69
8 57
8 83
73 16
10 14
86 33
6 53
77 19
89 28
30 55
17 26
63 95
99 97
49 80
4 81
43 16
68 47
25 53
47 14
95 5
73 80
69 42
70 97
33 74
47 48
33 46
82 7
46 49
30 51
63 50
38 66
37 90
70 79
28 69
61 26
31 56
80 48
19 87
26 52
74 60
79 90
87 28
71 33
61 50
68 73
30 32
9 32
16 4
59 91
49 8
89 0
95 17
45 1
63 58
38 59
28 75
0 50
61 71
48 68
20 10
33 99
90 18
87 41
89 86
57 44
1 64
69 25
91 99
33 49
8 17
52 40
28 41
26 57
6 72
19 43
90 42
54 83
35 81
48 48
33 10
83 31
25 78
