3 100
44 56 23
34 87 34
61 89 53
92 52
9 28
72 93
3 64
80 74
40 56
88 49
59 97
43 86
64 12
97 77
67 42
34 69
79 1
16 57
6 56
90 36
14 88
73 42
93 0
58 17
79 54
64 96
21 36
73 82
39 54
85 84
63 36
98 82
50 9
43 40
26 82
69 62
83 87
76 25
86 69
97 2
35 44
87 47
82 48
75 30
65 52
1 26
15 7
21 49
26 4
88 60
32 13
0 55
89 49
73 83
30 50
14 78
84 52
36 34
86 62
85 90
51 78
42 5
68 19
44 51
3 55
67 14
75 0
93 21
47 2
60 36
27 3
24 1
92 40
75 73
76 23
96 52
96 22
68 39
22 38
87 62
14 56
47 22
21 42
53 69
73 51
28 48
29 31
56 19
87 33
59 68
7 35
21 64
43 48
24 4
51 63
91 31
63 27
89 50
64 22
9 42
29 44
90 43
73 16
