3 100
81 39 31
69 19 53
99 92 28
78 93
9 45
88 6
3 44
48 35
32 17
26 54
37 0
3 44
40 44
27 50
72 23
59 60
53 6
41 69
10 59
99 65
94 61
58 62
22 91
65 30
74 2
69 44
89 2
25 8
61 91
42 95
76 50
4 52
17 65
28 9
98 60
64 19
27 35
11 24
95 53
8 58
97 77
78 12
98 61
86 74
20 78
41 19
73 1
52 90
93 18
77 48
20 67
44 20
79 87
29 98
45 88
12 80
58 1
35 10
37 84
54 31
62 93
49 54
88 73
21 82
26 28
44 1
80 99
93 41
36 94
30 93
88 36
17 29
60 15
3 93
55 99
62 98
1 40
12 96
37 4
53 99
52 83
87 34
8 76
74 38
10 99
65 28
7 67
86 85
22 74
16 33
53 58
26 84
41 15
96 25
70 19
6 74
24 71
33 17
14 26
63 79
23 60
72 51
62 18
