3 100
64 24 46
78 64 38
60 45 26
3 4
28 71
25 48
50 15
9 38
57 33
56 49
47 87
40 57
73 45
51 51
67 44
75 42
83 35
91 57
38 38
39 53
92 11
73 72
69 20
19 10
22 51
25 93
78 49
31 37
76 80
23 93
51 47
92 65
44 75
42 15
65 12
70 32
36 79
4 95
71 48
92 32
26 87
54 41
93 84
33 48
87 61
38 15
44 58
82 86
49 36
84 1
65 82
34 29
13 54
24 32
30 61
48 42
5 81
99 86
5 92
78 90
79 19
70 90
74 49
27 36
44 65
66 95
75 0
61 22
75 88
22 82
96 21
74 62
59 96
8 3
94 83
42 55
11 70
39 52
14 80
89 84
55 25
46 27
10 26
56 18
66 79
6 21
59 99
56 89
70 74
25 26
29 80
29 61
0 51
46 44
23 90
8 20
12 88
42 16
32 41
72 82
65 26
52 93
95 89
