6 100
85 22 24
62 18 31
14 60 24
56 81 13
75 36 27
52 49 36
72 70
27 23
4 4
43 20
15 12
82 35
82 59
35 0
17 98
39 88
34 52
47 26
90 48
7 17
47 79
55 38
63 5
42 79
13 13
81 52
63 23
47 10
38 13
19 52
54 36
35 19
59 62
44 65
57 16
44 71
42 5
5 46
92 74
45 24
23 7
73 75
49 9
19 57
56 86
80 57
6 64
43 29
6 96
85 91
18 89
69 49
11 56
75 58
88 56
13 17
89 50
76 69
13 11
46 38
26 76
48 64
17 63
25 58
76 87
41 71
80 96
41 23
75 39
76 10
53 36
6 13
53 69
13 8
22 9
98 0
69 8
30 73
15 75
44 89
71 29
49 87
14 31
72 77
99 10
92 48
74 55
54 11
86 72
98 55
71 16
62 92
93 97
5 67
34 48
22 18
57 99
22 7
95 7
93 35
92 96
4 6
6 66
67 22
53 1
68 49
