6 100
30 48 32
34 34 26
44 59 23
46 89 34
51 82 15
55 34 22
15 94
79 51
22 88
96 45
82 36
83 42
62 88
64 10
17 98
56 45
6 92
56 8
7 84
40 40
21 25
10 70
77 14
40 13
65 5
90 97
82 49
27 27
60 16
14 17
30 77
14 34
58 23
85 51
87 42
29 87
68 38
5 71
7 77
70 35
93 8
91 83
16 79
53 54
77 25
46 89
45 28
99 46
83 16
33 2
42 55
84 51
72 53
90 94
31 80
80 42
54 76
69 56
69 14
57 9
92 38
27 10
41 34
62 30
33 66
38 73
45 21
14 65
53 75
21 72
95 55
84 68
61 35
40 24
1 71
19 77
76 33
88 40
62 52
90 83
29 51
3 33
54 25
59 43
86 36
12 78
22 82
60 74
9 69
5 57
77 29
34 40
75 58
39 1
10 71
10 42
70 19
39 39
86 22
62 24
90 11
39 87
11 49
3 28
78 40
49 41
