6 100
12 30 24
80 17 22
33 82 22
81 53 33
27 48 26
25 23 26
73 63
56 95
27 20
75 23
96 22
14 7
91 63
52 40
13 94
30 80
22 68
12 95
78 66
71 42
6 64
55 83
12 2
55 19
44 32
97 53
2 96
42 6
3 27
13 64
57 1
15 74
9 1
74 87
58 20
90 70
32 9
89 12
52 35
31 13
64 32
43 83
90 52
70 43
11 54
20 17
99 0
98 69
18 70
77 95
93 44
76 47
38 46
28 24
30 95
68 64
97 73
12 67
13 43
0 21
1 34
0 32
31 76
57 80
3 63
90 68
73 53
83 60
15 5
52 29
79 45
59 75
8 56
4 46
56 45
98 32
72 17
39 51
10 24
44 66
29 1
15 60
48 18
97 67
19 4
68 76
4 68
90 90
37 13
94 47
20 1
50 64
77 88
87 90
45 95
70 24
71 25
42 69
70 38
90 93
23 60
3 97
82 21
57 57
2 37
99 96
