6 100
20 71 29
61 48 15
46 83 33
76 12 20
20 60 29
80 66 28
45 2
45 45
6 10
90 37
80 16
46 68
15 60
15 22
81 15
63 14
46 50
89 61
25 43
38 10
18 97
19 58
26 52
79 77
65 19
90 57
53 93
75 11
94 12
66 88
60 49
3 48
63 16
20 66
90 36
31 14
79 70
93 21
75 83
96 83
8 60
27 34
36 60
42 70
58 18
13 60
68 46
57 64
99 70
16 94
58 69
83 60
48 18
7 19
40 98
37 62
81 75
19 10
87 53
93 96
17 68
27 88
48 99
68 15
60 85
48 5
94 18
15 51
74 80
55 72
99 74
89 77
59 86
29 92
44 39
42 20
34 69
79 26
63 24
20 78
79 38
14 20
65 86
60 73
75 66
26 0
84 4
22 6
71 65
28 43
59 81
57 50
61 63
12 43
11 13
13 61
96 5
74 45
91 14
3 4
84 82
99 73
6 60
16 65
80 18
79 29
