6 100
39 62 26
23 11 32
17 18 27
10 29 17
88 71 25
89 26 27
67 81
7 4
15 15
71 10
27 66
91 81
99 0
81 77
47 23
65 78
59 97
17 34
96 90
23 29
80 25
99 46
80 12
35 58
29 95
60 16
97 27
23 71
9 4
38 21
26 75
90 95
63 38
57 87
76 60
6 27
19 87
23 18
69 68
84 2
58 43
49 73
64 16
63 29
68 72
96 86
54 37
40 13
20 57
1 67
2 50
54 21
78 84
46 82
99 13
46 68
17 34
84 84
97 32
25 42
4 63
20 69
19 82
75 13
96 6
91 7
34 44
50 1
55 61
98 87
84 43
70 82
27 89
71 60
4 93
73 76
33 76
74 93
49 99
13 90
70 68
18 64
78 14
64 48
86 39
33 99
74 27
63 78
97 82
77 58
36 83
44 15
85 84
86 2
21 37
25 77
90 63
99 12
87 10
13 34
24 39
66 99
31 3
55 80
41 35
67 33
