6 100
37 34 28
50 88 29
33 85 23
66 67 32
40 11 22
46 54 20
27 1
17 71
72 46
72 82
66 81
12 70
80 34
68 25
85 0
64 20
51 29
96 91
28 75
24 8
25 36
91 80
53 55
15 83
64 7
21 8
37 24
91 24
99 25
68 35
12 38
55 18
81 15
96 22
57 28
64 25
76 89
70 62
52 31
93 89
33 32
65 58
21 42
13 2
33 10
25 56
45 38
38 58
8 14
8 61
67 92
75 40
38 39
25 71
48 1
4 24
37 48
73 69
70 39
80 56
48 99
64 32
1 69
96 73
26 8
80 95
63 11
47 13
4 3
90 56
3 52
44 26
40 18
44 36
22 59
61 21
22 61
92 83
17 69
93 41
57 74
10 80
58 62
19 55
8 64
57 10
45 32
77 69
74 29
1 10
82 33
4 73
56 50
40 93
51 97
76 48
68 22
41 98
55 42
50 3
85 19
92 68
39 93
50 83
5 40
3 74
