1 100
92 75 163
42 85
2 99
44 67
37 10
77 34
35 32
62 87
33 98
12 58
40 54
30 19
15 4
67 35
49 87
57 27
26 12
36 86
85 31
85 39
23 66
46 69
19 41
29 85
52 35
27 49
23 96
96 2
32 99
73 57
51 60
21 1
73 7
13 45
47 24
77 54
65 37
56 92
41 16
48 42
26 57
11 77
62 23
12 22
9 24
72 41
72 47
56 59
46 80
45 45
28 16
46 14
6 10
16 10
2 31
88 88
82 53
36 84
1 45
79 36
19 38
88 36
81 78
85 29
62 98
71 47
71 22
39 46
83 99
63 60
4 43
68 28
0 77
51 4
14 25
52 45
53 17
30 20
20 66
74 28
64 72
3 74
63 34
35 1
42 65
2 60
12 99
12 33
81 14
33 88
3 58
87 0
62 25
10 28
56 70
36 90
38 6
20 70
95 95
49 96
55 89
