1 100
59 14 175
34 18
7 6
69 62
99 49
97 0
38 74
73 45
18 88
80 86
22 71
99 85
47 21
74 59
69 14
95 13
71 32
76 55
48 97
15 4
71 0
71 31
76 49
33 97
72 73
56 51
58 77
44 4
22 21
52 43
63 63
5 81
25 0
11 75
99 28
84 60
30 72
37 22
4 96
99 47
71 41
94 38
7 13
10 0
32 80
75 86
30 85
10 65
85 56
94 16
60 83
35 16
0 56
51 58
20 48
35 96
25 79
17 44
21 53
39 93
76 67
11 92
79 55
81 31
91 88
46 65
88 34
80 89
15 49
23 86
41 40
1 78
15 29
39 0
47 90
81 6
88 76
52 52
71 68
41 20
0 38
55 81
86 5
97 26
63 6
61 28
88 47
38 94
89 95
47 50
53 28
12 51
96 44
78 18
27 30
0 10
31 83
54 76
69 6
51 83
67 50
