1 100
10 55 140
1 91
76 31
21 56
86 51
85 20
46 60
5 39
22 42
80 10
59 23
3 42
23 23
48 24
53 51
10 31
96 48
53 63
33 61
75 76
7 50
16 64
52 0
11 22
28 14
4 10
50 15
25 85
64 78
85 10
73 3
21 9
50 14
42 70
34 50
6 24
48 55
24 14
76 42
41 46
35 15
77 34
32 10
93 89
18 60
73 24
87 59
95 61
60 95
82 69
32 10
58 24
7 89
38 14
14 35
57 67
16 67
55 51
30 36
19 17
20 40
58 73
94 56
41 25
96 49
57 80
26 11
22 78
56 78
52 63
82 18
92 75
26 88
52 62
42 51
23 2
26 77
61 40
15 15
5 50
90 61
32 27
50 62
54 86
59 6
9 44
88 68
88 39
93 18
15 52
17 83
19 91
17 20
77 17
48 79
15 38
60 22
3 87
23 81
92 86
42 44
