1 100
68 36 140
44 76
31 51
29 78
62 46
10 66
57 61
37 3
5 32
93 61
37 53
14 66
3 44
20 73
78 38
60 48
83 71
83 29
48 22
16 69
82 58
49 3
30 64
91 9
91 34
21 55
12 72
11 25
25 2
73 70
7 43
17 50
36 44
85 57
73 79
52 10
73 51
25 27
48 19
6 61
64 30
40 61
6 52
5 25
67 12
74 23
75 34
55 87
74 95
21 28
30 86
55 22
83 45
21 99
40 88
92 67
6 38
45 89
13 59
50 50
0 82
50 33
11 10
46 93
72 59
69 83
33 4
11 64
96 66
85 9
49 43
94 66
29 39
51 55
42 96
21 83
90 83
92 6
90 26
31 15
24 29
65 40
77 27
55 44
61 43
18 19
21 69
90 7
97 38
42 40
94 14
84 7
80 72
98 67
9 38
98 28
61 63
15 56
36 89
70 46
69 42
