1 100
69 45 140
21 19
87 41
66 38
87 62
13 56
57 78
82 89
68 24
47 96
72 62
19 79
76 85
8 72
61 73
32 63
73 79
17 22
44 17
54 6
56 73
5 0
95 73
97 59
81 87
12 81
36 43
38 28
23 23
97 79
12 17
15 4
36 16
88 56
76 41
30 20
58 48
36 67
9 93
36 15
10 86
36 94
67 69
42 34
97 85
21 49
55 31
91 15
20 55
10 29
13 34
94 47
56 64
14 64
86 76
90 6
77 46
4 9
74 30
78 11
18 18
11 82
25 88
12 64
39 58
62 67
95 50
18 34
76 93
77 80
4 35
47 10
15 35
46 93
40 4
45 38
37 65
79 66
60 90
22 10
51 44
7 0
88 83
30 65
46 16
68 83
93 82
79 45
54 38
37 68
44 6
38 79
33 47
85 90
49 1
96 16
47 88
22 62
22 70
13 34
81 25
