12 100
67 6 14
87 70 16
28 26 15
24 40 15
17 21 12
3 72 16
46 60 16
21 97 22
37 29 20
52 97 14
53 62 11
82 73 20
84 48
52 6
27 65
8 35
42 69
93 73
6 60
81 64
91 0
56 43
41 40
71 92
4 28
41 12
29 89
64 1
39 39
34 48
83 3
2 88
19 99
32 65
87 15
92 86
88 53
65 71
56 0
81 94
38 19
42 53
72 40
16 88
91 32
68 84
83 97
34 75
62 84
26 80
85 3
94 15
61 50
60 23
81 33
72 13
98 63
12 24
14 36
36 45
98 41
89 17
23 86
92 97
17 13
52 71
17 71
15 18
35 38
50 97
67 68
42 6
82 41
70 31
72 45
85 86
44 48
18 57
5 5
57 58
8 34
90 72
81 20
36 82
88 2
23 70
66 33
99 18
57 29
4 6
54 48
53 77
65 89
2 71
97 93
92 82
48 31
4 38
10 1
2 54
19 87
56 80
68 33
10 35
64 56
5 3
41 8
59 78
62 26
40 48
93 84
83 90
