12 100
24 94 18
76 89 17
23 44 10
43 67 16
14 1 17
28 12 9
11 46 17
58 33 9
74 60 12
37 14 23
59 29 15
9 61 22
97 40
63 20
80 95
54 19
85 76
1 57
97 82
28 37
34 44
12 55
72 43
75 47
80 78
63 49
96 89
75 25
49 53
16 41
78 3
3 97
24 29
43 72
85 96
60 91
17 91
84 38
55 51
69 88
66 45
92 85
51 39
19 80
80 51
68 3
41 71
99 99
5 28
55 97
73 72
71 59
46 90
46 54
99 31
33 97
12 80
44 13
9 12
65 0
94 54
20 38
25 74
22 5
88 17
94 15
33 32
78 82
94 44
80 73
90 77
33 17
42 41
5 92
54 39
2 78
91 49
94 88
25 79
49 92
77 13
17 65
95 73
96 90
50 41
32 60
75 57
63 52
80 52
94 82
83 93
69 23
94 5
84 61
53 32
27 72
32 69
20 0
27 71
72 12
55 7
47 35
79 77
8 34
58 70
30 34
1 81
17 10
34 15
46 37
5 21
86 56
