12 100
29 24 21
51 69 12
41 58 14
26 77 18
41 59 20
52 50 20
92 81 16
17 5 8
3 74 8
79 1 16
0 73 20
78 28 11
47 84
15 68
11 7
55 72
57 11
73 52
17 95
59 9
22 8
18 53
71 55
48 37
42 90
23 97
97 74
65 73
50 53
43 23
75 43
85 13
91 40
19 60
32 81
32 83
23 41
1 71
28 89
69 17
68 8
34 56
58 83
40 98
74 41
61 44
60 83
52 41
19 38
78 48
15 93
24 20
68 22
27 79
77 73
16 77
22 45
28 52
68 7
33 48
26 35
72 63
2 5
90 43
38 57
11 0
32 41
5 70
49 52
60 76
42 6
20 75
21 1
4 84
1 61
57 79
64 19
61 10
44 56
62 25
39 97
37 5
58 22
27 52
55 77
41 53
1 23
4 97
64 81
32 52
37 93
76 31
30 81
84 0
10 82
3 38
62 99
5 87
81 70
48 32
84 37
65 26
13 4
26 67
13 73
92 57
9 58
2 35
50 88
45 52
83 78
25 3
