12 100
95 0 22
30 71 11
35 27 17
28 85 13
54 51 12
48 61 14
19 37 13
26 83 11
52 71 14
26 58 21
11 44 17
23 54 18
59 55
35 55
8 66
3 29
28 66
28 97
7 12
47 41
87 48
30 65
64 1
89 22
87 4
94 5
14 96
88 59
53 6
48 44
73 18
18 56
36 64
34 8
58 0
95 67
54 44
35 0
62 60
46 73
99 93
17 48
80 90
6 56
80 3
3 66
67 73
51 8
35 76
39 12
75 87
33 55
34 0
19 35
65 42
35 45
59 86
35 78
32 82
73 13
10 86
76 62
38 60
20 72
58 59
51 75
30 44
20 68
30 50
29 93
48 90
92 13
50 97
6 41
5 64
77 61
91 29
36 60
71 64
96 35
9 71
38 4
86 14
12 80
3 89
97 47
96 98
59 74
97 33
9 55
95 19
2 76
77 80
14 81
85 90
14 32
75 43
86 22
86 83
57 51
63 14
92 92
56 42
23 66
21 44
99 25
3 73
33 66
51 87
78 88
50 98
2 97
