6 100
93 66 14
9 87 22
64 99 16
15 29 22
62 3 20
60 55 19
42 11
41 77
42 16
50 65
35 66
9 25
21 36
65 28
16 89
42 80
49 92
64 11
14 42
6 82
6 24
36 30
40 86
9 9
53 66
66 33
74 47
59 28
96 89
82 75
98 9
81 72
54 45
4 99
6 73
70 83
98 1
6 74
48 54
31 84
64 98
48 57
77 24
52 6
21 4
70 82
61 59
73 96
87 24
84 78
21 24
7 13
14 29
50 74
16 20
4 76
33 86
4 87
97 89
9 72
73 27
63 45
52 35
16 74
41 75
77 48
4 77
66 19
53 47
4 75
30 35
41 75
54 59
21 64
10 28
66 15
49 62
45 72
62 11
30 27
66 68
13 64
59 94
80 72
63 11
19 64
83 43
91 52
95 34
61 29
36 47
98 43
79 22
39 14
79 1
10 71
44 18
0 67
11 56
46 58
41 3
83 51
19 12
86 4
15 22
96 44
