6 100
86 12 14
43 18 19
99 69 14
86 33 20
25 71 19
50 50 24
77 41
82 73
97 84
57 22
34 67
63 56
14 70
50 71
26 99
83 59
52 22
75 21
84 92
62 64
33 1
97 5
91 60
53 34
65 68
93 48
22 66
99 69
15 92
46 64
14 60
29 42
16 25
69 68
58 22
83 60
72 11
9 93
25 19
82 69
47 89
86 45
24 17
67 30
31 92
20 13
58 27
45 65
72 16
15 84
58 46
21 67
60 12
72 98
23 63
87 60
17 58
45 19
73 51
9 39
23 10
92 41
63 56
80 46
0 52
39 21
39 19
84 15
30 54
72 78
22 14
40 78
65 45
70 29
74 87
42 63
3 74
48 61
78 54
88 52
3 36
97 27
15 8
67 53
11 35
62 75
60 45
82 81
76 79
15 19
45 41
78 32
86 90
60 32
49 77
40 74
84 81
62 40
70 53
17 30
42 73
43 17
33 38
82 10
72 75
47 27
