7 100
90 65 21
26 17 18
2 37 28
95 90 21
71 98 28
95 66 20
85 4 17
87 20
53 53
12 2
69 71
97 76
15 4
84 80
10 78
1 71
31 94
23 83
36 48
13 42
71 84
19 88
80 38
15 27
30 18
59 41
11 85
12 13
19 91
73 82
67 0
50 18
36 43
96 57
84 91
48 44
0 42
63 62
40 90
39 40
58 79
61 11
28 37
86 50
44 83
49 38
17 30
81 60
80 85
96 50
24 26
56 57
50 63
79 76
62 33
34 86
67 7
40 92
69 15
42 9
33 2
59 75
31 63
56 55
15 80
47 0
38 51
63 38
27 27
39 23
94 30
88 11
73 66
20 96
51 19
36 11
8 28
76 42
87 47
11 26
83 58
9 58
31 19
10 82
4 92
8 94
90 93
90 49
95 11
29 61
39 10
85 79
82 41
40 95
7 25
78 76
30 73
16 91
59 64
19 24
20 28
13 22
60 96
49 70
4 78
14 10
64 93
