7 100
27 89 26
64 91 32
75 32 21
46 11 18
87 5 31
59 54 16
59 36 11
4 8
67 8
65 70
50 31
70 84
65 65
28 48
7 68
10 36
38 12
95 46
64 28
68 59
7 73
94 94
3 44
29 92
32 53
57 26
50 33
0 66
54 67
56 75
42 49
19 95
94 25
1 25
98 27
54 94
75 51
49 57
93 32
69 78
16 77
84 11
83 0
81 46
8 93
20 77
28 72
60 59
23 52
35 56
35 22
68 12
98 16
1 51
60 64
10 26
89 57
91 50
19 68
47 42
88 51
39 90
42 25
17 93
30 76
52 75
66 9
5 76
77 81
80 61
92 32
25 56
9 66
98 83
37 83
46 19
54 13
2 91
50 64
90 75
25 83
79 52
6 0
54 36
98 43
90 10
6 50
61 70
48 8
25 17
29 56
46 46
10 48
16 42
4 57
58 74
67 28
83 23
64 21
29 3
11 19
41 99
85 89
87 53
43 54
97 92
82 10
