6 100
48 49 25
47 51 21
53 47 34
51 49 21
48 50 29
46 48 20
12 79
81 67
43 14
86 73
14 89
48 19
58 39
48 91
8 92
77 69
55 36
98 52
36 70
65 12
8 58
87 35
65 95
97 34
47 57
45 70
67 16
91 12
71 93
29 45
29 25
86 38
19 65
17 94
20 82
23 96
85 52
1 32
26 91
33 56
1 70
33 72
31 87
84 94
86 96
26 3
33 55
16 45
77 73
38 35
58 35
8 84
3 29
93 35
38 47
40 54
62 36
75 51
9 31
18 11
91 26
53 96
26 45
27 69
80 36
58 77
77 75
13 84
86 38
19 97
94 72
67 22
17 45
88 18
51 56
4 44
53 15
34 47
11 69
50 67
69 70
49 53
98 86
83 58
0 39
46 3
58 51
9 18
13 84
35 90
27 34
56 15
87 89
93 47
88 12
86 4
90 47
90 10
25 85
42 60
8 33
76 39
73 21
38 14
39 56
59 22
