6 100
52 49 14
49 54 35
48 45 22
45 51 24
51 54 21
47 46 35
93 54
83 75
93 54
80 56
85 41
83 20
22 61
2 5
44 77
19 4
93 38
97 94
72 82
26 36
3 65
69 33
76 29
11 29
46 90
72 38
58 34
68 51
78 55
25 89
95 29
15 45
74 80
60 18
11 30
34 40
39 34
66 22
33 94
84 15
73 7
57 94
41 83
36 72
81 1
76 74
11 40
90 18
94 44
86 52
59 89
61 88
12 98
86 88
65 48
89 84
38 31
70 12
75 85
14 78
2 89
96 18
91 78
74 82
82 83
60 31
89 84
87 56
44 96
14 60
92 52
99 22
25 40
69 50
47 11
50 14
83 43
70 50
71 80
54 59
74 32
1 23
97 40
68 73
68 94
50 32
27 63
14 21
89 11
95 77
45 18
57 14
60 16
68 82
35 99
55 94
52 81
40 64
55 91
33 36
86 43
18 28
96 19
10 25
21 20
47 71
