6 100
49 54 23
51 54 24
52 46 29
54 50 28
51 53 25
48 51 25
96 91
93 33
81 10
50 85
32 88
62 77
60 6
29 39
55 71
48 68
78 78
60 39
63 62
19 60
72 92
76 76
64 94
27 34
60 35
56 95
17 40
35 42
42 96
19 85
3 59
74 32
39 19
27 82
48 95
41 0
55 71
14 84
65 65
90 15
54 17
25 18
12 94
2 98
41 9
5 39
45 14
26 12
59 63
31 40
0 25
6 30
99 57
50 90
63 83
11 95
85 5
67 2
81 35
45 62
65 51
4 87
77 43
20 94
4 90
67 51
29 73
23 77
98 66
11 69
17 36
32 38
93 92
11 88
53 94
19 82
59 22
2 95
30 87
3 59
34 4
52 50
78 10
88 76
63 10
25 21
71 20
3 36
84 66
98 20
64 38
46 96
23 73
90 63
67 66
71 44
1 99
42 84
48 14
98 32
41 22
83 42
27 81
79 20
57 11
86 30
