6 100
51 49 21
53 48 22
53 46 27
52 45 28
51 54 36
49 53 21
20 70
42 52
12 61
78 66
31 31
36 34
72 76
66 61
52 44
82 19
79 75
78 73
11 14
75 48
58 94
10 39
67 26
17 40
26 95
73 84
20 34
26 70
25 87
38 84
47 22
74 83
18 3
82 17
58 6
3 78
47 13
66 45
69 98
80 44
65 9
88 85
10 94
38 66
37 43
85 47
18 13
47 28
21 1
62 26
22 17
97 82
90 77
60 92
13 94
1 5
26 59
1 48
56 14
10 8
68 63
80 53
34 83
38 82
85 36
44 48
39 28
29 47
96 79
13 60
50 13
21 39
5 47
78 37
37 84
68 88
47 38
97 46
80 0
47 2
17 10
17 60
23 0
58 57
42 5
91 35
0 63
20 71
68 2
72 93
20 17
49 8
12 49
95 44
11 25
41 3
5 49
85 95
5 35
66 47
63 63
65 17
91 4
71 75
90 79
78 71
