6 100
48 48 35
51 45 27
49 50 34
50 47 13
47 51 25
46 46 20
87 44
73 90
31 54
79 51
82 24
79 45
13 80
17 97
2 50
73 72
3 69
59 31
94 74
31 13
57 53
43 46
63 54
86 96
97 14
32 23
62 56
6 44
15 77
89 83
41 91
52 71
7 40
78 2
82 19
99 20
67 82
86 26
33 2
93 96
12 26
0 69
93 12
73 77
80 21
95 60
80 40
3 60
30 62
14 10
70 7
11 38
69 13
97 16
82 97
34 28
67 98
95 89
7 14
12 80
57 27
59 97
73 25
33 66
82 78
67 67
73 55
31 35
22 90
49 59
22 5
57 34
90 89
64 54
49 13
43 40
28 92
56 99
76 4
76 53
1 61
3 69
25 28
98 68
81 34
27 40
38 37
54 18
16 55
21 6
61 98
8 64
72 42
52 49
98 37
19 19
85 51
19 82
93 20
71 18
62 46
32 99
31 75
24 23
92 64
89 67
