5 100
60 89 49
69 42 27
53 74 43
99 93 30
59 71 31
6 37
27 47
14 78
43 89
27 65
90 77
68 97
2 13
77 14
87 55
27 4
18 75
93 17
6 98
49 18
24 71
49 78
39 43
71 6
22 80
57 91
48 52
63 44
98 34
9 83
59 19
44 94
38 97
44 17
60 47
20 2
27 56
59 87
43 16
53 30
52 48
44 43
37 89
60 14
70 36
93 62
31 53
74 44
67 82
66 12
73 40
28 61
99 46
42 27
78 33
16 73
42 75
94 17
53 56
61 74
60 39
97 30
62 86
79 40
64 21
34 87
42 0
22 72
95 92
0 31
39 11
32 24
57 8
39 12
51 48
6 38
49 76
43 30
94 31
19 13
97 13
26 87
6 68
13 45
0 81
48 39
91 23
19 50
62 44
10 77
80 14
47 11
22 11
34 30
7 58
55 35
35 5
69 3
27 0
2 88
23 26
41 23
67 94
46 1
19 91
