5 100
43 77 24
73 61 29
25 33 20
32 11 20
24 65 17
28 75
66 99
29 16
94 39
20 99
56 88
64 94
25 80
37 60
77 29
66 26
87 66
63 8
91 89
96 62
35 0
18 52
69 26
27 0
40 54
20 7
30 46
26 89
5 9
30 23
49 28
33 74
11 95
5 72
77 69
70 43
50 35
79 33
60 65
14 60
8 72
40 28
1 82
36 82
96 54
72 40
4 52
76 29
10 50
21 63
41 76
17 23
62 80
36 70
66 32
37 89
16 77
62 48
96 29
75 87
67 59
78 71
35 85
37 31
75 70
29 75
83 49
3 36
31 11
82 80
39 87
7 15
64 51
19 24
32 27
30 96
59 60
89 74
96 99
29 74
90 71
12 48
77 51
75 16
40 72
83 63
91 98
86 20
77 88
85 90
98 26
21 56
12 62
15 48
58 87
45 55
21 28
50 57
72 32
26 43
61 29
45 97
21 96
22 95
54 89
