5 100
9 90 21
78 2 15
37 46 25
6 56 33
45 69 20
32 58
61 32
30 29
21 7
94 39
74 27
11 11
1 48
31 54
51 99
58 82
73 12
25 92
98 0
80 20
58 64
55 88
91 28
39 69
25 45
78 44
38 47
68 3
34 11
31 1
52 6
7 88
47 26
96 50
32 52
3 3
63 19
63 83
59 88
27 66
0 4
94 99
27 58
42 99
46 55
69 1
32 86
98 35
98 16
85 78
6 6
84 32
54 97
29 46
37 76
51 45
45 98
49 72
60 69
18 56
59 93
54 83
46 45
22 87
66 87
57 29
92 89
0 17
51 40
56 36
27 36
23 81
17 74
0 37
69 71
99 42
36 72
7 42
14 5
59 41
69 49
59 54
24 1
99 10
19 1
88 76
9 44
89 19
4 68
61 89
88 82
15 27
82 4
29 61
11 82
8 61
15 67
94 74
24 58
39 46
51 78
48 33
58 33
80 75
35 67
