5 100
13 49 24
78 38 19
24 50 18
38 61 21
27 44 30
75 76
72 52
15 82
48 20
99 86
53 64
83 6
39 4
13 56
48 47
43 35
56 33
88 19
14 8
44 1
89 58
8 17
50 50
24 98
73 26
24 81
5 31
16 98
67 28
28 73
96 56
79 0
89 80
24 70
21 75
40 65
79 45
89 26
87 73
44 92
94 68
24 54
76 48
21 15
9 15
63 57
20 45
63 47
36 58
34 33
5 79
32 59
18 25
79 5
70 14
33 23
16 94
70 49
35 23
7 49
75 84
88 15
77 26
57 6
76 53
44 4
55 43
37 14
48 55
25 15
95 25
42 3
26 81
94 48
79 46
63 52
3 78
39 66
91 66
82 66
99 20
65 28
41 87
82 93
27 21
43 94
32 78
44 66
91 59
5 58
11 80
48 87
70 87
74 97
75 73
97 45
51 75
87 81
77 55
72 17
95 60
44 92
79 35
43 51
93 9
