5 100
38 96 32
46 71 20
91 54 14
42 71 29
29 38 16
58 35
84 76
67 91
6 81
81 57
84 74
7 61
45 82
53 18
33 46
86 76
33 7
24 61
35 15
36 19
55 25
3 92
15 51
33 85
55 63
45 50
69 27
25 82
27 53
58 67
30 70
7 37
45 86
27 26
16 42
57 29
48 65
86 85
69 0
49 92
84 42
69 97
7 48
52 92
95 21
82 3
53 69
48 12
68 11
39 68
49 6
20 56
13 7
6 71
42 77
92 99
35 84
84 46
83 3
89 0
72 44
72 44
21 6
80 34
72 94
47 14
0 10
53 99
56 7
61 88
55 40
44 90
36 89
99 6
12 24
64 60
48 26
66 33
51 18
88 33
29 74
85 50
15 81
45 95
14 16
1 41
51 31
17 16
42 91
40 64
84 39
94 25
5 21
20 4
6 65
16 70
83 49
21 64
29 94
14 10
13 52
80 12
11 78
94 94
50 76
