6 100
68 76 29
50 57 20
54 20 28
47 17 18
16 5 30
45 63 28
75 51
95 9
42 18
21 20
76 11
98 16
63 51
38 60
98 77
9 70
17 77
80 75
37 1
14 8
18 84
98 80
5 74
77 95
62 6
28 35
35 52
8 25
70 37
5 17
13 66
77 64
4 53
70 69
21 33
83 77
99 10
53 84
11 16
81 44
38 9
29 22
62 39
82 46
57 69
90 96
85 59
31 95
99 52
30 96
57 6
8 77
21 10
8 75
91 59
2 94
14 12
91 99
45 41
4 90
61 46
35 33
94 16
36 28
45 94
4 36
71 39
71 34
88 81
11 89
91 83
54 67
96 19
7 31
3 91
12 96
24 26
65 11
75 6
51 61
87 2
26 23
55 77
76 89
73 80
40 64
40 40
82 74
16 20
85 85
18 48
12 14
48 47
44 63
5 99
56 78
17 56
74 92
60 61
46 56
69 14
85 96
96 80
58 20
26 95
0 11
