6 100
38 9 26
62 42 22
7 92 13
40 60 29
39 86 34
92 56 28
47 9
49 41
61 13
80 12
27 81
79 87
2 0
68 61
7 60
95 48
12 6
22 47
18 20
90 52
33 20
63 39
36 41
91 57
27 43
68 33
29 74
24 46
19 51
77 93
98 60
95 57
85 3
88 49
41 87
46 35
34 4
16 50
33 68
4 88
29 56
67 64
79 22
33 16
19 52
95 29
8 26
58 54
11 34
5 93
94 92
9 50
6 86
58 6
52 67
2 99
54 83
96 95
86 47
55 87
62 12
81 78
28 38
7 65
60 81
43 43
53 25
20 67
52 94
30 16
93 4
81 31
79 71
21 21
27 12
19 18
31 32
13 50
57 40
64 61
23 7
32 52
57 29
74 38
85 98
72 62
4 22
87 93
74 42
95 21
80 37
80 1
57 30
85 77
43 22
95 38
85 48
48 63
64 10
60 78
46 30
70 91
41 56
40 68
30 38
94 27
