6 100
94 56 23
48 46 32
49 49 21
80 8 35
16 48 14
94 68 28
76 37
22 89
37 42
53 35
39 44
70 78
14 19
11 52
88 13
37 18
64 41
60 95
31 36
31 54
49 84
47 84
63 7
79 35
68 50
98 72
49 65
19 59
83 76
12 40
21 38
16 2
48 76
77 64
14 52
55 47
74 97
48 25
39 87
15 45
90 82
43 68
78 31
0 10
47 91
62 82
98 1
74 87
0 89
6 68
29 29
18 38
32 32
74 35
62 85
60 72
22 32
4 27
27 46
80 87
77 52
50 81
65 67
24 94
81 25
1 92
9 14
89 14
21 10
9 88
73 35
61 44
74 76
87 74
43 57
65 23
59 96
69 21
78 81
21 85
4 77
76 89
42 97
99 24
78 90
22 34
4 25
98 61
77 74
25 27
42 7
28 19
11 55
19 35
56 79
42 15
63 52
61 75
36 71
84 53
6 87
54 5
73 93
38 57
10 48
5 33
