3 100
50 33 53
92 6 34
22 23 74
8 94
15 40
65 55
69 33
54 66
31 74
31 32
36 31
31 89
30 97
21 78
26 54
4 74
7 98
22 78
48 29
8 23
46 37
21 10
35 44
17 16
2 22
52 45
71 70
78 31
79 90
69 12
46 33
15 37
9 51
99 24
15 2
18 62
63 34
24 45
72 6
63 70
4 34
10 54
79 33
55 86
7 12
53 83
59 88
42 83
77 21
9 34
2 98
43 97
82 92
72 44
28 69
36 82
47 98
49 44
36 6
52 84
28 97
87 13
78 9
68 85
17 63
88 89
71 25
22 94
2 65
29 98
3 50
28 84
54 38
9 4
68 18
20 12
31 69
16 12
41 6
4 45
14 62
63 43
81 84
56 14
60 60
82 69
7 11
99 65
11 74
43 24
99 82
98 98
89 42
32 67
99 33
9 44
61 98
92 81
21 37
5 93
8 0
11 47
25 71
