3 100
41 48 64
41 11 62
24 80 35
26 57
85 55
26 0
7 98
50 7
48 48
78 64
32 85
67 16
91 36
24 97
18 71
60 50
0 91
16 27
98 21
99 23
18 99
98 11
12 78
70 28
63 44
60 58
69 49
1 19
11 21
70 14
55 54
41 34
80 75
66 98
76 38
44 50
25 97
90 62
77 81
71 49
84 33
49 71
55 43
4 46
20 61
6 70
86 38
75 16
75 91
61 87
36 50
23 30
20 5
47 28
19 32
59 41
79 37
94 62
61 74
60 3
79 22
20 16
63 83
10 66
35 28
12 99
52 45
2 91
59 96
43 37
55 65
12 62
77 74
2 37
98 82
67 1
99 27
54 10
22 87
62 68
12 20
88 39
80 90
93 94
42 4
77 38
14 98
83 89
6 73
64 13
63 83
5 28
64 61
60 31
65 11
0 54
4 65
28 13
75 49
76 94
81 4
7 12
54 59
