5 100
81 42 19
13 16 35
72 91 29
6 6 21
93 12 18
14 15
40 77
56 38
87 31
8 98
49 1
65 53
84 27
47 32
32 32
1 75
65 95
39 7
84 13
77 64
69 2
11 56
0 78
95 94
17 91
52 14
26 0
85 97
90 70
73 91
58 13
85 68
46 10
97 28
35 64
97 95
74 99
65 9
83 32
88 88
66 24
27 88
53 48
91 78
92 83
70 64
19 54
44 35
5 79
37 39
51 85
77 12
3 17
44 59
19 24
39 53
5 84
54 69
33 43
23 86
98 2
35 78
13 53
89 29
29 2
32 8
61 92
29 98
16 3
9 58
39 98
61 23
79 97
77 29
95 0
13 26
36 61
42 14
33 97
95 95
90 76
37 94
17 40
85 39
41 83
9 35
93 6
83 89
47 99
17 46
86 52
47 27
7 45
61 48
59 68
1 70
93 50
35 22
87 65
8 84
81 54
79 85
69 94
49 75
88 93
