5 100
29 69 22
51 73 27
81 13 34
87 50 27
27 45 12
18 83
92 37
54 27
11 93
81 13
85 1
24 26
93 70
68 76
49 90
83 40
44 29
72 44
49 72
65 78
77 78
4 36
94 3
28 7
85 49
5 40
83 33
6 24
12 49
65 81
8 96
63 34
3 25
7 71
45 77
18 39
12 33
6 71
35 74
65 13
12 57
60 70
49 14
64 37
21 32
1 5
69 33
64 25
85 16
64 95
37 98
14 12
98 84
28 33
91 38
72 50
8 89
58 90
34 53
58 61
78 11
88 18
44 92
5 45
85 10
13 10
97 65
20 47
98 44
52 20
13 23
62 10
7 47
63 66
76 43
83 47
25 77
31 64
74 75
72 80
13 9
88 65
66 32
62 76
92 28
2 59
2 62
88 80
42 79
76 80
32 33
80 81
69 15
5 40
46 20
51 90
93 21
67 99
91 62
90 89
98 78
68 13
35 52
23 16
69 35
