5 100
77 14 19
28 17 28
41 33 19
20 0 35
15 61 23
69 59
31 21
89 78
24 63
5 88
74 26
2 20
52 74
15 47
67 58
75 24
87 36
38 57
46 27
58 4
89 31
70 61
31 24
12 80
30 20
0 89
4 90
27 23
43 40
53 17
91 21
86 83
24 2
97 51
15 36
69 14
76 37
72 43
44 36
88 50
11 97
95 66
3 29
94 29
0 91
95 87
50 22
23 14
46 67
47 27
86 2
2 18
12 41
92 44
21 41
38 83
42 85
14 77
34 80
18 14
94 19
98 13
93 90
38 23
62 41
57 19
18 27
70 49
83 85
95 89
72 79
50 62
61 29
3 31
4 76
5 11
88 29
3 74
23 47
87 49
44 83
95 61
43 50
48 7
53 9
33 21
96 10
76 30
9 49
96 32
2 42
21 94
72 31
48 53
2 41
90 21
44 44
74 29
88 68
69 46
6 9
53 43
72 87
41 41
89 91
