5 100
47 54 17
84 71 32
37 13 16
51 40 21
88 7 36
45 22
98 6
95 98
73 68
39 34
84 66
86 52
30 27
1 77
85 46
44 88
53 8
11 77
66 54
92 47
58 1
8 85
78 17
69 35
8 40
65 7
31 94
96 88
31 88
59 7
82 68
34 58
86 31
92 83
13 53
26 69
10 8
71 95
79 86
70 79
70 26
65 97
20 81
19 2
59 14
63 91
20 99
47 12
83 72
40 41
38 21
0 69
58 61
27 86
46 23
9 82
26 38
18 71
27 29
0 27
3 47
53 90
68 81
48 71
1 66
34 39
34 64
15 86
67 29
94 72
32 85
66 42
24 85
26 67
2 68
47 26
88 37
96 74
65 84
71 63
82 85
90 24
58 52
22 78
30 25
14 38
20 12
83 7
15 46
77 64
74 82
29 91
5 51
2 22
67 13
72 57
66 53
19 94
9 48
64 65
19 41
84 52
50 36
42 29
6 2
