8 100
21 48 24
99 77 15
57 34 17
94 89 14
23 51 16
30 91 19
80 32 11
27 42 17
44 73
51 33
28 81
9 98
73 51
1 66
25 31
80 72
69 12
60 11
6 24
0 13
49 67
51 2
42 14
78 98
95 9
70 76
37 46
67 30
20 85
56 33
20 18
9 81
86 90
83 18
62 98
52 82
15 74
51 12
20 43
49 42
23 30
87 26
33 28
99 68
10 87
79 42
55 21
91 52
21 74
91 38
10 6
26 47
60 44
8 11
7 27
12 51
64 79
38 13
40 26
63 4
3 80
35 94
29 84
77 73
21 59
37 29
58 63
81 71
52 19
85 90
12 8
95 69
10 1
2 71
6 93
95 39
12 13
95 72
24 62
59 65
21 54
20 84
66 45
29 78
14 67
51 34
23 69
63 50
77 63
37 38
58 82
13 6
47 46
0 93
96 52
97 37
10 34
62 12
48 39
69 43
12 43
25 16
21 38
89 17
62 76
95 65
33 57
59 89
