1 100
9 84 190
11 64
58 89
41 23
20 26
91 21
54 76
38 21
43 62
77 64
8 4
92 70
97 95
75 53
50 8
81 70
59 94
81 36
57 67
36 39
79 85
33 23
10 74
34 21
28 48
94 67
50 22
71 92
53 52
24 41
89 46
9 29
29 78
9 57
30 2
32 38
32 15
48 46
20 8
50 48
54 6
59 31
12 18
88 2
76 52
78 27
25 29
90 17
65 5
62 22
22 24
8 57
92 37
16 6
1 42
44 23
37 61
38 66
16 73
96 72
34 88
93 2
81 0
8 89
69 90
26 77
90 88
4 96
28 47
97 98
36 79
23 65
47 7
94 49
40 81
6 15
37 20
14 71
49 50
89 15
99 76
94 84
61 1
48 41
21 56
47 13
50 84
96 24
91 94
23 20
89 33
23 89
89 34
43 25
22 9
41 10
10 31
28 62
97 74
94 96
37 87
