1 100
48 89 190
67 48
77 89
34 57
87 37
56 55
10 46
28 51
55 3
28 25
14 87
69 82
49 31
67 26
60 32
61 27
58 24
13 52
22 70
27 1
73 53
21 55
39 39
31 1
90 89
98 84
42 80
77 62
67 68
72 77
49 46
93 45
60 75
47 84
55 85
45 78
52 15
58 16
84 15
86 64
66 85
88 65
9 27
55 71
5 68
94 42
12 14
2 17
86 97
79 83
73 60
51 6
45 49
25 80
55 14
34 41
70 78
10 35
93 18
96 36
38 93
7 69
88 52
15 8
24 65
96 14
45 51
54 35
17 83
31 38
98 60
5 49
80 38
80 27
26 19
48 0
92 33
94 44
28 18
26 49
80 60
92 28
18 78
68 35
86 45
65 22
30 52
64 88
54 96
95 21
57 94
29 49
16 8
28 4
76 67
29 3
65 41
0 34
75 89
51 65
63 55
