1 100
58 16 190
94 60
21 10
36 13
36 35
32 98
58 49
69 71
24 5
20 63
75 14
79 66
40 64
10 34
46 63
30 60
35 98
71 93
41 1
20 73
99 68
88 50
57 28
54 46
83 87
94 88
56 90
10 63
59 44
36 66
74 89
50 66
87 80
41 22
4 81
32 8
27 21
28 45
17 36
54 47
52 17
72 25
93 92
16 55
56 56
96 5
54 46
24 99
7 60
74 62
31 5
20 71
35 17
0 26
49 44
8 81
62 76
95 19
87 84
99 80
65 49
16 29
12 37
47 41
89 4
95 58
64 12
20 26
97 9
42 19
24 72
72 54
52 16
80 71
29 45
9 86
21 0
58 66
44 64
37 64
42 44
61 90
49 68
35 99
28 29
89 48
12 76
3 94
14 77
10 24
12 73
6 31
28 67
33 31
84 95
29 44
41 94
61 44
15 36
14 91
7 7
