4 100
85 35 49
83 20 33
68 60 40
15 75 40
83 79
83 65
76 52
88 64
66 54
8 65
95 82
85 64
72 95
61 0
11 26
21 16
11 13
75 58
9 34
14 45
36 52
89 38
86 94
20 56
28 57
30 27
27 2
36 41
89 91
67 10
8 15
43 8
94 57
0 7
34 64
22 52
45 83
17 1
72 12
69 58
69 70
30 87
24 79
97 36
51 92
83 44
18 46
50 86
79 84
59 64
60 61
25 52
79 15
65 58
14 61
21 57
31 9
45 41
11 20
90 73
41 46
34 8
11 6
89 46
24 25
31 13
7 26
71 45
60 29
27 7
11 25
5 88
32 64
47 99
88 65
67 63
24 54
43 55
28 92
88 59
23 26
15 35
73 78
2 15
47 93
45 82
31 8
89 79
39 91
40 63
42 29
94 43
80 30
66 26
56 90
53 63
79 41
16 18
19 76
28 87
98 11
24 34
67 85
19 36
