4 100
50 11 30
72 20 56
29 78 34
65 55 31
83 47
47 37
12 26
97 80
64 1
79 0
83 99
40 75
21 28
88 69
69 94
70 59
74 77
72 74
41 63
64 49
65 41
47 36
67 48
18 34
90 75
73 89
80 96
6 91
68 13
64 3
0 97
28 28
80 47
90 98
93 78
63 45
71 12
73 68
82 87
0 63
78 22
44 25
15 83
10 9
87 59
11 63
69 98
88 50
93 29
47 33
20 80
15 86
71 55
98 58
26 7
50 69
37 79
85 28
84 89
80 83
2 82
65 59
7 16
22 59
63 37
83 28
37 77
11 46
51 78
97 61
96 38
0 99
30 58
91 0
52 21
75 63
16 28
37 60
51 36
52 96
37 88
61 5
1 34
16 87
56 73
26 34
92 22
49 33
27 77
54 81
34 73
13 32
61 32
0 39
32 81
69 76
87 14
47 94
17 75
4 34
48 15
38 11
58 6
82 43
