4 100
58 39 39
67 31 44
36 19 25
43 36 45
59 88
30 62
87 95
81 94
22 49
36 97
76 86
2 0
70 19
9 47
13 59
34 8
50 85
30 72
42 78
33 97
23 70
21 32
63 93
80 22
18 17
56 15
69 68
0 77
42 1
92 45
18 20
35 43
41 7
2 38
27 1
80 7
96 64
28 76
17 18
89 79
37 16
4 47
90 25
92 79
87 80
82 55
78 40
86 71
38 69
60 12
90 84
27 85
61 51
51 10
86 91
43 28
72 58
51 44
71 94
40 22
91 31
75 51
33 24
89 23
75 40
96 45
94 88
98 65
37 42
70 32
95 32
63 48
61 36
77 20
25 99
99 79
79 45
83 95
38 76
46 97
94 95
35 72
17 48
32 51
1 14
3 37
55 66
59 60
40 44
7 97
53 25
97 60
26 39
96 4
7 83
94 39
11 46
48 29
96 12
53 48
12 46
98 87
61 4
62 9
