4 100
84 23 36
59 30 39
24 67 32
62 72 46
22 17
33 24
10 21
99 52
94 3
87 6
99 61
63 23
85 89
33 2
15 10
68 25
90 52
75 71
44 2
1 13
44 68
96 14
39 61
23 42
25 71
26 78
24 0
91 36
44 82
11 42
3 80
77 43
18 99
35 30
86 95
65 98
44 47
72 78
78 83
49 76
77 53
1 24
55 9
46 59
60 71
86 3
31 7
69 59
79 63
95 61
82 70
78 61
93 8
70 20
19 80
18 15
84 38
45 33
31 78
56 8
13 42
25 81
95 37
77 15
84 29
7 45
84 10
84 70
93 98
64 58
77 37
57 87
42 15
25 23
46 54
89 7
76 33
55 13
98 30
66 0
36 49
25 48
99 47
80 25
31 86
13 31
46 20
85 86
18 60
66 18
37 99
9 38
35 63
43 10
83 46
24 1
50 69
14 93
14 52
83 8
85 2
57 45
39 19
88 93
