4 100
9 40 49
77 62 28
31 43 51
64 65 25
70 88
99 68
23 15
70 59
91 73
85 64
88 78
26 29
6 33
31 60
76 46
9 3
85 98
2 82
52 51
32 85
60 45
73 16
43 42
72 56
95 75
47 41
50 62
73 39
18 29
61 37
61 47
27 74
28 59
28 33
85 86
42 12
99 80
80 38
1 97
41 18
92 91
3 86
34 96
41 38
57 1
13 82
29 23
74 77
87 42
8 0
23 72
5 48
51 59
27 11
33 96
64 31
25 89
6 8
81 92
10 34
62 62
57 0
48 90
77 49
14 56
44 60
94 68
63 19
27 6
40 28
82 87
11 22
92 94
52 77
31 92
52 50
59 76
36 38
70 44
10 41
19 28
98 21
36 59
1 56
56 96
98 81
3 50
90 26
80 70
76 49
91 18
30 52
56 70
3 61
77 87
87 18
9 5
15 27
19 28
17 60
86 6
24 60
91 3
63 36
