4 100
60 32 38
39 29 48
27 25 27
21 58 37
87 65
28 18
76 91
61 59
81 9
67 40
24 61
66 71
32 36
74 19
73 28
98 21
35 68
27 57
36 7
9 72
63 89
5 14
82 16
35 44
31 63
95 25
68 83
48 95
14 81
32 51
67 24
91 39
22 67
46 50
14 2
87 98
36 50
60 56
90 91
51 85
48 11
56 95
23 68
98 51
5 93
27 5
94 62
18 45
45 26
16 78
63 42
35 44
89 55
60 47
50 61
48 1
50 45
12 72
48 93
69 69
26 8
42 38
23 4
16 84
33 55
0 21
44 64
61 40
85 24
86 67
42 73
70 89
53 2
24 71
72 7
32 0
23 7
5 64
49 28
29 59
34 41
0 63
4 20
75 89
81 6
8 68
4 83
37 97
18 95
55 82
35 51
99 16
79 51
68 11
54 75
46 8
85 58
26 99
54 19
55 92
18 38
22 35
5 34
97 11
