4 100
23 9 43
21 85 25
88 37 35
82 60 50
30 6
64 82
47 21
33 19
78 89
69 11
90 57
7 18
94 92
13 39
99 35
55 92
50 76
14 8
95 53
33 60
5 47
71 10
9 76
13 8
50 36
44 79
68 72
68 94
59 69
44 53
21 43
1 21
87 12
49 41
79 9
75 47
26 80
0 9
99 24
33 89
51 56
62 32
90 54
73 61
81 56
98 32
9 36
45 22
72 62
88 64
1 40
45 79
97 91
40 56
30 75
43 20
4 5
23 33
91 10
90 51
22 94
97 31
96 58
11 51
34 14
54 56
4 55
34 84
58 83
95 98
27 43
47 64
60 63
40 56
43 40
36 99
49 58
97 58
31 21
73 38
83 75
77 64
14 30
63 45
97 66
16 47
6 29
88 78
32 0
65 64
77 47
8 31
42 45
65 65
80 81
74 70
66 43
46 63
85 89
48 10
38 59
71 53
7 3
31 20
