4 100
60 71 37
63 25 33
31 81 50
43 51 33
61 4
94 89
69 2
82 80
24 67
95 50
59 86
2 85
75 16
86 37
95 46
97 31
7 80
71 74
7 68
49 32
55 2
46 45
98 3
96 16
15 94
91 95
91 37
25 58
96 55
45 61
94 17
45 37
34 39
64 26
48 30
59 78
0 33
23 52
3 66
13 15
27 92
34 1
50 1
63 62
1 57
23 48
31 97
29 94
10 51
76 0
1 89
61 6
8 38
23 3
29 59
57 96
77 24
44 94
98 11
91 12
79 77
79 95
91 2
22 18
54 74
96 72
65 49
91 44
52 17
79 12
82 54
23 69
74 8
10 94
21 79
82 52
16 17
0 65
69 90
27 4
78 65
56 18
56 89
52 12
11 95
95 18
6 63
63 87
53 97
98 69
90 57
68 71
85 29
99 86
46 52
14 16
13 66
1 93
60 59
3 86
4 12
24 8
29 27
65 92
