12 100
21 14 15
91 57 13
14 16 11
60 75 16
24 62 17
13 64 9
53 83 8
45 13 13
88 83 9
53 52 14
29 65 17
9 70 7
26 49
61 90
30 52
44 51
33 12
92 36
52 50
73 9
45 98
32 43
62 22
79 12
55 51
64 60
59 33
8 44
30 80
9 60
45 87
15 30
20 80
64 80
61 20
70 89
4 6
47 66
45 65
48 79
8 39
49 33
38 4
9 52
19 79
2 40
75 50
26 24
45 65
95 34
96 75
47 10
81 32
25 37
35 5
0 37
86 44
6 92
90 59
44 42
86 12
50 78
37 99
27 44
65 26
30 96
60 30
76 40
30 89
72 28
17 41
85 61
12 14
66 3
14 21
77 26
11 73
83 27
49 64
55 89
41 23
21 14
98 14
30 4
61 97
63 91
54 49
12 19
68 54
55 5
87 67
26 62
83 20
84 96
63 15
18 63
80 92
25 81
13 39
5 61
77 46
17 8
94 49
28 35
84 65
34 26
12 22
41 65
93 1
9 84
79 99
12 93
