12 100
90 89 13
14 93 6
6 10 12
95 5 7
48 99 17
88 47 14
25 97 13
72 52 10
41 52 16
27 43 11
64 16 14
66 3 13
12 99
73 63
73 42
32 77
69 5
61 96
84 76
52 13
78 98
12 83
28 65
13 65
74 24
57 41
66 84
21 88
32 19
87 36
10 68
58 6
9 88
18 83
68 21
52 92
30 38
47 26
74 93
62 97
14 10
5 88
14 10
89 90
3 26
18 38
57 58
72 46
11 64
46 7
86 83
64 31
23 47
9 80
72 42
86 23
22 1
0 19
19 32
73 26
96 43
38 96
8 30
51 4
84 70
89 28
17 55
62 48
95 77
50 18
52 95
74 23
57 61
58 77
70 97
33 95
61 1
36 40
0 80
51 13
27 28
73 59
93 83
36 6
85 75
5 71
2 8
60 81
43 49
59 15
22 60
8 69
22 53
70 91
38 49
26 22
48 14
25 53
32 30
83 74
56 80
16 94
39 4
99 67
92 87
8 83
57 92
86 52
65 24
13 32
71 62
39 16
