6 100
74 73 23
67 32 19
84 86 16
37 52 24
5 19 27
79 64 21
64 59
21 76
56 19
87 64
33 3
53 77
18 95
63 10
45 62
19 12
45 95
1 87
15 48
75 61
26 60
71 87
35 44
2 95
67 57
65 89
92 5
44 10
27 93
75 70
67 3
15 94
76 6
49 3
65 83
7 76
88 27
36 27
89 0
90 48
20 43
65 97
12 26
88 25
11 88
28 14
26 56
97 65
5 1
79 90
12 29
80 81
77 7
68 41
54 26
23 86
83 17
4 1
38 55
48 97
52 10
69 37
43 90
17 83
67 14
69 96
74 78
2 18
79 32
35 80
90 29
61 51
7 93
52 87
57 68
4 95
75 55
1 80
87 60
74 98
62 6
92 48
15 97
40 16
92 10
53 94
51 88
20 13
18 51
53 99
19 12
41 95
33 94
13 26
82 44
85 43
86 45
77 57
13 60
34 90
94 61
69 16
91 25
10 47
14 99
92 15
