6 100
13 20 24
60 43 17
29 13 25
72 2 23
41 58 25
71 87 19
48 28
5 37
35 30
69 1
17 12
76 70
95 49
86 99
0 53
26 12
97 19
29 70
56 52
25 35
60 23
73 94
45 75
42 49
50 46
8 25
72 59
60 60
83 24
61 79
2 25
43 34
5 6
2 83
68 15
12 46
23 7
16 55
22 63
29 17
28 50
88 49
38 47
27 43
26 22
30 77
64 83
86 45
99 53
86 63
48 54
18 41
18 73
95 16
75 59
77 21
38 30
69 33
28 65
45 47
66 63
84 70
9 74
5 34
3 57
67 60
86 32
55 21
91 19
46 52
27 45
92 1
40 49
52 28
5 32
69 82
68 63
11 66
23 13
50 89
71 30
83 9
79 0
96 79
21 12
28 78
12 76
20 56
9 95
85 8
51 20
69 39
48 74
92 86
2 40
87 6
67 56
50 25
51 83
8 94
90 17
55 83
29 71
30 46
2 81
37 82
