1 100
17 98 150
90 15
67 56
10 38
23 88
4 78
77 91
69 53
3 19
71 54
35 23
1 25
81 24
32 94
8 38
39 55
53 81
9 66
98 25
98 57
95 99
91 71
15 11
2 3
2 85
59 3
29 48
98 70
60 37
11 18
45 13
71 80
87 69
66 77
59 45
20 20
46 44
83 43
18 55
97 40
43 32
8 41
46 92
34 1
32 51
30 50
66 14
73 31
25 0
62 68
94 23
92 5
27 72
42 92
1 50
92 54
24 71
13 48
39 12
31 43
35 57
58 53
51 8
6 84
4 88
41 18
97 11
28 7
5 35
65 67
68 35
84 91
76 22
48 36
34 82
64 96
39 8
57 58
18 36
73 65
77 56
52 37
79 89
94 39
54 32
77 87
34 36
85 46
10 85
88 74
34 0
89 26
7 75
62 22
81 32
20 20
57 97
11 74
14 63
38 21
34 94
