1 100
20 41 150
31 64
60 40
16 9
48 61
95 88
67 30
15 56
87 28
69 27
76 21
65 40
94 21
2 79
26 36
72 7
44 16
3 3
44 10
0 12
30 89
39 81
63 92
48 8
44 70
3 82
54 82
9 47
94 73
14 65
82 39
55 98
81 67
61 13
96 31
59 86
65 19
27 99
94 5
61 20
79 95
39 75
47 27
1 29
95 47
39 11
37 76
62 4
51 62
43 50
70 40
52 43
81 86
63 0
62 91
78 24
13 42
88 1
49 39
9 83
13 49
14 88
77 62
25 70
50 21
39 45
35 57
75 11
56 8
78 8
5 1
72 3
20 81
95 36
18 60
40 69
11 29
56 41
0 49
73 10
55 52
45 55
25 10
94 18
5 59
24 69
51 77
78 26
87 11
0 41
9 38
27 25
6 68
73 91
39 85
59 47
89 48
30 45
6 29
41 57
44 56
