10 500
54 67 54
1 47 68
10 70 72
39 58 50
23 96 49
25 38 33
26 30 32
3 76 33
46 89 64
83 44 50
56 75
47 82
10 40
29 41
35 57
30 78
3 91
49 22
82 81
44 79
37 77
57 22
77 27
8 22
45 0
4 75
35 57
2 61
96 21
10 18
3 6
23 87
83 82
90 30
52 62
35 63
97 72
89 4
43 33
69 20
1 80
6 9
97 32
40 6
48 67
26 91
22 28
36 79
25 54
84 16
57 5
32 54
44 40
23 87
82 76
12 8
44 2
17 22
73 2
47 58
62 92
23 36
68 43
73 9
41 59
46 42
54 14
54 90
93 64
89 70
28 73
84 53
90 54
59 87
65 52
40 83
11 31
9 23
7 74
7 71
74 87
64 88
44 37
19 84
25 4
52 57
99 72
77 3
93 99
11 6
69 29
6 96
38 92
93 86
69 7
26 87
84 18
45 38
21 56
80 54
6 78
38 39
79 23
16 89
28 47
73 8
36 62
15 49
75 79
25 13
88 59
34 53
10 25
52 83
27 19
99 35
93 43
12 27
94 41
35 34
3 16
16 42
33 96
69 20
43 24
51 0
43 30
9 80
88 68
46 84
27 72
49 62
26 35
30 90
53 9
53 59
61 72
76 2
87 59
66 22
14 38
64 64
14 21
37 78
95 65
4 94
92 37
78 30
45 21
53 88
63 37
59 17
29 81
44 2
52 85
76 57
42 91
83 20
60 12
50 42
48 77
19 27
46 9
56 71
75 4
94 7
98 72
41 5
49 16
19 53
94 87
44 69
19 64
52 59
64 31
68 85
92 5
41 74
2 55
95 46
85 26
6 26
95 64
48 98
66 18
11 25
64 53
30 46
89 25
65 6
79 66
97 1
17 96
22 15
67 9
2 4
33 41
21 14
64 85
9 67
82 45
25 97
10 35
63 98
59 15
80 26
98 63
26 54
84 82
88 92
71 51
42 56
79 9
70 61
71 92
78 53
8 76
37 4
1 76
29 23
24 23
4 47
16 40
96 27
15 21
82 25
42 67
47 22
14 12
98 82
50 91
15 73
31 96
80 69
72 4
45 0
75 93
27 68
31 22
84 78
91 70
89 34
62 86
68 28
59 80
42 83
92 11
10 10
98 54
30 35
26 92
65 49
17 36
21 60
87 73
39 84
48 11
46 27
41 90
50 89
8 50
72 46
73 3
35 33
77 6
73 31
37 28
58 49
76 70
57 29
89 67
24 37
19 92
59 12
65 9
71 25
77 77
63 79
68 62
29 45
83 41
5 97
69 55
60 16
83 80
49 79
6 4
12 7
1 65
59 44
43 57
64 41
90 19
33 39
84 13
83 76
78 44
70 14
87 24
75 68
17 45
51 78
84 79
96 88
41 8
3 64
91 99
92 18
37 59
37 25
66 58
85 21
43 15
85 82
90 61
7 47
27 77
90 46
2 35
83 75
97 60
80 67
81 28
12 7
10 36
45 69
18 85
90 64
15 21
73 35
52 24
69 35
91 54
45 19
49 17
64 57
56 90
43 15
8 76
44 60
77 9
74 14
71 92
18 1
88 89
9 42
45 45
56 86
84 90
52 9
4 91
88 3
88 8
88 41
44 48
47 53
26 62
42 90
73 42
34 71
69 15
42 88
52 38
5 79
39 28
84 79
99 69
40 13
74 90
33 73
3 22
3 81
6 46
39 60
14 11
62 66
18 76
79 67
21 86
38 50
39 48
8 60
42 43
27 62
63 33
47 90
25 49
93 31
82 38
25 22
97 13
63 64
12 17
17 89
5 76
46 64
46 51
61 86
0 3
66 2
8 27
25 33
64 71
88 78
90 80
14 35
62 62
68 6
87 94
0 72
39 38
79 27
99 90
46 15
96 17
93 65
61 36
24 24
52 70
77 9
14 27
94 92
43 61
57 30
30 55
50 73
55 93
96 27
89 43
32 2
44 6
32 69
31 25
34 59
4 70
66 40
74 4
63 55
7 35
87 34
30 42
81 94
86 99
24 9
75 75
62 24
90 66
70 22
98 3
8 91
79 34
19 55
73 15
65 34
3 24
11 24
69 43
86 27
18 36
46 89
76 0
22 43
1 76
2 8
83 97
69 8
76 37
77 41
73 66
68 84
65 47
58 98
31 80
40 1
69 88
16 88
30 48
61 17
44 13
65 4
92 97
31 59
57 85
10 94
95 20
43 7
76 87
41 95
49 52
42 99
68 86
40 26
92 3
12 33
79 24
55 96
17 13
53 51
48 87
48 1
77 94
81 33
13 50
53 52
68 81
92 78
66 5
67 50
33 8
25 62
