10 500
12 41 38
28 34 33
13 92 65
20 77 37
34 23 72
31 99 59
37 86 30
64 25 47
32 52 74
23 40 49
86 62
68 25
3 24
2 79
59 1
63 27
23 6
58 13
79 64
25 22
78 23
74 87
69 90
21 99
88 74
73 30
74 73
82 29
25 99
82 17
5 73
47 12
22 45
78 5
41 54
78 22
96 34
24 17
85 55
17 51
38 58
85 99
3 20
37 69
37 45
39 7
54 23
39 96
34 70
42 59
74 29
77 11
54 89
79 27
87 40
0 29
61 34
33 12
43 57
26 62
67 68
34 80
22 66
82 17
97 95
42 37
78 14
24 65
6 6
4 88
15 52
79 84
86 65
88 79
36 41
91 78
65 29
86 53
78 70
14 78
14 15
17 5
5 16
93 91
39 58
87 73
39 42
41 22
45 1
78 36
68 94
12 80
45 4
52 7
10 12
74 91
50 18
75 50
42 48
29 58
26 39
48 15
75 34
83 36
45 48
75 2
11 69
37 73
52 84
54 93
93 14
28 69
38 54
60 80
86 72
16 62
13 83
95 94
5 43
26 42
33 50
9 6
63 83
15 5
25 26
75 25
92 10
98 83
6 62
2 83
11 62
85 31
33 29
2 1
52 48
55 59
13 93
13 63
89 20
46 1
41 40
30 29
13 20
32 35
28 76
9 1
31 57
71 83
79 91
3 79
25 78
17 11
32 63
86 72
33 28
47 45
88 74
69 93
27 61
36 69
88 28
69 3
28 17
27 93
54 84
71 96
6 37
60 45
6 29
94 41
0 46
74 29
90 27
14 61
70 33
4 17
4 88
6 75
25 72
44 44
47 50
17 93
28 92
26 92
47 45
85 87
31 55
72 0
78 87
75 27
70 79
84 49
64 24
67 44
48 9
26 99
26 88
67 89
9 20
59 38
44 81
62 86
99 21
55 77
7 12
65 58
64 88
27 95
86 75
71 86
15 63
25 23
45 17
99 60
26 90
95 66
97 56
58 69
2 62
22 36
87 75
98 60
20 93
8 73
93 21
77 39
52 70
70 19
57 87
55 19
40 27
88 8
86 62
80 57
69 98
82 73
2 62
43 93
33 66
89 78
76 39
8 74
51 80
77 27
82 75
4 60
58 51
9 68
41 24
0 36
82 37
13 27
56 58
99 27
36 29
90 27
85 4
70 65
40 22
77 17
32 31
94 22
7 92
6 77
26 57
75 45
50 54
82 51
87 97
15 23
1 41
28 52
87 49
90 85
6 66
85 51
49 23
48 95
84 51
48 36
49 99
30 58
52 22
46 80
8 27
82 83
11 10
77 71
21 10
64 45
71 16
71 45
99 51
68 51
52 32
22 18
28 4
14 32
79 25
84 44
22 83
21 88
8 0
58 62
61 54
82 65
99 14
34 88
67 83
26 32
65 92
18 74
23 39
10 57
18 16
71 86
63 26
61 59
60 53
4 2
74 93
65 49
9 19
19 45
86 63
13 29
64 71
54 5
38 87
78 14
20 55
87 0
49 8
11 23
2 90
7 70
29 72
99 18
27 69
4 89
37 85
73 12
46 84
54 24
40 84
99 40
22 69
27 39
47 33
99 6
5 8
25 97
26 6
15 23
81 69
42 43
49 89
93 10
8 11
22 82
8 20
18 74
64 70
45 94
53 48
2 62
65 76
79 97
76 29
82 43
20 86
86 96
91 77
78 62
75 4
89 0
47 15
39 8
12 34
90 53
8 14
28 32
96 26
75 83
75 0
26 54
24 85
70 53
41 58
71 11
14 57
56 12
66 56
7 9
27 25
45 22
95 39
31 15
50 64
21 70
36 88
52 57
93 72
11 35
93 66
24 7
70 43
75 48
16 59
18 36
84 3
59 48
41 75
95 69
66 25
17 8
62 41
56 76
8 35
98 91
5 27
82 96
56 64
13 56
65 4
46 70
5 3
79 70
80 12
43 4
12 13
51 58
75 62
44 27
10 51
79 55
36 19
2 0
28 91
68 3
94 37
2 3
57 71
26 5
87 26
40 43
3 72
53 10
98 8
71 11
7 74
96 61
62 66
1 5
58 59
72 50
3 72
29 81
3 82
74 28
26 99
44 89
39 82
74 56
8 80
38 63
50 72
30 6
3 91
57 53
58 76
7 21
86 91
99 46
56 17
3 81
2 94
49 33
13 93
94 83
56 25
35 13
46 48
26 70
46 88
31 29
59 87
35 7
57 20
97 0
30 3
36 70
36 44
86 61
5 85
93 2
35 15
22 74
57 95
90 13
65 65
69 63
12 75
28 2
93 89
44 90
21 76
5 14
71 47
70 14
