10 500
97 53 25
72 35 65
19 79 28
51 17 69
70 15 62
96 28 65
24 24 48
23 3 62
16 76 34
18 21 45
84 56
36 58
88 5
60 54
48 8
92 86
20 85
37 58
67 31
13 72
73 96
41 82
14 62
69 74
68 82
49 58
59 44
32 72
2 10
63 8
64 6
90 11
27 56
8 62
31 15
52 34
75 70
36 20
70 68
90 27
11 67
14 10
55 59
88 93
36 92
51 12
38 36
61 46
85 41
16 68
58 83
99 83
97 56
14 9
61 32
41 79
50 13
16 53
28 68
32 56
35 61
49 62
69 55
21 23
23 45
94 94
77 11
27 17
16 46
26 0
43 66
92 31
38 53
43 75
14 92
60 19
26 19
72 23
17 49
52 78
24 76
82 33
10 86
44 45
21 64
74 98
54 95
59 2
78 35
64 43
45 35
59 50
52 87
5 90
75 29
13 5
80 50
90 78
70 98
32 48
47 74
58 43
19 67
10 46
43 78
98 16
83 72
47 96
30 94
43 1
16 23
12 83
30 39
63 37
83 99
83 20
19 53
33 72
90 41
5 77
63 59
20 21
39 43
67 84
30 69
47 20
12 70
10 98
32 57
90 2
76 1
14 53
47 98
35 43
53 31
60 63
28 81
63 69
95 60
68 26
63 38
45 19
94 57
83 29
36 9
28 53
71 33
47 95
15 94
61 96
82 78
58 19
73 59
78 22
31 53
30 95
8 41
15 55
68 25
13 46
97 64
52 10
94 97
75 43
35 80
79 31
41 59
49 95
34 76
4 81
31 39
28 59
12 87
10 90
0 52
60 70
72 40
39 23
10 90
24 6
10 89
24 52
97 9
81 75
92 79
61 85
62 96
62 30
23 8
57 64
43 95
12 16
84 54
93 91
34 73
82 66
1 66
85 31
12 39
56 75
11 31
3 18
84 93
47 14
80 22
44 86
10 94
91 23
18 29
42 51
84 37
9 22
45 95
91 35
14 21
1 88
53 82
29 27
35 68
37 35
73 47
20 85
34 6
64 23
56 13
44 63
3 38
80 84
55 33
16 15
24 80
66 80
58 56
8 79
56 80
8 40
91 10
89 49
21 75
34 28
52 81
65 76
16 59
41 46
88 37
42 54
6 75
11 99
54 6
57 63
23 56
31 32
34 25
49 26
94 28
87 6
33 77
42 21
81 6
3 97
81 33
59 51
56 29
7 57
2 85
85 17
23 68
53 87
56 50
9 0
25 2
48 89
1 14
17 34
58 87
14 21
87 77
99 66
56 22
87 53
84 64
49 51
6 93
33 62
18 72
11 25
27 85
20 69
17 26
71 59
91 38
19 75
23 41
28 8
79 17
85 58
34 2
10 87
88 18
18 7
43 33
66 94
20 32
31 96
76 20
4 64
6 13
88 94
49 93
51 91
66 40
81 92
99 42
19 20
25 25
46 21
2 63
83 99
93 83
25 39
45 13
81 88
68 11
83 71
88 24
89 44
51 2
40 95
34 27
92 38
13 56
90 81
6 86
58 34
63 3
84 1
14 64
48 12
42 40
75 89
89 44
82 6
60 57
43 60
74 92
94 49
12 45
59 50
14 25
79 74
75 17
1 99
54 38
59 61
54 96
72 74
46 83
0 40
31 62
41 33
3 61
34 44
24 92
0 75
83 88
65 13
7 99
18 8
92 67
80 0
70 93
46 88
44 94
55 52
86 24
53 29
53 13
59 57
95 54
10 62
59 46
40 16
22 25
36 23
12 3
30 1
62 79
74 68
68 68
45 1
19 65
93 51
81 39
87 95
33 86
55 22
8 5
60 69
72 1
16 39
85 71
59 62
39 17
39 79
61 51
1 83
53 60
6 22
24 49
8 81
33 66
88 91
66 47
48 15
81 75
6 37
46 14
21 45
62 14
24 55
73 11
71 27
20 20
45 31
85 63
79 68
80 28
29 0
6 55
18 63
4 60
98 27
68 20
33 85
56 34
97 48
26 72
81 5
3 2
37 53
8 21
57 73
47 18
84 90
82 51
11 39
10 42
3 62
8 40
63 27
94 95
20 70
18 44
99 62
81 64
32 6
65 16
30 71
79 55
68 29
88 25
46 36
12 75
51 40
49 11
31 2
37 41
7 31
66 52
33 97
46 39
56 61
26 28
50 66
91 85
94 74
11 9
62 10
67 88
21 70
63 16
69 49
49 39
97 22
91 84
38 92
17 98
24 93
43 55
28 8
70 88
40 99
71 10
17 77
72 94
92 21
0 65
64 22
58 88
99 81
96 46
95 68
77 33
32 41
16 83
95 69
16 89
35 30
25 43
32 72
