10 500
63 24 60
61 12 49
24 77 63
31 10 61
91 27 29
83 7 42
13 98 50
39 15 61
77 19 41
29 92 48
26 30
85 89
8 22
9 89
83 74
76 4
57 12
60 99
99 57
55 7
12 1
90 64
31 44
76 76
86 58
46 50
85 37
40 3
93 41
3 94
14 42
96 0
77 10
94 51
93 30
22 37
49 49
0 77
64 66
79 47
80 37
59 36
13 58
63 65
50 58
57 13
87 19
6 66
69 50
22 58
86 75
86 2
37 48
55 48
36 27
84 1
51 60
65 83
28 21
53 44
28 59
62 3
24 25
73 26
97 89
27 43
95 91
62 78
5 2
17 87
7 41
35 78
53 24
80 81
54 23
37 81
90 11
57 18
40 94
28 59
66 60
25 73
92 3
17 79
90 41
18 37
69 5
68 19
65 22
95 51
34 47
35 68
60 88
96 13
76 40
94 74
25 76
30 53
60 98
12 95
3 5
24 49
93 2
79 44
18 90
17 4
0 94
42 28
60 79
26 2
99 22
21 70
83 74
90 87
26 64
91 57
55 11
90 44
60 39
74 5
91 37
22 58
74 92
22 25
3 59
0 52
3 69
69 76
37 95
70 48
57 97
41 57
52 64
15 82
76 19
81 46
81 59
54 19
88 88
12 9
62 84
96 47
78 54
72 9
62 64
54 24
52 18
52 37
89 10
24 10
10 82
1 28
49 14
44 54
14 64
82 77
73 87
94 17
44 83
45 55
63 96
50 87
5 3
23 52
47 8
90 76
40 2
21 56
61 0
76 58
45 87
54 56
77 37
3 11
17 76
17 55
61 83
59 33
80 63
85 57
38 67
46 88
43 93
55 31
25 36
94 68
43 14
79 7
28 89
50 31
70 39
42 46
68 54
8 14
45 55
33 21
32 21
16 71
10 87
43 28
80 63
40 94
20 11
43 11
29 65
49 81
68 45
49 26
3 11
24 26
85 50
10 8
46 36
5 61
50 10
9 13
40 49
38 99
73 27
71 3
48 76
19 56
59 81
20 42
75 61
33 75
97 68
25 26
1 36
28 22
18 9
30 77
10 77
23 44
26 34
18 9
62 43
75 0
89 31
85 86
88 72
79 66
62 48
68 64
5 67
32 89
76 30
39 50
16 88
83 77
52 8
56 64
30 3
33 23
83 82
7 21
22 86
18 18
58 91
72 45
47 83
85 55
11 24
98 25
85 6
18 88
56 36
56 24
70 43
39 51
67 23
13 44
50 56
94 68
33 13
7 93
56 87
96 83
95 87
88 83
82 2
41 22
40 50
74 26
44 38
9 2
95 7
93 72
61 17
66 48
80 84
60 46
37 76
59 30
41 13
47 28
6 94
9 11
70 12
79 5
55 3
47 17
59 43
74 98
39 94
68 12
48 83
70 39
37 3
85 68
52 45
27 75
16 20
50 20
13 1
1 40
72 43
96 26
98 97
88 75
86 35
15 13
49 83
98 60
13 15
33 49
84 36
11 79
98 76
34 57
5 7
54 49
16 54
2 6
77 14
88 32
28 20
24 36
61 9
55 33
28 44
59 90
39 88
10 55
26 92
22 65
28 70
35 51
57 63
91 49
15 82
24 63
38 77
93 38
15 75
17 48
77 18
62 13
50 13
86 97
10 61
84 75
96 14
77 47
32 59
94 56
75 65
66 7
63 77
17 87
56 72
69 70
30 97
82 25
79 65
24 0
37 6
96 3
44 64
56 15
50 60
8 76
20 69
35 51
75 66
51 52
43 58
68 8
79 20
10 8
86 72
73 2
81 11
98 39
43 57
47 3
41 21
8 34
83 2
74 15
23 46
62 64
39 20
72 31
74 8
47 37
57 20
73 12
70 46
5 39
78 81
20 61
48 13
94 67
71 29
5 27
20 43
3 42
92 29
23 61
37 18
96 15
7 46
35 69
66 10
67 11
25 48
30 68
38 17
72 45
46 89
91 33
77 82
16 11
44 36
98 65
96 37
26 5
58 75
10 17
52 56
7 45
85 9
63 59
35 6
7 95
22 68
22 70
66 6
5 48
28 57
64 86
7 66
41 51
83 33
46 42
98 23
61 31
50 24
52 72
8 90
40 96
44 23
65 77
50 72
51 76
68 7
60 57
74 10
46 8
58 29
44 60
94 73
83 26
62 68
91 61
20 80
2 64
73 19
89 40
78 33
3 36
39 37
48 43
82 2
71 19
61 65
85 70
31 94
84 75
14 53
27 17
23 50
15 35
43 24
83 47
98 61
77 82
69 4
97 26
88 43
49 41
24 28
9 68
2 31
18 53
7 88
40 87
43 24
43 63
