10 500
60 71 50
95 12 50
28 78 62
84 30 60
22 31 50
58 57 38
31 22 70
97 33 33
29 98 23
25 58 68
60 32
60 65
27 64
80 31
93 17
60 0
99 59
41 4
61 77
75 2
2 91
69 29
71 94
73 12
1 7
52 3
6 45
26 62
53 5
92 67
15 65
14 49
64 5
0 94
23 33
16 62
28 29
3 47
5 16
12 7
7 27
15 43
77 52
88 82
48 67
95 95
48 13
5 16
91 48
66 40
70 16
33 57
18 82
35 41
26 77
55 86
54 2
42 4
93 12
75 74
44 52
20 44
88 43
71 39
20 13
25 98
61 92
68 1
8 41
64 20
30 67
6 56
9 1
7 77
93 51
16 63
60 73
43 93
5 88
18 38
19 18
67 30
2 84
43 47
4 99
32 67
18 88
80 67
65 85
72 52
96 69
8 93
4 4
77 60
25 62
74 25
30 6
5 11
5 57
50 32
89 27
36 56
36 38
80 3
10 67
94 42
44 77
44 3
90 17
31 0
35 16
60 34
72 60
68 7
53 97
87 84
76 99
3 70
13 73
1 26
51 60
53 53
18 89
41 63
90 11
0 66
69 69
92 27
98 9
29 15
59 10
68 42
39 55
77 24
60 25
1 34
32 9
87 75
3 69
62 55
76 20
38 25
77 89
24 21
31 62
6 99
46 24
86 74
21 80
7 93
49 96
59 1
72 15
96 71
48 27
57 37
74 65
54 77
77 69
46 28
90 72
50 53
58 59
98 68
83 16
62 99
29 63
29 41
47 17
6 60
74 38
26 4
47 13
51 52
2 22
19 91
52 92
61 33
49 67
45 98
58 26
61 67
26 48
8 25
73 69
20 36
0 21
46 11
23 70
95 44
85 29
12 37
6 92
79 6
93 53
49 70
13 50
28 63
44 59
45 38
9 58
87 40
22 4
73 95
49 50
39 92
67 56
79 62
94 98
12 89
93 43
58 66
18 10
15 93
3 43
12 56
93 58
97 52
75 57
75 62
47 48
46 17
83 68
79 42
22 44
86 53
47 61
41 41
12 1
52 86
90 66
91 80
55 33
20 84
62 11
98 50
40 39
81 89
22 73
26 87
82 93
30 83
7 5
51 81
20 48
58 29
8 58
28 99
88 75
37 58
25 59
74 88
81 67
74 7
81 12
12 95
78 28
72 17
97 27
26 70
14 94
27 86
88 74
57 25
93 30
86 68
50 9
54 76
64 80
77 85
16 33
23 42
90 22
68 33
97 51
48 78
22 67
74 34
62 59
30 55
20 36
33 44
18 92
12 87
83 83
68 50
40 32
40 55
83 37
50 59
74 24
61 70
98 0
75 24
98 65
39 77
14 36
34 32
86 21
69 61
47 37
92 65
52 40
82 30
97 70
87 38
17 89
0 40
57 98
99 15
32 20
96 23
1 29
36 45
10 77
12 52
97 74
93 63
5 1
98 37
87 70
43 74
25 81
2 74
28 72
43 34
63 66
60 51
58 5
86 27
76 77
50 46
97 21
56 7
26 34
74 90
49 86
80 33
14 29
55 5
32 49
86 96
12 12
49 25
69 26
17 90
92 87
61 87
37 88
48 43
97 61
41 76
6 25
18 56
28 83
22 32
0 21
7 83
68 97
39 11
20 83
1 37
21 71
58 43
25 54
99 79
66 42
14 8
76 72
26 30
92 98
30 27
50 27
87 90
65 44
83 18
31 69
87 60
67 8
39 91
53 33
65 2
72 87
2 12
1 17
58 13
50 59
15 6
18 39
48 95
26 67
30 70
42 5
68 16
96 75
83 14
80 52
99 57
25 28
53 23
96 69
71 81
68 15
16 81
79 19
61 54
36 95
55 70
15 60
46 34
77 57
37 31
57 58
26 4
65 69
66 84
28 74
47 61
57 30
88 25
80 13
15 70
39 62
90 44
87 66
17 10
91 94
68 22
59 10
61 69
45 78
64 40
9 91
5 39
99 5
71 77
48 32
10 3
54 97
7 35
72 67
33 25
68 77
44 48
29 85
53 8
51 50
34 93
8 66
36 25
27 64
92 44
1 31
1 9
37 16
60 61
12 74
37 73
71 81
36 66
89 86
70 77
3 14
0 76
82 16
30 79
96 1
0 83
59 43
68 76
79 93
81 42
93 62
16 36
58 55
68 65
95 47
16 8
13 29
70 13
95 28
72 49
51 43
58 84
12 91
31 4
59 63
7 33
4 45
29 24
47 19
59 27
1 61
25 41
86 61
32 74
47 1
85 67
18 19
52 25
66 25
5 57
79 77
49 82
38 98
24 78
15 14
53 78
59 59
75 74
