14 100
21 2 18
81 96 20
64 6 19
24 50 11
57 37 18
80 57 13
70 65 18
36 30 8
4 41 9
89 20 18
6 60 13
15 28 8
40 83 20
48 88 17
46 44
81 63
63 8
76 34
97 81
98 58
32 14
39 86
68 40
25 49
23 30
35 80
16 41
38 0
75 24
39 33
49 83
92 15
90 88
32 79
85 77
12 41
68 84
0 85
7 7
97 2
83 73
41 44
48 5
58 0
20 76
35 82
49 88
18 30
19 37
77 49
23 29
61 69
34 21
70 26
64 19
21 66
33 3
37 63
41 1
73 75
70 37
47 73
89 44
37 73
88 2
52 57
50 35
40 29
51 68
6 58
3 33
58 42
15 35
51 11
10 10
85 69
62 16
78 98
39 19
96 39
58 14
73 58
43 47
60 21
52 89
11 92
32 23
8 35
12 0
62 81
0 26
81 81
6 24
0 61
6 3
37 96
37 31
20 91
91 8
9 14
79 33
59 0
27 35
69 94
44 18
32 32
76 24
57 43
44 93
37 52
63 35
66 36
28 90
94 67
