14 100
15 90 20
12 7 6
56 83 20
99 2 20
55 94 19
21 21 11
22 31 9
14 79 11
73 77 16
44 84 17
27 84 19
41 23 15
64 87 17
3 95 6
83 2
26 59
70 37
89 50
5 75
11 56
86 49
47 29
25 80
16 34
67 72
99 9
86 47
93 29
1 25
25 76
74 90
17 48
19 7
78 13
39 70
49 30
88 94
87 29
45 22
10 28
83 1
77 17
84 60
70 32
48 40
64 33
58 76
91 23
82 17
6 14
23 75
21 23
63 15
35 13
96 70
29 33
53 2
31 54
65 82
0 12
76 17
71 34
3 0
66 88
35 88
88 21
68 41
58 67
57 67
28 72
36 13
11 13
47 74
39 37
87 83
35 51
32 53
5 78
10 97
48 88
69 94
34 61
36 95
84 60
84 39
30 77
92 18
9 5
65 0
35 77
53 52
83 94
30 31
20 78
96 14
20 94
1 70
78 0
31 30
2 42
77 45
41 66
2 25
50 1
68 72
55 85
59 49
52 66
32 67
6 76
33 67
23 72
86 39
95 46
