14 100
60 55 19
16 47 9
63 82 14
32 81 19
14 44 13
35 80 21
79 8 15
39 20 21
55 13 9
55 3 16
88 93 10
93 99 7
70 88 7
49 56 21
54 16
61 73
10 82
76 56
21 72
19 84
2 93
29 70
11 75
82 52
79 84
26 89
9 26
33 58
22 45
77 2
51 44
29 76
2 68
39 34
96 6
58 14
3 39
30 22
46 46
0 38
37 62
82 35
19 28
78 34
23 9
45 82
32 93
8 87
7 37
9 60
76 75
44 2
42 14
80 69
2 80
50 50
73 97
22 97
91 28
47 75
96 55
53 66
48 38
84 64
70 72
81 26
3 97
35 11
30 10
25 0
72 99
27 63
59 68
58 76
74 0
9 30
73 50
26 10
68 34
98 5
89 22
16 39
22 97
95 99
84 74
39 52
22 43
93 12
46 5
51 86
93 53
59 10
82 28
55 41
45 64
48 91
65 41
11 69
48 5
18 81
40 55
96 62
97 46
79 25
58 85
26 28
46 59
82 74
98 12
22 96
73 66
73 71
11 53
8 26
