14 100
57 97 16
48 63 15
63 78 9
12 68 16
36 46 10
61 69 13
20 37 14
6 45 20
53 97 10
21 64 10
9 19 19
63 23 19
93 36 14
84 86 18
78 45
70 12
15 48
69 32
82 66
5 48
26 43
38 72
3 92
2 73
81 96
24 66
13 82
42 36
95 14
2 71
63 35
91 43
24 29
75 84
92 75
20 75
7 18
66 29
39 2
80 8
65 83
94 70
67 35
92 54
38 34
8 32
35 6
11 30
50 5
1 91
82 64
93 70
90 25
52 56
86 38
48 65
55 5
24 85
6 93
8 65
81 48
83 75
36 50
54 29
2 29
93 76
87 10
69 78
87 19
81 76
75 0
14 84
22 82
52 19
3 30
12 45
76 70
26 48
58 33
56 6
42 7
53 58
36 31
64 96
55 10
96 85
0 56
65 15
12 55
37 8
39 14
22 36
24 64
29 46
9 14
41 45
66 24
77 34
14 25
13 13
69 28
22 48
18 73
64 70
93 13
55 38
81 82
70 96
3 55
93 66
89 90
91 80
60 16
77 55
