14 100
22 73 17
14 3 10
30 98 18
31 49 16
50 51 10
42 56 18
85 90 20
29 20 14
47 27 19
75 39 9
10 26 9
9 65 18
69 66 10
67 95 18
25 61
42 70
7 46
95 90
92 72
11 27
33 45
3 79
43 13
95 39
76 52
24 56
2 84
54 65
11 43
88 85
67 33
21 31
67 69
49 35
70 12
82 97
46 5
45 98
3 78
3 67
30 28
0 65
81 89
97 64
54 64
97 71
14 77
44 25
52 38
0 97
41 82
82 83
6 69
21 36
53 90
67 9
51 94
88 94
78 46
33 5
40 62
74 20
54 82
39 9
66 78
32 88
61 81
50 84
27 0
90 38
15 17
17 76
26 10
14 10
32 27
60 85
90 21
55 52
88 91
90 28
1 29
51 5
82 48
79 94
46 87
30 33
19 52
10 76
64 40
23 59
48 77
68 20
99 63
59 19
94 96
36 66
56 33
63 74
37 66
46 29
59 43
0 46
80 19
78 84
54 17
49 44
29 92
19 46
30 99
77 87
33 99
81 67
73 80
45 69
