14 100
6 98 18
85 58 18
70 61 8
44 1 21
42 5 11
24 82 16
84 93 14
31 61 14
8 97 7
32 88 19
42 32 21
10 99 12
29 99 21
81 8 10
69 68
13 68
45 93
70 47
67 67
42 82
43 59
63 61
91 70
4 74
95 72
60 65
36 18
42 11
55 91
50 63
56 37
33 9
21 35
47 29
15 77
90 63
86 75
15 93
33 89
41 13
96 24
72 66
61 64
17 97
67 24
68 0
26 82
52 28
5 73
57 67
16 58
9 23
46 18
17 79
15 69
50 80
5 55
38 36
76 63
30 49
53 85
66 49
21 83
94 95
93 33
35 83
37 46
96 7
75 63
64 99
92 66
13 17
20 23
3 53
49 34
78 40
37 46
75 65
18 97
18 32
41 38
53 14
59 83
32 18
95 0
23 32
27 24
5 73
11 26
69 29
64 12
28 22
90 52
36 35
61 77
24 69
33 80
97 61
68 49
0 24
64 2
41 90
68 10
76 67
33 29
57 89
2 13
26 88
35 29
21 11
27 20
75 25
10 10
52 99
