8 100
29 80 19
80 36 24
31 39 23
18 8 22
89 22 11
36 42 27
35 84 16
7 60 14
76 19
12 45
24 95
75 13
59 19
6 12
65 16
74 38
58 33
79 11
48 80
37 45
7 90
2 46
71 80
64 11
42 97
73 18
97 67
49 63
97 23
64 71
76 99
85 87
59 78
99 63
53 38
25 48
74 72
26 27
52 72
34 80
25 34
45 39
89 58
80 23
5 83
79 50
15 5
21 59
34 28
33 94
53 0
21 86
84 14
56 82
36 77
50 70
80 49
32 85
7 94
55 7
35 61
75 62
16 4
16 65
70 7
44 24
92 41
44 0
68 53
39 95
77 49
0 89
85 72
14 55
42 36
80 83
61 30
98 13
26 95
0 58
72 26
39 98
78 3
69 67
49 36
77 50
43 47
8 82
62 26
92 60
47 79
47 3
96 20
11 12
72 51
83 85
40 1
13 44
10 68
43 99
61 98
29 0
28 12
45 95
35 0
91 3
0 73
37 86
