8 100
66 36 22
90 64 27
91 78 11
84 83 25
87 29 12
64 54 25
32 75 9
10 60 23
38 5
34 21
4 83
64 50
31 90
51 55
60 17
37 13
10 20
60 89
23 24
45 31
64 8
69 22
57 20
90 14
86 76
14 47
54 87
42 87
96 52
96 61
59 25
20 88
6 55
19 99
24 21
93 11
57 15
75 40
12 41
69 46
54 17
11 26
74 69
48 83
45 41
46 98
66 63
70 31
45 75
64 21
60 6
78 76
42 81
43 95
38 33
10 13
41 89
69 26
65 78
14 23
42 41
3 17
82 78
62 10
34 80
11 14
60 95
38 80
36 54
85 30
89 23
35 90
88 93
71 96
79 99
55 96
63 13
92 44
24 87
58 29
24 6
0 11
64 98
42 39
21 60
13 93
18 17
58 22
42 24
58 32
61 95
68 79
88 10
44 51
20 39
88 71
25 69
82 6
95 56
47 20
76 40
93 45
56 61
28 6
46 41
21 17
18 47
73 33
