8 100
64 88 24
86 19 19
85 15 25
73 43 10
11 88 28
62 94 26
45 88 12
93 61 11
44 51
58 24
1 48
28 74
25 52
20 30
6 38
68 63
89 20
31 82
73 0
49 87
12 99
77 51
44 50
64 77
61 39
6 95
53 76
18 41
84 55
40 90
16 57
59 60
82 29
61 60
81 25
13 32
70 57
32 71
22 1
88 30
91 13
92 89
8 26
65 53
1 71
68 71
87 59
15 43
14 11
45 30
95 74
51 20
29 86
4 1
38 58
50 4
65 17
46 60
73 60
71 29
74 18
42 22
81 87
82 83
43 47
37 67
70 91
59 62
75 23
50 44
4 11
9 42
63 2
70 38
30 90
9 93
83 68
6 69
92 39
0 0
54 36
55 51
13 94
89 36
13 82
23 57
41 12
33 15
90 16
71 30
43 20
9 82
11 21
66 49
43 93
47 25
26 88
44 6
37 54
98 36
24 39
90 34
40 31
63 14
59 97
34 42
96 43
17 43
