14 100
11 97 9
20 17 10
63 65 8
74 64 9
68 52 8
73 22 8
66 38 5
51 99 5
3 45 5
93 84 10
17 54 12
3 61 9
26 69 9
71 5 6
60 72
14 73
55 33
14 54
67 52
95 2
56 66
21 17
0 99
42 91
58 46
35 44
19 25
41 6
1 30
56 54
17 92
76 13
34 18
1 89
31 82
10 99
67 47
54 92
60 53
21 29
38 75
97 19
92 34
87 91
75 18
92 92
73 3
25 4
19 46
0 69
54 56
55 33
54 65
37 91
24 29
51 53
89 76
7 16
23 13
32 32
65 82
95 8
9 0
80 36
62 52
93 18
66 66
95 29
76 83
55 58
94 95
84 42
49 56
37 69
46 87
37 83
90 46
32 54
92 44
5 82
8 86
24 33
88 81
20 31
18 19
90 34
85 43
98 72
41 89
31 48
64 11
56 75
68 83
68 86
90 25
53 17
72 44
17 74
53 97
90 2
28 36
57 94
85 97
73 83
11 27
27 94
70 9
48 78
61 49
73 80
61 1
16 13
5 43
26 37
