14 100
17 84 6
40 56 7
74 49 8
81 36 13
49 75 8
53 60 7
64 66 6
94 54 10
66 99 7
79 74 7
91 64 9
87 0 12
32 20 6
99 4 7
54 96
59 77
96 90
60 61
53 80
60 59
68 42
29 49
77 86
24 3
47 48
27 68
62 31
13 35
24 96
75 67
45 78
93 42
71 1
69 77
31 13
62 49
17 79
89 87
64 74
85 20
91 96
45 98
6 8
32 86
24 56
57 58
65 94
74 60
32 22
1 86
53 39
75 32
90 27
74 53
83 2
80 44
3 18
90 73
54 53
94 84
91 45
27 4
46 47
38 55
22 42
6 64
61 65
40 94
27 5
40 63
41 87
13 61
72 98
36 67
14 14
12 69
98 99
12 44
68 67
63 69
14 45
89 3
35 19
68 79
70 22
82 1
48 40
99 70
35 41
79 44
70 82
44 83
80 15
31 26
99 4
10 6
94 0
53 43
44 43
85 18
23 4
38 85
7 9
95 87
94 65
59 29
90 10
45 45
33 57
71 33
89 8
43 24
61 88
20 74
