10 100
72 2 13
73 99 22
21 2 12
41 5 10
10 52 11
89 30 12
42 77 16
82 80 14
11 78 15
51 40 12
3 32
58 60
65 28
25 87
62 5
22 16
85 80
64 76
84 7
78 42
73 41
42 0
21 44
23 75
74 46
91 13
22 97
30 73
80 82
76 81
66 85
54 46
6 87
45 49
15 1
57 48
28 52
11 50
0 64
45 42
25 77
37 15
37 80
3 57
51 5
7 99
35 87
78 72
20 17
50 4
63 91
76 11
79 16
72 8
68 32
21 13
10 93
6 91
45 78
23 64
90 18
3 12
52 3
33 50
82 92
41 22
79 37
30 91
56 20
16 4
36 38
47 91
74 53
94 47
59 90
29 15
31 55
69 18
89 88
31 60
61 96
20 34
47 14
48 80
46 68
6 41
23 48
5 4
9 95
80 42
6 58
83 63
14 18
52 65
4 71
79 42
72 71
80 97
47 17
17 53
14 63
80 14
95 77
33 15
8 91
51 3
58 24
57 80
53 12
60 51
