10 100
93 18 12
43 96 9
54 31 20
80 83 14
20 58 18
97 59 10
35 41 9
78 88 17
68 19 16
48 94 14
47 19
95 72
72 0
69 23
88 74
90 8
3 49
69 12
90 98
72 57
0 91
84 15
48 83
18 90
69 74
9 1
48 37
10 14
67 16
99 73
90 63
18 38
33 39
29 17
45 49
48 60
21 78
28 19
14 56
41 55
69 76
85 18
14 30
82 44
57 23
98 80
61 36
46 57
63 76
49 6
60 80
42 67
91 23
28 40
27 59
63 93
62 12
31 57
44 88
54 70
52 35
1 78
64 60
47 19
81 89
5 41
18 13
13 53
54 70
67 43
75 10
16 88
57 14
82 20
54 90
5 76
17 49
10 97
76 0
38 85
44 98
59 29
82 50
9 57
93 94
30 14
69 1
14 8
47 28
87 2
0 4
68 48
62 9
61 96
77 69
46 39
38 78
39 98
75 5
24 56
85 1
14 27
71 71
54 53
15 6
3 49
64 73
69 83
12 25
86 80
