10 100
50 57 14
72 21 13
30 41 11
20 36 17
59 21 7
1 16 17
86 68 15
43 28 16
69 54 11
51 27 10
37 53
16 23
73 37
25 33
6 83
13 1
71 90
62 75
11 6
16 29
87 62
26 60
16 99
8 77
93 4
18 34
15 97
40 99
97 99
45 59
36 14
51 99
44 84
93 64
57 5
86 71
77 73
42 48
11 31
17 22
1 84
3 77
20 83
36 47
78 68
74 72
34 42
49 75
15 1
23 20
15 44
30 40
35 60
89 14
0 8
45 79
85 8
53 44
42 86
54 21
78 11
55 78
38 99
78 64
82 44
22 15
51 35
88 79
78 19
84 57
7 37
17 85
53 72
65 55
77 59
60 52
36 61
99 91
97 16
18 1
22 75
0 29
14 29
91 31
63 5
59 68
26 93
18 0
55 77
66 73
22 77
28 47
95 80
52 20
36 65
59 87
24 12
91 63
22 11
44 21
14 7
16 48
46 31
87 70
48 34
91 33
57 71
1 33
76 65
69 48
