10 100
61 21 15
30 29 17
99 22 10
67 82 16
47 18 8
76 30 17
39 62 13
14 17 12
19 57 13
33 47 14
29 54
49 60
26 56
68 74
59 67
48 54
48 32
23 2
31 18
47 64
93 52
65 7
95 41
5 98
30 48
23 16
29 57
55 3
86 92
13 94
16 25
89 13
47 50
37 57
5 29
12 80
29 17
58 24
34 56
94 79
71 50
33 87
32 51
33 28
34 77
43 64
3 87
96 84
87 5
45 80
21 73
32 75
89 70
53 76
40 10
82 66
6 40
30 30
17 5
65 22
53 62
70 64
50 51
41 41
65 56
15 90
14 22
70 5
81 79
63 94
60 5
18 0
71 73
50 74
71 29
85 30
77 43
98 30
28 93
67 68
58 73
40 87
46 13
70 58
64 14
65 44
80 35
36 67
86 9
92 22
55 2
90 37
21 30
42 68
66 21
66 64
31 24
98 2
87 70
32 90
7 90
54 13
92 25
87 77
35 74
32 85
94 16
51 23
5 72
25 15
