10 100
65 91 16
91 31 18
79 42 11
4 24 17
92 52 7
84 57 11
29 99 15
44 38 18
39 66 10
48 92 11
67 78
39 25
74 96
2 5
5 13
97 64
58 94
94 61
5 25
80 61
98 64
1 90
33 41
87 74
25 74
63 33
88 64
12 85
87 45
18 60
52 37
6 13
84 0
58 83
69 0
88 97
88 25
63 80
1 17
33 53
71 89
23 5
86 96
47 45
97 19
40 44
69 85
43 5
29 26
7 29
39 22
49 31
51 88
52 97
85 15
77 95
4 64
23 7
29 97
51 81
63 89
52 51
14 43
89 93
43 12
58 2
25 94
15 78
36 13
59 92
75 97
55 56
15 52
39 35
96 15
99 19
43 9
89 75
1 31
4 30
80 35
88 83
93 63
8 99
42 72
42 19
40 33
13 38
82 90
36 98
13 69
79 93
15 47
79 27
47 42
21 96
99 96
69 65
15 88
98 42
99 40
6 94
77 80
93 89
15 34
23 87
63 68
71 59
30 35
49 88
