10 100
89 17 10
57 48 11
30 48 12
72 70 21
93 62 9
56 25 16
62 58 10
45 60 12
91 47 15
97 9 14
17 10
62 57
53 50
38 97
11 63
92 13
90 57
2 8
97 98
43 85
73 23
10 22
3 68
4 5
48 55
2 84
72 11
67 53
59 51
9 4
3 48
60 66
54 82
59 18
75 34
58 80
0 75
56 42
65 30
84 64
23 26
47 45
89 21
22 53
31 26
83 42
21 9
3 32
35 63
20 22
5 56
20 36
12 61
95 88
76 42
68 83
3 32
25 1
26 28
88 46
50 29
51 22
77 21
92 25
73 74
89 98
13 27
66 35
50 70
40 99
79 67
73 89
83 12
76 76
87 81
18 89
99 0
53 92
18 28
44 32
28 36
36 21
97 31
27 43
30 7
74 50
66 84
26 7
19 26
62 17
7 76
70 73
96 78
22 41
12 65
32 60
58 51
35 0
47 61
12 13
88 76
69 64
91 9
75 88
54 63
85 97
26 8
80 12
92 98
5 17
