6 100
44 54 30
60 51 30
56 62 35
39 40 18
42 55 20
60 35 20
29 35
22 83
97 89
52 76
52 73
81 23
78 92
62 77
48 13
4 30
23 19
5 16
14 49
72 6
63 14
94 24
65 85
7 83
15 85
40 17
84 8
43 24
33 13
35 66
50 37
67 44
82 73
20 14
55 20
54 69
8 93
82 37
68 46
41 44
27 71
53 52
92 46
37 5
24 5
71 83
56 68
16 31
39 84
47 40
25 26
14 82
80 22
98 63
20 94
7 80
67 94
74 20
65 60
16 12
19 79
3 40
68 99
45 97
36 46
63 6
49 48
0 1
80 39
67 74
52 46
62 76
7 58
43 13
22 90
58 75
21 3
83 87
65 56
99 89
80 43
8 25
10 0
28 6
66 76
33 98
76 34
48 77
59 82
27 13
27 6
5 34
48 46
23 52
15 70
73 36
78 16
22 41
6 7
89 15
51 60
43 45
34 64
46 30
58 2
47 64
