6 100
47 56 23
54 60 19
51 58 17
51 60 17
53 60 38
43 35 36
96 60
85 22
79 87
30 68
45 29
60 9
30 75
12 36
32 18
86 86
51 24
76 48
37 71
67 25
23 29
7 78
78 79
29 46
34 10
14 74
37 91
34 39
10 68
96 93
50 35
79 93
20 84
63 65
71 44
53 70
39 53
22 40
57 82
6 98
16 69
77 69
76 24
73 86
56 3
2 20
66 82
55 43
40 23
0 63
51 14
90 99
11 7
15 54
23 96
8 47
62 21
54 54
13 38
31 5
10 43
36 16
18 3
27 6
11 37
7 59
94 34
98 12
57 22
21 88
81 87
23 87
72 65
45 92
47 69
92 64
79 89
26 40
45 42
26 93
60 56
98 24
0 26
76 74
90 55
27 26
74 68
90 57
74 95
21 43
68 51
1 76
42 40
37 90
28 42
63 81
38 43
7 87
72 28
19 97
34 45
82 3
37 69
38 97
26 19
33 69
