6 100
37 62 29
58 56 18
39 58 34
62 38 21
59 42 27
54 43 26
49 25
28 31
99 39
13 45
19 21
67 26
46 66
7 94
41 74
1 39
85 16
65 93
36 6
76 28
11 65
81 75
60 89
59 15
47 49
0 41
43 72
3 11
55 80
37 2
53 64
15 26
42 26
5 6
8 72
18 91
48 43
86 92
91 93
81 3
92 25
91 10
3 43
85 24
28 76
14 72
55 68
81 61
93 77
29 74
29 35
53 56
59 96
51 94
44 80
66 3
8 13
22 22
47 17
19 73
24 90
28 11
37 74
38 77
95 96
12 65
38 13
88 69
19 67
9 76
4 40
48 27
42 14
61 34
57 33
29 60
49 14
57 14
73 51
44 35
90 61
52 96
61 47
34 80
99 72
13 18
92 49
91 67
1 76
19 8
83 7
26 78
98 71
45 90
22 19
8 98
46 22
59 53
46 93
11 24
79 25
82 27
70 63
72 52
92 12
70 59
