6 100
64 40 21
38 37 23
38 58 29
47 44 19
35 51 32
48 39 27
56 40
53 97
69 50
13 54
55 40
67 79
36 7
30 18
23 80
86 7
27 84
74 48
60 45
49 72
79 56
92 44
51 69
90 25
22 31
96 29
18 95
58 41
74 84
97 5
63 21
45 69
13 30
46 11
1 34
12 0
73 43
72 9
74 59
92 39
38 47
40 16
7 6
86 77
41 59
72 50
49 51
37 4
15 81
54 74
41 38
30 39
21 16
61 0
76 41
35 41
79 8
2 4
12 70
15 94
67 10
6 79
75 71
58 19
12 88
40 52
25 25
7 54
88 88
98 54
14 13
80 77
61 82
48 62
46 48
11 41
66 41
4 64
67 98
70 35
92 19
97 8
85 80
6 98
57 28
27 63
51 93
86 19
36 37
66 40
71 79
69 31
42 32
47 73
37 12
28 9
91 72
30 44
17 15
18 66
98 45
97 69
93 73
50 56
85 70
81 66
