6 100
47 50 25
42 63 33
51 64 16
51 45 30
55 38 17
52 42 31
86 44
61 95
72 55
39 26
83 71
86 24
4 79
81 33
36 82
14 66
58 31
29 19
78 77
0 55
82 19
24 94
79 32
19 64
25 60
47 77
19 39
33 19
11 28
65 29
29 40
97 38
95 37
48 62
49 36
57 72
63 50
12 11
21 82
26 71
5 49
84 37
4 23
87 18
15 19
40 9
44 97
26 31
47 73
30 54
24 40
43 1
34 1
65 13
73 84
61 32
69 89
43 13
47 72
89 0
25 84
83 50
48 17
9 62
75 47
82 14
91 29
37 56
36 96
4 69
68 31
59 42
25 15
3 13
27 51
61 75
79 98
91 44
49 84
9 84
69 8
44 67
33 61
93 90
21 37
55 83
99 82
5 85
43 96
59 64
69 79
98 13
36 86
52 77
34 1
18 56
41 76
50 95
61 29
30 98
29 30
14 99
28 28
50 14
70 10
0 20
