6 100
63 36 22
49 38 21
58 52 23
50 56 34
53 51 25
37 43 25
4 8
4 99
36 96
8 82
25 10
71 59
65 57
0 56
21 67
91 93
14 0
54 15
97 84
81 76
31 30
90 46
84 72
52 80
10 46
92 69
7 84
34 62
73 31
92 78
77 71
67 46
5 18
74 3
92 27
31 19
68 30
47 35
25 23
1 7
24 54
53 68
86 1
24 96
38 2
52 28
59 95
85 15
58 71
73 30
96 10
25 57
26 21
17 50
94 45
23 35
41 33
49 9
66 32
20 36
84 55
26 37
50 87
13 82
9 89
63 0
17 83
99 44
98 77
38 13
4 42
72 59
10 67
77 68
32 11
70 85
71 97
66 85
30 3
71 70
35 4
33 70
72 34
5 28
57 75
11 64
28 32
72 84
79 52
34 26
88 85
4 71
1 85
64 23
42 72
8 70
12 53
83 64
75 23
85 43
27 17
43 52
42 89
35 54
91 34
28 86
