6 100
59 63 28
36 43 35
45 52 12
50 64 24
59 48 30
40 39 24
45 0
4 60
82 19
77 61
13 52
2 13
65 19
93 28
43 26
16 38
10 63
27 0
85 93
8 87
79 24
5 73
78 49
74 47
33 91
15 62
55 63
11 5
99 17
0 75
70 36
24 29
78 24
1 49
47 11
95 31
20 87
67 34
73 85
93 79
72 37
87 49
7 31
41 83
79 23
58 18
63 16
9 24
29 26
5 96
64 78
5 93
93 0
43 28
24 11
19 45
18 51
33 42
72 40
12 51
86 90
45 83
31 57
54 63
35 73
97 20
79 47
53 3
23 91
31 13
29 74
51 23
45 40
1 19
46 49
99 0
82 29
63 56
31 21
92 8
61 61
31 20
86 92
3 47
60 96
4 35
55 68
99 94
68 90
52 69
53 10
94 62
88 11
17 47
57 20
45 55
17 29
97 12
5 2
1 14
70 39
98 21
71 95
28 19
68 8
10 39
