6 100
44 52 33
47 50 13
40 46 22
60 63 31
57 35 31
54 52 21
28 10
86 36
13 15
88 34
15 95
4 57
25 28
5 12
17 33
22 11
21 11
90 0
88 2
90 11
37 40
71 26
60 72
79 62
16 92
49 35
70 26
69 64
48 93
3 17
95 85
8 90
21 72
27 35
58 82
49 7
65 71
20 24
70 68
40 52
40 41
52 15
62 1
48 31
49 41
43 55
4 66
11 60
63 6
49 59
16 47
21 41
20 57
60 9
15 31
16 36
84 17
24 6
46 56
37 70
80 66
10 73
17 68
94 57
28 19
90 68
69 35
13 45
99 14
23 3
22 98
18 28
56 41
62 19
32 99
7 82
34 23
17 49
92 37
85 75
4 74
38 39
92 34
7 58
26 38
72 59
52 90
42 1
8 89
66 85
70 94
82 8
6 53
36 46
42 47
51 68
78 90
1 10
2 57
5 49
40 50
44 77
34 37
88 95
75 58
96 97
