8 100
71 49 15
49 58 14
26 32 24
76 52 15
11 29 12
21 89 18
11 9 23
88 84 30
90 78
40 51
33 52
74 19
5 6
24 74
93 59
39 34
77 57
96 83
92 98
82 41
51 24
70 70
15 80
6 37
66 29
92 34
85 32
47 88
14 12
13 12
30 93
97 88
71 58
49 90
8 31
77 40
7 40
24 78
4 38
83 82
76 99
70 14
56 59
64 64
69 49
44 83
53 45
41 9
9 8
46 40
31 29
32 79
71 48
28 75
98 12
82 90
72 55
59 3
54 43
7 29
32 20
23 84
5 23
6 59
31 16
8 57
20 25
97 5
91 83
56 53
69 62
35 16
39 60
33 79
57 71
97 10
58 0
57 31
64 52
31 2
93 94
6 33
92 56
52 33
32 78
21 86
68 32
19 41
38 66
47 38
76 14
29 22
28 38
29 60
97 16
56 33
5 78
27 49
32 44
57 41
2 23
80 99
68 32
15 0
0 31
6 89
70 74
64 79
