8 100
16 53 25
49 50 22
55 64 13
84 42 15
33 32 23
30 72 17
81 70 25
27 10 14
30 98
12 9
85 84
42 67
31 88
35 34
62 9
27 86
73 64
68 69
51 73
48 79
26 80
57 24
93 95
1 7
78 92
41 5
33 41
61 46
22 60
10 94
70 66
68 62
24 33
70 20
26 81
19 38
30 85
67 3
42 16
31 55
53 22
14 42
39 57
4 35
54 13
92 90
21 77
74 82
71 19
76 21
32 12
75 42
21 77
61 75
20 1
20 21
43 12
1 78
13 66
27 82
91 74
45 92
20 77
20 30
78 18
40 72
94 74
85 93
45 95
81 64
48 72
54 84
12 45
25 20
91 95
60 50
48 26
44 97
77 91
80 95
82 50
99 68
33 70
78 9
8 7
6 39
64 65
77 84
32 29
68 68
73 46
73 84
65 34
52 80
55 2
43 22
65 23
48 24
58 77
88 66
44 58
64 86
89 1
47 68
94 16
5 71
89 78
17 59
