8 100
18 34 15
68 38 19
27 10 20
78 49 17
87 38 22
47 36 20
44 38 26
39 11 18
86 20
6 84
35 53
61 75
96 77
76 72
73 86
39 91
11 49
51 51
83 34
15 49
36 6
32 99
14 82
34 25
68 52
35 45
96 20
25 8
33 72
79 44
12 1
1 69
56 59
93 36
52 75
33 25
59 96
31 76
17 93
33 3
79 90
75 68
52 94
20 9
51 29
88 44
9 32
86 44
35 29
57 85
59 6
17 63
81 9
85 35
74 86
19 29
90 93
85 92
13 63
94 8
8 69
32 81
4 63
71 17
34 97
96 51
77 97
22 5
96 3
42 75
89 40
42 72
67 84
48 50
22 46
10 65
70 60
62 33
5 5
48 14
35 80
17 77
41 36
44 97
31 66
7 84
4 38
86 53
66 85
34 28
78 87
15 23
19 28
4 61
73 99
23 28
23 59
97 61
83 54
64 46
58 10
92 47
48 63
18 26
98 55
31 55
28 26
30 34
