8 100
37 51 25
24 43 12
38 72 24
26 41 11
33 67 20
67 42 18
28 74 17
46 16 25
5 19
70 16
77 27
97 0
38 14
72 80
11 20
34 46
37 54
8 18
9 54
47 93
89 12
37 33
11 36
21 27
12 67
80 85
38 17
15 56
97 69
0 68
10 95
93 73
90 82
20 70
18 6
2 63
61 14
81 48
96 83
0 55
48 43
36 76
57 14
87 63
10 29
27 59
19 59
77 28
72 48
46 20
23 56
25 72
88 61
88 28
13 25
93 0
18 92
13 55
93 14
23 90
33 33
67 70
52 81
21 42
93 64
3 24
84 64
54 64
21 19
90 84
23 94
84 78
77 93
36 43
73 63
9 48
8 6
90 74
9 95
70 45
62 75
49 23
28 15
71 26
5 64
34 86
38 91
18 54
58 47
42 98
45 50
7 24
10 55
53 58
75 89
13 66
15 25
6 96
16 86
92 27
78 20
7 50
7 48
46 39
26 62
44 74
37 54
83 38
