4 100
75 89 51
96 61 19
55 23 49
57 95 51
97 24
78 36
16 71
5 65
58 85
69 10
47 62
75 76
25 92
53 12
75 43
7 51
88 22
57 26
31 6
52 67
91 92
60 46
70 58
7 37
75 43
69 92
26 14
1 54
33 12
33 72
90 46
46 66
76 45
38 50
68 47
66 74
10 6
51 21
16 48
98 61
39 98
33 31
0 52
52 83
46 87
10 38
41 8
76 38
57 36
3 1
77 87
49 5
22 3
79 88
78 64
8 48
32 80
37 40
96 66
9 18
14 3
16 26
36 8
91 47
98 41
70 39
75 88
17 76
27 56
44 98
73 64
29 48
48 54
65 82
65 97
22 88
33 11
62 52
40 93
9 13
51 10
56 75
52 65
55 86
60 75
13 8
82 7
74 23
74 87
44 95
79 13
76 96
37 13
76 39
22 22
80 91
19 48
47 23
33 33
75 49
18 76
25 81
32 34
12 15
