4 100
54 45 52
88 26 39
28 71 51
22 73 29
5 22
30 51
38 41
84 73
14 95
62 86
20 14
41 31
2 85
31 8
76 63
48 18
39 20
40 19
77 60
90 19
48 83
25 93
12 15
9 57
67 7
15 2
8 6
50 63
39 14
31 63
7 76
45 45
79 12
0 5
50 44
89 21
82 56
69 11
67 18
50 6
61 30
49 22
44 32
46 58
28 3
95 63
94 45
59 32
53 2
57 28
20 40
30 3
16 25
86 59
24 81
42 89
75 28
39 51
48 38
24 65
83 5
45 11
54 23
2 72
72 21
41 63
91 77
20 71
91 55
28 78
36 24
41 42
0 43
70 92
88 48
11 89
82 0
58 87
16 11
0 45
70 61
20 33
47 36
82 97
40 30
45 84
77 1
22 98
96 20
95 64
37 90
87 51
33 32
30 55
21 49
64 11
57 14
94 6
64 81
66 42
27 13
21 36
75 21
42 29
