4 100
77 3 36
11 95 50
61 11 49
90 29 38
7 15
13 76
29 74
85 7
4 96
2 17
7 74
23 88
28 65
38 63
65 91
46 44
24 39
2 38
96 76
77 68
20 50
74 80
32 79
30 60
97 95
9 51
89 30
71 54
98 8
64 24
20 26
58 86
74 17
2 83
65 58
78 55
85 93
86 5
61 92
32 68
27 77
44 2
7 60
37 85
6 87
83 55
1 26
72 1
41 24
3 12
64 67
0 96
34 40
12 74
67 19
99 27
46 17
90 52
57 60
17 37
16 16
56 6
3 58
49 28
43 25
14 7
53 23
86 62
49 58
48 30
83 85
24 19
12 87
27 60
73 0
38 58
46 34
17 93
61 80
20 44
46 51
33 34
67 20
34 49
68 41
38 74
29 89
88 93
17 72
4 78
72 75
33 26
65 77
6 9
0 68
9 13
66 40
58 71
70 84
47 38
18 91
46 36
88 66
61 82
