4 100
95 65 33
55 62 57
12 66 46
95 82 36
3 19
8 5
55 52
7 2
46 12
24 3
16 81
70 12
93 62
60 97
84 41
15 13
37 55
74 49
38 90
82 55
22 24
8 45
60 23
76 77
34 90
12 21
20 42
0 23
74 41
75 6
15 5
99 8
76 80
71 77
44 39
39 40
58 19
96 38
36 17
51 88
25 9
27 60
66 90
79 44
43 92
9 49
3 71
69 21
88 46
0 65
96 39
26 88
57 81
2 62
92 56
37 39
39 50
19 55
63 11
56 65
79 32
9 44
88 60
93 14
52 91
38 76
33 95
11 5
92 63
13 62
47 26
77 80
31 48
17 36
78 93
32 33
10 88
96 87
42 19
43 67
62 58
87 87
53 90
37 10
49 30
80 0
87 60
18 94
28 81
46 39
71 40
24 80
13 28
63 31
41 40
63 83
97 50
55 77
16 66
28 79
80 52
96 72
40 94
56 69
