16 100
38 2 6
28 13 6
62 38 15
0 88 15
82 61 9
66 29 16
58 97 10
11 94 17
63 96 14
55 27 7
92 35 10
23 65 11
27 77 14
61 64 17
30 78 14
94 26 12
49 18
21 86
63 57
19 29
76 10
57 41
34 38
55 2
49 79
79 72
59 25
33 56
83 71
43 45
43 55
57 52
81 69
5 8
21 99
14 6
57 2
24 76
39 49
59 91
45 5
0 84
1 89
23 92
84 98
66 46
7 27
19 3
87 58
36 20
58 86
34 47
3 69
89 29
1 75
3 86
8 54
90 40
4 59
10 68
60 96
19 78
26 60
23 72
96 34
63 16
54 41
99 52
94 90
57 80
5 26
37 23
66 7
23 89
74 3
19 45
78 10
1 71
67 78
13 75
22 20
18 2
65 16
37 43
88 82
33 29
75 19
37 68
24 91
42 15
44 28
52 1
10 62
88 90
41 9
43 51
88 89
61 76
86 77
89 97
41 58
91 95
54 55
20 97
14 74
69 30
14 38
25 85
90 13
20 31
11 68
56 23
80 75
96 98
1 21
26 8
