16 100
36 14 17
87 10 11
25 6 12
84 54 15
46 83 17
13 27 10
34 1 9
53 45 10
10 62 11
65 57 9
65 1 12
17 83 12
51 19 8
65 7 15
64 43 13
44 9 11
59 14
67 96
56 81
64 2
6 84
48 38
57 32
35 80
93 43
46 27
84 50
26 16
71 0
7 98
84 19
20 13
60 51
42 71
66 33
10 63
74 91
50 56
91 62
97 86
49 47
48 18
49 20
11 38
8 99
30 35
92 32
83 0
72 34
34 66
61 96
7 82
2 64
69 27
43 1
97 44
76 91
48 16
11 0
38 21
43 15
99 69
9 41
29 43
62 13
87 52
59 79
93 55
67 29
13 71
3 3
74 62
81 71
36 2
34 11
66 51
51 0
90 44
5 49
86 19
53 24
11 49
80 92
96 13
25 20
65 15
41 22
52 6
80 39
67 47
82 23
97 78
87 47
40 9
61 86
84 16
1 54
81 19
23 77
39 52
4 9
88 24
39 17
68 31
59 85
0 27
88 43
18 3
8 91
84 20
45 10
0 66
83 53
24 91
12 65
46 98
