16 100
82 11 17
82 70 12
14 23 11
63 33 13
97 21 14
6 15 9
73 84 8
94 13 9
92 39 8
50 51 15
23 3 12
39 80 17
58 21 18
32 98 7
41 59 10
75 12 14
28 21
90 8
82 20
57 91
26 59
96 94
96 82
67 50
27 6
77 57
76 29
81 73
83 15
34 1
52 98
66 69
1 76
30 84
18 48
11 48
92 30
9 67
15 6
53 70
3 27
37 33
67 97
79 36
79 81
69 27
27 37
56 67
27 43
49 82
36 53
7 41
53 5
47 79
5 47
74 43
66 60
60 95
21 50
44 32
24 73
55 22
9 73
97 50
74 39
28 85
24 14
73 78
78 9
91 46
40 8
8 55
35 1
53 74
78 9
16 54
58 21
22 4
30 2
16 0
66 96
11 68
74 36
93 61
91 94
17 27
63 69
66 96
57 82
37 12
45 75
1 13
72 35
57 7
14 76
61 64
63 23
93 84
10 53
86 73
25 46
59 17
96 96
43 46
35 67
57 14
91 13
53 70
85 87
14 9
23 26
31 95
59 4
56 92
55 88
4 24
