16 100
36 41 15
74 40 17
48 38 11
47 94 17
43 36 7
51 77 13
43 99 10
23 54 6
69 50 17
11 55 10
77 97 16
33 11 16
47 82 10
66 33 7
24 36 13
48 80 10
90 47
20 88
3 19
15 24
93 12
60 83
1 13
42 29
28 29
50 51
19 85
31 12
43 34
32 49
26 86
71 93
18 39
60 96
40 32
43 20
64 82
28 98
25 60
5 17
4 81
47 9
72 80
85 39
93 57
92 96
13 20
23 58
81 25
15 11
35 95
63 85
80 98
95 10
39 65
33 1
54 88
39 58
36 38
31 23
8 40
15 66
53 81
91 1
41 84
3 16
82 46
55 71
26 75
7 71
31 7
17 61
71 33
18 6
26 27
68 26
5 57
19 60
50 60
18 20
86 69
78 0
62 21
13 67
10 22
57 12
40 48
90 5
65 29
74 22
42 93
81 5
96 15
65 4
20 15
68 65
55 69
4 87
25 60
55 7
88 1
68 86
23 86
99 19
70 82
96 52
95 33
41 29
7 85
11 90
87 18
20 31
28 39
26 48
12 72
97 44
