16 100
28 59 14
87 73 7
14 10 16
16 38 7
46 34 6
4 27 15
22 67 14
84 19 12
78 96 15
24 58 14
43 29 11
66 28 9
12 42 15
50 6 5
84 28 11
56 74 12
80 93
76 56
82 70
77 33
7 5
93 33
85 28
48 6
28 45
12 38
1 77
56 85
78 75
23 45
82 63
19 10
14 32
13 94
55 95
74 96
23 42
63 30
15 66
1 85
68 23
65 74
15 60
97 50
20 4
87 27
25 61
59 3
27 14
24 60
62 96
47 0
76 15
28 30
14 47
91 3
44 78
80 84
30 51
78 28
11 3
5 8
90 7
73 34
27 92
5 40
6 32
65 7
35 10
73 97
67 66
11 31
81 90
4 65
2 63
90 83
49 46
95 63
24 25
92 4
8 45
55 66
3 44
85 36
21 83
26 50
9 90
53 83
63 4
59 60
65 10
41 77
39 92
92 40
82 9
13 40
94 93
63 7
80 95
97 88
86 89
83 92
20 73
65 48
2 63
5 39
90 55
82 61
17 47
86 57
19 10
47 94
51 48
25 53
4 74
62 77
