10 100
39 43 29
51 19 22
46 17 15
7 95 17
55 9 11
55 50 13
32 70 17
71 82 19
14 85 3
90 59 4
89 1
91 28
37 56
12 76
54 56
34 84
65 51
5 96
87 65
13 80
40 62
86 11
49 30
7 12
61 67
49 34
19 25
2 94
85 28
46 65
49 9
16 80
33 92
39 15
81 42
94 61
35 94
14 41
51 77
6 64
3 62
17 6
93 85
82 89
74 24
89 97
5 85
64 94
24 61
17 95
24 90
69 32
36 22
71 79
88 94
34 65
22 99
52 63
38 8
12 7
86 4
42 26
31 58
21 12
34 12
59 82
17 25
31 33
52 71
9 52
27 62
41 59
58 73
49 64
7 67
36 67
96 3
20 52
41 64
86 26
36 9
16 36
7 20
30 49
62 88
92 96
49 54
78 58
61 62
22 23
4 83
64 14
88 42
40 7
3 43
74 8
32 90
45 53
73 95
14 21
48 30
32 82
60 5
66 7
95 54
85 19
26 73
40 10
19 63
2 92
