10 100
50 38 31
85 2 26
46 87 23
53 71 17
46 87 10
69 13 11
72 29 15
4 28 9
54 52 7
85 77 8
85 82
86 35
24 86
9 13
58 70
48 10
35 90
46 28
48 17
83 60
35 56
78 72
20 60
49 83
45 69
43 60
3 51
90 71
59 14
84 14
20 11
39 73
37 52
55 90
17 67
37 50
40 39
58 72
70 75
19 59
33 54
69 37
48 20
72 14
8 36
26 89
49 24
82 28
8 93
27 65
79 98
14 91
23 7
17 75
66 2
14 58
53 46
31 55
10 4
5 19
40 39
61 78
49 5
34 29
90 41
18 48
59 35
83 16
41 37
13 55
31 77
24 72
87 85
81 20
67 3
76 16
9 67
47 47
79 89
92 8
75 27
72 48
63 74
36 6
4 43
25 34
27 31
55 7
98 47
72 7
73 19
82 94
89 73
61 94
71 73
63 21
1 55
95 27
89 82
11 51
94 6
41 40
44 52
42 79
40 50
84 86
96 9
27 62
80 48
30 37
