10 100
72 20 25
48 65 22
21 59 18
21 67 17
23 64 19
99 8 15
82 39 13
77 33 18
40 2 6
88 14 6
36 9
63 43
11 9
47 33
17 67
57 12
9 52
95 17
67 71
11 24
12 37
36 25
13 65
45 90
61 99
41 89
0 53
55 57
59 60
58 47
78 64
69 97
33 34
31 0
2 14
20 97
12 61
52 64
83 69
13 20
98 56
90 6
7 81
1 60
16 57
52 3
81 57
4 77
93 33
44 95
27 16
14 56
2 9
5 13
68 14
27 89
64 78
87 39
56 92
45 23
41 65
16 41
71 83
7 1
91 52
14 92
8 69
37 64
78 38
53 17
7 6
88 54
49 7
74 97
4 64
52 82
26 19
5 90
44 8
88 26
60 64
34 55
63 73
24 6
15 17
41 67
45 1
76 25
49 11
59 75
84 19
18 31
4 66
56 11
37 43
17 27
63 63
44 0
70 84
59 89
26 22
71 16
45 43
4 85
78 23
99 79
31 72
14 89
50 33
75 67
