10 100
11 32 23
90 80 30
33 33 14
20 13 18
11 20 16
74 58 15
40 90 20
57 56 12
95 21 5
57 45 4
83 29
98 59
32 9
62 71
46 56
74 38
57 10
72 24
82 80
76 41
58 48
43 34
59 50
88 72
44 67
53 78
39 72
1 69
71 61
86 66
66 86
38 86
68 39
99 26
24 63
91 16
92 45
19 47
91 79
8 36
70 59
3 19
11 20
29 11
12 87
76 45
48 37
70 62
5 12
57 49
39 6
71 74
32 30
15 6
54 84
2 12
78 10
87 63
4 1
7 53
43 16
36 8
81 46
57 85
23 35
77 53
89 13
53 44
63 28
75 79
60 55
66 59
38 55
93 89
32 0
51 48
23 25
44 53
31 60
0 2
86 35
72 20
18 42
92 90
58 56
96 94
64 63
3 73
42 53
80 72
7 61
42 0
28 77
4 23
52 69
2 19
45 71
74 71
87 89
7 11
62 51
81 16
58 0
55 43
3 54
74 61
60 79
73 90
15 12
74 94
