10 100
90 82 30
41 3 29
38 21 17
36 10 11
48 40 19
25 51 11
9 4 17
61 10 9
3 14 5
42 94 5
40 3
19 72
49 0
45 50
89 30
64 15
63 81
33 34
90 4
63 55
83 19
21 60
19 64
5 80
7 79
13 78
47 26
43 61
43 83
77 66
13 43
55 23
97 48
55 17
82 1
98 56
81 94
99 31
3 51
33 15
77 18
87 20
46 89
34 61
5 27
24 46
53 26
80 60
64 67
65 72
72 79
44 71
89 4
61 19
85 55
48 24
73 42
42 39
99 0
78 30
89 12
52 49
71 5
20 11
37 68
18 24
1 30
83 99
33 76
29 41
70 34
26 89
61 59
33 17
39 1
80 76
81 55
28 52
62 50
60 81
55 17
35 85
11 27
28 46
68 74
24 15
62 31
40 59
77 18
63 30
95 3
93 6
38 31
36 5
95 5
61 32
40 21
47 43
35 47
72 2
32 14
21 11
14 59
23 73
89 90
95 59
67 49
23 14
70 96
75 87
