10 100
82 91 25
32 99 24
28 42 18
64 72 19
12 51 11
17 19 11
96 51 11
10 51 20
65 79 6
13 33 5
71 69
25 99
70 57
88 10
57 1
83 62
73 68
8 6
4 21
99 97
49 65
47 72
29 95
90 67
11 79
12 71
51 8
89 10
93 18
17 86
80 60
46 16
82 3
62 31
52 70
95 79
67 20
75 1
11 15
18 14
22 8
27 48
91 47
9 80
96 57
94 57
61 36
44 63
35 56
86 27
23 63
20 34
6 52
87 23
96 43
86 95
53 20
20 3
78 86
37 17
13 53
36 12
61 80
7 62
88 66
27 65
3 2
24 22
2 30
77 96
57 38
92 31
47 82
97 9
87 38
2 70
52 4
16 98
25 9
23 33
63 44
26 43
49 79
87 87
74 31
21 78
80 14
63 23
59 77
18 55
67 23
89 41
79 75
41 55
54 6
81 59
3 81
51 84
54 94
93 91
51 41
33 3
19 98
29 92
8 12
86 58
76 54
52 72
61 84
20 71
