10 100
93 0 30
37 24 29
58 72 8
13 65 20
76 43 17
41 70 8
23 34 14
20 83 18
27 5 3
39 35 4
58 74
12 68
29 15
4 93
79 78
14 5
87 3
85 17
52 32
23 47
65 93
13 37
34 40
41 68
57 40
23 13
16 12
95 48
54 83
98 69
42 2
55 39
59 76
28 9
96 10
26 26
89 1
73 65
4 99
43 27
30 57
69 70
81 31
94 6
85 4
22 35
3 5
8 71
43 36
87 80
34 69
69 54
3 2
96 58
64 96
86 99
78 94
90 1
19 35
66 31
30 45
74 18
90 53
85 62
29 64
74 36
66 95
46 76
78 4
62 45
1 87
86 5
28 12
76 96
25 66
85 43
81 86
51 28
5 72
36 2
82 84
65 27
20 22
39 3
56 39
40 77
44 56
63 52
81 10
70 57
64 99
97 95
15 81
63 2
39 97
84 62
80 32
8 83
64 31
44 35
44 82
57 51
51 45
99 60
29 8
18 47
38 90
78 38
98 45
58 92
