10 100
55 16 26
22 14 32
34 7 18
20 33 14
70 91 15
99 87 20
51 15 9
10 61 14
4 80 5
93 4 5
98 78
51 95
59 14
72 24
68 92
81 21
11 76
68 30
53 23
24 1
89 83
58 6
17 75
6 31
4 13
56 68
14 58
5 68
73 17
72 37
7 32
88 1
85 11
86 35
78 45
28 45
24 69
19 69
3 47
56 61
10 5
6 71
55 88
8 72
41 27
75 65
74 56
47 66
75 65
30 23
42 39
47 94
89 35
10 81
91 96
4 70
64 38
2 52
92 55
84 11
27 68
42 73
34 25
58 57
55 10
90 73
65 14
5 2
23 7
24 15
49 96
47 60
73 41
79 41
8 11
81 63
67 5
14 38
49 90
24 60
48 1
38 78
94 45
25 38
32 7
28 67
1 13
45 0
26 15
12 40
14 75
52 53
62 76
36 17
52 46
64 45
97 61
19 31
40 20
16 6
31 56
99 25
11 98
59 35
8 60
87 6
88 87
45 95
27 17
1 55
