1 100
77 12 156
64 73
46 0
0 13
36 70
56 45
4 39
23 98
46 84
69 55
37 29
85 53
54 54
83 39
0 86
22 46
31 35
13 41
99 16
93 53
20 80
78 30
39 2
74 78
30 67
3 2
28 73
29 51
15 26
36 59
28 47
2 88
95 11
82 35
50 22
25 35
34 52
94 79
67 57
64 35
81 99
58 61
43 18
85 66
90 83
83 15
84 25
41 47
63 76
74 37
49 84
67 4
82 36
5 4
53 73
84 63
88 88
42 93
23 70
52 63
68 39
75 11
15 83
43 56
5 11
4 73
17 46
14 4
14 23
51 24
32 21
56 87
34 12
78 0
38 50
61 2
68 79
94 19
75 66
21 62
7 98
93 57
52 70
51 79
22 63
81 75
45 53
90 27
46 39
73 57
19 84
38 49
5 79
93 74
7 44
28 62
37 27
36 62
17 44
35 18
66 67
