1 100
9 38 150
18 34
39 71
64 41
0 22
97 92
37 84
32 1
87 40
60 61
24 17
64 0
76 65
58 53
60 87
46 29
59 44
48 8
69 16
71 31
53 52
86 69
16 94
90 15
52 87
26 37
23 47
37 74
3 38
84 1
0 41
55 96
18 91
1 87
20 23
50 47
12 30
68 68
14 52
78 15
43 71
28 90
88 96
95 80
23 2
3 59
55 17
9 59
24 29
69 71
75 11
24 7
68 70
34 3
49 91
45 54
32 90
71 8
99 87
0 57
96 90
63 9
26 83
11 26
9 46
90 3
92 28
76 35
98 59
26 65
58 89
95 51
51 83
99 1
54 61
28 44
49 58
56 78
87 10
41 86
36 62
54 10
54 32
42 82
61 3
22 84
71 31
38 77
28 22
19 7
94 0
73 83
40 87
98 14
86 21
26 64
19 76
6 59
98 88
28 62
39 24
