1 100
82 63 150
38 23
35 96
30 46
24 1
23 92
35 30
61 20
93 7
6 6
20 17
96 94
49 25
25 31
2 66
61 13
59 96
80 26
86 68
33 97
97 66
10 81
30 64
44 5
62 72
49 0
55 30
93 19
62 32
75 0
66 86
68 34
38 54
99 16
84 7
84 17
28 14
65 29
29 87
72 25
83 68
8 65
33 68
46 67
40 71
77 11
36 93
55 35
85 81
89 86
12 10
84 66
14 47
98 12
64 38
89 99
62 57
84 87
30 38
78 29
41 87
17 2
61 85
26 10
84 8
59 71
88 22
75 3
40 41
4 61
97 51
5 43
45 23
54 83
5 93
62 85
60 34
34 50
92 35
13 86
71 62
64 42
34 64
19 54
66 15
64 88
40 18
15 7
27 68
57 39
79 39
65 85
51 17
32 90
35 76
66 76
40 7
18 54
21 56
74 77
16 97
