1 100
14 52 185
10 27
39 21
89 99
12 80
7 96
55 21
32 55
31 16
82 56
89 39
58 86
75 42
38 39
37 46
74 29
48 4
34 85
28 9
60 50
26 79
0 67
4 31
52 0
11 83
58 49
8 44
43 1
86 73
32 51
65 41
57 28
60 51
77 28
34 74
6 89
36 9
31 28
60 79
61 82
64 61
60 44
74 4
3 0
99 44
79 71
25 61
78 46
11 87
20 2
54 96
9 31
69 78
43 27
12 80
6 83
3 71
59 32
50 21
41 63
69 8
76 91
17 86
78 46
19 32
16 95
80 42
58 29
28 16
59 42
67 42
77 36
44 41
5 16
48 17
83 89
30 48
50 20
88 74
85 88
76 37
3 16
10 68
40 3
47 10
88 16
61 49
18 93
27 29
74 9
85 68
2 96
13 39
0 44
42 58
75 16
74 68
77 35
11 91
56 24
68 99
