1 100
67 56 174
10 89
10 80
88 53
81 88
96 30
86 84
61 10
36 31
88 83
35 79
23 56
39 52
90 60
64 53
97 33
89 97
69 72
56 67
99 73
49 0
7 17
40 68
38 1
26 49
15 1
24 40
77 85
12 13
95 45
11 16
68 80
52 29
56 22
19 9
25 54
11 35
7 93
71 27
45 91
23 22
45 46
43 94
50 80
17 39
80 3
75 47
64 90
24 24
30 6
23 76
91 35
58 80
4 86
80 56
80 2
46 51
91 63
45 68
66 61
35 83
67 58
3 97
54 90
65 63
61 45
33 18
91 85
57 47
64 25
64 12
97 95
14 72
13 5
18 58
28 35
87 87
52 26
14 33
19 21
21 48
52 66
51 92
99 55
35 70
60 11
53 67
93 51
71 7
12 3
62 36
89 99
36 83
15 49
14 35
5 49
84 3
19 68
53 16
80 10
74 9
