1 100
11 12 150
71 26
38 75
71 47
35 8
19 45
23 9
81 1
24 74
26 9
94 52
86 21
41 11
11 28
20 62
3 20
77 9
40 96
27 22
26 76
23 14
36 54
36 84
13 50
77 92
1 26
96 53
90 13
93 17
8 77
45 70
83 1
82 25
60 24
70 36
79 92
13 59
34 22
77 31
13 68
3 72
92 77
18 46
92 82
2 96
82 17
22 23
3 30
5 45
83 59
24 84
30 46
23 28
17 90
11 75
34 27
50 55
71 36
1 76
17 63
58 62
63 34
67 35
96 16
64 37
21 8
5 63
17 25
62 1
95 81
58 57
28 49
54 72
41 11
64 43
8 16
73 19
38 58
29 64
89 49
70 87
41 64
22 42
78 20
53 42
57 8
29 5
44 11
9 55
44 18
67 42
28 43
50 77
97 16
81 99
3 23
52 92
53 28
81 61
77 68
80 47
