1 100
61 14 150
22 74
56 23
65 86
90 49
89 93
67 40
77 8
8 6
56 94
83 18
63 39
3 79
2 42
79 79
70 9
50 47
58 53
19 68
75 75
30 31
52 7
32 93
73 99
2 44
45 6
83 88
17 51
36 39
63 54
6 21
5 40
20 34
0 3
93 42
72 25
22 66
16 34
98 31
35 19
30 50
65 63
86 66
13 77
23 45
64 19
89 45
21 86
40 61
41 28
90 7
59 86
80 17
64 17
13 29
21 59
39 90
55 63
34 4
77 16
94 77
27 55
40 7
71 86
47 83
64 79
62 77
94 21
11 15
52 13
53 96
20 65
66 62
73 38
99 53
3 10
73 73
68 29
90 44
70 58
4 32
70 65
37 34
57 16
2 45
28 77
56 68
55 20
93 68
63 50
5 22
58 83
25 53
24 0
65 11
39 28
21 73
58 55
86 68
74 44
11 80
