1 100
89 7 150
26 55
66 27
32 37
52 63
56 45
82 36
40 57
75 10
34 5
42 51
26 67
93 18
88 34
10 62
60 66
25 9
53 68
93 28
22 1
62 30
21 48
8 39
91 0
28 25
7 34
36 64
89 35
35 1
6 29
91 37
7 42
28 89
36 4
6 55
80 86
6 10
26 0
89 50
35 65
58 87
18 5
28 26
95 43
55 65
71 79
27 80
12 6
29 18
99 63
77 16
70 7
79 46
56 90
60 97
79 49
95 91
8 96
60 41
44 60
71 72
77 73
33 8
25 13
26 73
93 25
47 95
25 95
99 42
54 74
13 82
58 18
59 17
90 87
16 56
42 89
50 87
78 51
48 46
61 79
56 23
79 60
41 47
64 61
2 98
48 11
11 79
66 7
82 89
27 68
88 71
84 76
61 35
92 10
15 43
93 41
41 86
11 21
29 97
25 64
35 86
