1 100
49 30 150
12 87
26 77
61 30
97 20
16 53
25 54
35 42
26 17
15 53
46 72
17 78
66 6
34 89
55 10
31 13
1 42
40 67
98 19
2 27
96 49
42 96
42 36
34 36
24 20
95 0
91 60
84 73
63 19
20 5
94 75
74 66
39 74
74 32
77 14
23 45
50 45
39 30
9 34
62 13
37 32
27 5
83 63
46 26
74 90
92 76
96 20
37 87
6 6
91 89
65 10
43 62
96 60
94 31
22 83
24 98
72 65
50 63
71 46
19 17
31 44
40 16
21 68
67 1
2 39
45 99
34 69
60 89
30 41
41 99
63 43
80 51
96 62
5 46
5 61
96 89
9 0
60 34
3 54
39 18
93 78
36 38
34 43
75 96
44 88
86 71
92 30
27 51
29 42
75 53
46 54
51 11
16 51
83 77
73 82
23 89
4 57
51 53
25 42
66 66
12 36
