4 100
25 82 43
18 85 46
39 96 38
60 37 36
38 62
13 4
12 63
38 84
44 19
42 20
21 62
70 24
80 19
43 14
2 40
36 21
36 82
47 1
50 5
67 79
79 13
96 7
74 82
67 51
37 76
5 13
18 15
83 97
84 54
32 5
82 37
8 87
75 36
52 70
20 10
94 54
14 14
99 71
10 39
22 30
26 42
21 79
17 7
0 93
59 58
71 67
4 84
32 96
66 95
4 84
44 32
50 10
81 46
56 91
34 25
71 16
29 11
37 6
61 81
27 54
33 6
8 17
57 44
70 11
81 96
88 17
16 10
7 59
7 64
62 87
61 44
93 81
56 40
59 71
21 48
94 64
45 16
89 10
60 76
28 11
36 17
68 43
17 91
58 86
91 0
73 92
57 48
13 90
7 69
82 37
75 56
68 35
30 73
54 99
94 63
66 24
70 88
75 98
62 1
42 4
68 39
26 29
31 11
49 84
