4 100
67 2 46
87 82 57
60 75 28
30 4 31
86 86
28 42
70 11
38 77
85 20
34 98
91 42
49 13
58 24
47 24
43 70
32 68
21 54
13 76
98 5
90 30
66 34
95 19
47 24
71 37
28 16
26 36
29 75
61 24
36 90
5 90
30 36
74 0
89 58
21 7
15 42
69 68
32 94
8 56
58 19
28 67
67 27
3 53
17 62
91 80
70 53
82 34
77 0
76 0
47 0
21 87
87 57
50 27
46 91
12 67
55 46
85 30
16 65
41 43
20 60
29 77
63 44
44 22
45 75
10 84
6 35
1 94
50 17
40 71
67 66
94 85
76 40
14 39
86 67
18 26
0 30
76 73
3 4
45 92
30 76
73 92
0 89
99 68
94 34
50 33
9 64
20 93
11 27
86 59
55 14
99 12
48 11
71 30
37 12
86 58
65 93
21 3
87 64
37 16
54 86
46 44
48 72
38 63
75 55
26 29
