4 100
91 69 36
59 69 62
21 45 29
59 38 33
88 49
80 78
62 70
83 8
10 50
39 87
17 35
27 15
50 97
19 45
91 10
14 80
49 51
74 10
38 97
52 11
47 36
30 67
19 72
14 19
87 38
36 11
70 42
70 9
99 41
60 29
98 47
26 98
5 67
56 98
24 24
8 97
28 83
66 62
49 43
23 91
62 54
74 52
97 31
27 56
55 1
60 25
71 12
68 66
70 28
30 20
70 75
55 48
60 36
74 25
38 77
93 78
17 97
56 63
14 16
86 93
10 96
1 20
81 79
87 26
89 61
9 0
76 77
52 84
65 11
54 95
91 34
29 22
81 51
81 29
31 3
0 48
6 33
93 22
57 11
89 42
34 43
28 3
32 25
4 6
61 54
69 97
78 18
73 29
52 76
50 31
59 66
99 22
36 10
85 85
11 96
72 18
95 97
95 32
35 92
64 40
34 78
21 9
83 85
30 23
