7 100
67 52 35
61 60 14
50 48 24
61 39 16
44 40 17
41 67 31
45 34 16
53 47
14 58
78 53
37 71
25 97
21 55
7 47
70 30
69 80
23 66
76 77
37 55
46 65
80 12
94 93
48 20
48 96
56 93
29 72
90 18
21 80
89 62
97 97
57 71
92 97
2 89
33 4
91 28
36 97
89 22
46 61
77 46
54 62
11 71
87 52
24 18
42 45
62 22
59 17
9 91
75 0
5 77
40 55
89 30
13 68
59 87
55 86
98 71
56 95
43 20
69 50
80 64
49 70
1 85
28 96
18 32
61 67
2 30
85 59
96 2
50 35
12 14
82 52
50 73
0 12
29 33
32 44
11 48
27 72
66 4
85 32
92 44
52 82
6 30
18 86
2 96
91 7
15 79
50 81
79 68
40 82
83 72
67 67
15 49
13 61
88 91
92 50
70 36
90 22
15 74
96 50
69 91
96 92
68 26
4 32
51 5
55 11
71 21
75 24
63 66
