7 100
68 66 13
42 66 17
60 50 21
65 66 25
46 54 18
64 53 29
58 33 28
72 98
27 34
77 16
82 59
99 71
63 31
29 32
83 55
61 24
97 94
75 76
1 91
59 2
61 23
70 40
97 50
87 78
89 80
37 4
87 18
10 35
24 27
81 26
34 22
63 8
19 38
79 10
5 47
65 2
5 1
38 23
13 96
10 79
11 29
53 5
7 8
74 47
98 62
0 9
15 82
64 36
56 47
78 69
1 66
71 25
3 60
70 87
94 54
90 6
87 81
65 68
52 24
65 79
26 29
57 32
62 75
77 58
72 9
84 53
85 27
9 15
67 1
91 36
23 93
34 16
80 25
13 27
14 8
6 46
8 66
31 54
57 32
82 5
76 36
50 13
4 67
60 75
66 17
56 91
54 1
5 3
81 81
17 19
88 47
57 84
98 71
31 54
20 2
29 42
78 11
61 28
4 66
44 10
62 82
45 26
90 1
50 67
63 75
80 15
40 49
