7 100
45 50 22
57 40 18
49 53 31
47 63 26
57 41 17
45 51 29
51 40 13
95 20
8 12
63 7
37 91
11 49
78 52
51 61
16 89
69 63
38 2
78 66
56 42
39 8
19 68
5 89
79 4
82 8
59 71
44 72
59 75
42 4
29 24
12 88
65 29
98 36
67 88
9 96
62 10
32 50
4 56
73 2
2 20
36 79
37 70
90 74
25 7
90 47
8 11
10 65
90 72
82 28
83 54
21 55
95 33
69 88
99 96
78 49
75 12
2 74
38 98
4 84
11 26
41 94
58 13
94 27
87 93
92 69
80 50
58 81
45 76
27 5
96 79
53 20
47 23
81 48
34 63
85 35
71 11
83 32
72 78
96 47
53 41
63 77
1 43
75 19
12 63
66 8
90 77
96 41
53 14
17 20
13 91
19 38
98 20
29 32
52 31
9 55
22 17
31 52
2 97
90 55
59 86
0 71
79 40
18 67
81 31
37 20
60 42
58 94
14 91
