7 100
55 68 19
30 33 20
44 37 28
49 69 27
47 47 18
49 44 22
61 45 26
5 19
37 81
91 92
81 22
88 39
62 90
37 55
64 31
85 26
78 15
50 52
81 19
98 56
39 7
2 19
2 60
89 78
22 96
49 82
65 93
24 72
31 30
68 89
88 72
60 76
15 0
42 38
35 41
21 18
43 54
29 1
96 27
29 47
1 48
16 72
38 85
48 83
91 33
79 18
25 95
53 5
71 25
3 28
23 53
74 3
86 13
26 56
34 40
80 54
40 77
10 12
49 17
89 0
28 71
74 94
97 97
40 81
96 48
27 60
47 70
66 79
34 83
27 40
35 6
45 46
97 4
67 64
33 97
32 38
51 24
13 0
96 91
61 25
38 14
17 33
54 91
49 89
2 29
77 36
35 87
84 62
69 2
40 79
66 97
88 74
91 7
4 77
88 31
32 65
42 97
9 32
33 88
25 85
31 35
5 27
86 58
66 5
19 65
40 19
10 40
