7 100
60 40 30
47 46 18
55 60 22
63 61 17
64 68 13
34 45 29
65 58 24
41 67
25 47
61 86
98 66
77 1
23 54
16 30
21 26
80 96
11 7
99 7
15 7
75 11
48 59
20 56
76 38
91 55
22 28
91 94
56 29
31 58
87 47
15 40
85 61
79 91
53 14
11 57
36 81
1 60
97 78
64 23
6 81
57 33
26 94
49 35
86 24
49 38
0 5
95 3
48 47
18 80
10 93
45 61
48 72
93 69
46 46
66 8
5 19
63 66
82 7
48 99
35 80
40 49
59 75
92 7
86 15
61 13
23 39
79 61
1 15
94 15
1 32
66 92
79 37
14 93
0 18
23 79
88 2
57 6
62 96
0 56
9 25
99 74
27 51
36 28
42 47
25 70
74 54
92 68
72 84
93 29
75 3
60 46
31 2
63 2
39 36
79 88
49 0
34 65
54 56
4 99
97 45
92 41
81 27
93 81
39 80
75 24
19 7
50 69
3 79
