7 100
59 58 11
47 47 25
48 34 26
56 61 31
41 32 22
37 32 17
45 60 21
67 83
37 1
16 41
15 55
78 49
56 16
17 42
68 32
34 83
48 71
16 5
60 17
81 0
14 17
0 94
28 67
17 88
56 74
62 68
15 48
94 38
7 3
63 73
13 49
10 3
61 23
75 95
15 59
33 45
25 18
95 95
57 86
45 92
44 56
59 14
92 83
12 79
62 46
49 23
35 85
43 2
57 2
91 28
68 23
6 52
21 45
68 58
82 56
88 26
57 89
18 44
5 91
45 59
40 31
80 92
25 74
71 40
29 63
51 16
77 98
87 42
73 80
97 76
56 76
29 20
51 97
50 60
72 3
38 77
88 71
28 4
70 74
10 72
68 70
28 67
37 87
68 58
53 76
72 35
58 57
86 20
4 78
50 67
80 86
37 54
98 46
94 20
40 34
82 71
60 63
15 1
55 5
84 3
0 56
71 56
44 51
2 41
59 52
70 24
67 63
