12 100
41 65 12
77 94 14
47 76 11
46 41 21
76 69 13
58 96 9
49 35 17
61 35 15
21 38 15
90 23 15
83 98 11
68 6 18
2 58
73 34
0 95
89 53
70 74
37 12
31 91
38 9
31 84
27 8
10 68
43 90
63 35
51 21
12 50
66 17
85 7
97 18
88 96
21 43
20 85
3 91
13 9
96 65
63 3
79 16
46 33
28 57
79 45
57 65
98 41
25 50
65 74
75 23
51 76
94 83
31 32
6 27
9 25
0 11
5 91
37 94
68 59
24 53
76 96
96 38
46 40
39 74
94 18
18 51
56 94
47 8
31 76
4 10
49 40
77 40
30 85
35 53
71 37
38 5
74 75
90 79
63 91
77 28
32 31
24 3
64 43
89 23
29 51
31 66
32 88
62 92
10 48
67 52
14 63
17 18
84 68
2 28
43 5
99 24
66 95
47 56
32 33
73 61
16 88
51 51
5 21
34 36
48 62
16 65
47 71
34 57
60 6
63 32
2 44
89 75
75 30
26 92
46 5
79 1
