2 100
30 43 52
44 71 99
53 36
50 90
52 10
15 61
89 11
13 59
36 53
17 44
42 34
61 69
35 51
60 95
58 38
14 93
49 94
48 1
25 50
19 44
68 76
70 80
76 52
8 6
61 91
42 60
69 88
3 89
47 88
15 31
7 60
47 46
39 76
58 55
73 9
81 82
51 20
37 73
98 61
47 38
8 44
39 5
58 62
99 25
44 90
58 3
91 59
15 20
24 29
89 83
77 93
59 72
15 2
55 92
48 39
67 10
42 3
13 0
17 13
62 12
75 60
37 98
19 70
6 49
81 66
44 3
97 34
15 74
48 80
46 93
60 90
27 33
67 58
74 6
56 73
45 6
1 74
77 0
24 81
69 59
54 21
87 97
11 92
39 72
91 34
47 57
82 5
9 66
57 67
28 64
10 70
21 95
22 56
86 99
18 92
55 82
64 63
8 17
68 47
30 12
51 96
41 76
