2 100
71 60 81
50 45 70
2 63
1 92
88 90
5 28
65 39
51 24
60 86
25 66
27 27
51 70
84 3
5 98
9 25
31 99
2 69
94 11
29 92
28 5
62 33
14 20
27 8
41 62
62 20
41 9
32 34
86 65
93 42
48 75
27 11
77 87
92 90
56 44
63 53
47 42
77 51
7 49
15 28
40 43
82 1
26 9
43 43
29 90
64 71
76 21
62 19
84 65
80 36
84 26
36 16
50 60
90 40
51 55
11 42
10 16
19 49
52 10
75 24
86 94
26 88
88 14
21 16
74 76
83 91
62 76
95 9
51 22
14 86
69 99
57 97
57 38
62 67
29 67
99 74
99 63
80 56
12 1
12 2
55 98
93 52
36 69
92 46
97 65
28 25
27 71
29 53
10 20
42 33
94 18
10 62
38 98
17 96
21 93
15 46
6 24
17 89
23 42
19 63
63 75
43 41
89 12
