2 100
34 54 53
55 26 97
52 75
89 69
26 55
27 83
25 78
44 57
62 10
46 62
22 79
90 26
18 16
22 11
69 49
88 27
91 89
69 70
76 90
14 93
58 6
73 76
86 26
56 27
71 53
40 52
84 82
36 10
55 46
33 56
79 24
81 69
47 12
70 8
91 25
73 11
5 11
40 17
70 38
98 36
16 10
86 46
85 34
14 28
19 33
27 15
26 67
73 94
65 6
0 15
71 48
12 55
28 41
26 17
97 24
81 61
7 86
70 58
82 30
22 32
70 49
6 4
86 82
27 96
5 57
69 32
21 34
34 92
2 12
67 5
8 50
70 70
66 90
23 14
39 13
32 33
89 47
6 95
29 68
69 30
58 68
89 8
19 96
7 96
74 29
22 20
55 82
92 5
51 65
89 19
53 10
28 39
82 27
0 42
24 58
15 1
81 75
53 60
39 31
72 42
18 88
6 25
