2 100
60 72 62
60 65 88
81 6
26 56
58 20
13 29
83 56
51 51
76 38
89 88
95 80
9 60
53 9
98 72
99 75
27 90
0 16
42 79
20 9
97 25
79 25
55 47
98 75
65 42
54 58
40 13
23 98
60 47
35 25
19 89
99 97
24 5
95 63
65 87
24 75
7 20
74 85
81 92
54 60
76 73
9 35
59 24
85 2
75 21
20 92
50 25
91 34
11 49
91 88
59 32
62 4
44 65
74 25
43 4
59 99
76 35
12 14
65 29
4 53
76 35
30 88
32 75
84 79
24 62
44 99
68 68
97 95
47 18
91 19
7 89
79 53
91 0
36 41
62 36
85 72
37 70
62 6
71 5
97 73
0 41
32 70
66 94
82 33
63 13
27 99
64 89
40 36
95 99
89 72
96 24
68 75
22 20
44 8
65 2
52 54
68 60
28 15
39 0
29 66
51 29
64 0
94 10
