2 100
31 69 81
46 69 70
3 11
46 67
60 98
44 37
96 28
99 60
29 95
70 79
97 37
28 52
42 99
47 19
34 50
50 21
73 95
94 36
98 59
14 91
88 31
36 21
33 64
91 80
42 20
34 40
51 59
42 49
95 41
79 69
38 23
46 78
45 46
55 50
91 61
50 81
21 68
85 7
26 17
50 0
73 4
58 70
44 50
80 15
12 60
8 13
2 96
87 95
88 13
55 45
6 55
33 77
84 47
96 1
43 84
10 43
19 79
97 61
19 17
6 3
89 54
58 30
93 8
11 29
28 78
74 0
34 47
89 0
49 82
77 19
8 95
18 82
83 31
34 80
73 30
88 20
1 88
11 50
17 65
22 77
19 17
61 93
22 98
17 1
47 47
41 36
97 95
12 34
65 54
34 51
8 54
48 16
85 43
47 6
88 28
52 15
40 49
70 33
67 13
65 86
70 5
6 42
