2 100
65 46 49
45 27 101
19 83
85 0
29 23
73 84
4 43
55 94
77 5
90 83
73 2
97 42
54 74
27 40
94 97
59 18
26 65
54 84
57 2
14 52
82 30
87 95
80 0
11 55
97 63
42 10
65 42
63 65
99 88
12 27
17 31
95 94
35 48
52 16
86 8
47 1
1 98
74 50
58 50
54 31
23 64
24 2
94 88
36 6
89 62
28 95
5 28
45 36
73 53
13 88
89 38
79 62
82 54
46 53
14 94
93 35
35 55
80 66
81 58
65 20
20 2
73 90
73 80
89 27
62 52
53 63
56 75
37 64
25 44
66 10
0 35
51 22
36 66
58 97
50 9
69 45
94 35
66 76
84 73
89 49
98 98
34 56
48 63
76 45
39 52
10 31
74 31
52 45
44 89
46 54
37 48
40 93
20 38
69 79
91 1
45 85
90 55
4 7
76 12
39 10
4 68
85 34
