2 100
26 53 96
56 34 55
67 36
28 70
71 92
41 6
29 1
85 23
80 9
69 6
25 70
24 5
8 42
93 10
50 65
94 32
80 47
9 85
75 91
77 67
68 79
88 58
68 85
89 67
30 18
6 57
24 25
97 4
54 11
81 43
1 57
62 0
83 43
0 83
78 61
4 59
13 46
69 13
86 44
66 85
85 73
28 94
25 91
90 49
49 11
26 2
4 99
81 75
58 5
1 98
72 36
22 96
35 4
77 38
49 72
21 91
47 4
37 63
57 24
1 30
85 28
52 83
74 57
62 38
95 43
29 33
16 99
68 75
38 36
21 25
33 73
48 33
87 91
11 0
68 68
51 59
78 63
59 36
27 6
33 55
13 51
24 43
7 74
15 34
9 47
16 74
86 82
26 4
72 92
58 90
63 80
6 89
29 60
1 50
53 66
21 50
40 97
62 18
32 96
63 83
15 97
70 81
