2 100
62 66 61
37 38 98
58 37
48 60
32 72
98 42
45 75
88 96
24 33
52 30
32 84
16 3
13 90
82 9
10 23
97 3
64 46
82 46
14 96
99 81
81 26
41 63
27 73
91 65
94 20
44 82
14 76
96 88
28 62
54 71
64 71
81 9
58 93
70 78
85 16
14 76
41 79
35 44
97 8
20 79
58 35
99 24
90 40
71 78
61 56
4 17
32 43
97 55
62 22
92 3
80 49
16 76
54 12
28 49
47 17
81 91
52 46
10 75
61 10
79 13
44 13
6 83
91 13
46 29
74 10
45 37
35 53
15 67
18 19
94 35
41 7
37 3
99 89
68 36
12 44
21 41
80 5
6 94
69 28
53 41
20 61
25 28
15 2
38 58
26 89
2 90
49 17
68 14
6 13
7 92
12 50
99 31
28 80
92 2
62 36
52 47
63 2
49 27
42 95
86 95
20 68
32 28
