2 100
34 32 58
43 63 92
22 98
27 80
9 53
17 81
13 98
97 49
68 91
25 27
72 79
13 1
46 44
10 73
57 45
10 8
59 64
69 90
27 44
62 93
70 43
89 77
14 31
41 74
36 17
66 76
91 86
19 77
62 41
56 33
40 74
17 12
58 51
96 81
82 85
97 28
99 0
4 26
39 28
4 42
36 1
10 49
83 79
16 19
77 10
2 70
61 26
8 72
50 33
5 71
12 28
8 91
90 49
64 44
46 44
44 9
75 12
89 65
45 86
73 58
45 15
55 43
55 89
19 62
32 63
11 65
87 80
77 97
70 27
42 36
74 50
6 59
68 30
65 69
38 18
21 51
33 73
7 25
24 93
43 16
44 34
55 19
47 46
66 48
80 10
23 57
11 21
82 52
94 81
83 50
73 96
66 16
93 70
55 43
71 98
3 5
74 60
60 99
85 64
0 13
10 13
61 36
