2 100
56 27 72
73 25 78
90 50
89 87
76 6
21 57
85 27
42 32
65 68
7 81
23 46
92 89
63 1
74 69
39 90
49 40
69 53
57 31
10 60
10 24
54 62
29 20
74 49
46 71
41 6
9 64
9 85
25 21
23 1
28 67
38 58
57 30
93 28
66 0
39 51
92 7
70 4
16 58
5 35
26 80
7 39
52 38
16 13
9 31
97 8
86 25
29 33
70 50
93 44
9 67
11 89
55 60
46 32
75 47
35 31
43 76
51 25
17 15
31 44
26 72
62 60
66 50
91 20
90 5
89 17
51 7
56 79
0 40
71 61
76 21
94 10
30 28
67 83
10 58
85 14
95 39
36 92
75 25
73 48
35 82
79 47
83 26
0 18
71 25
96 59
90 54
46 98
22 26
94 87
83 40
51 55
85 3
66 67
27 81
74 77
70 67
3 65
98 51
29 60
5 78
3 22
13 22
