2 100
29 46 88
44 28 75
29 21
77 65
42 49
50 32
48 46
11 11
68 13
54 23
24 11
53 30
11 9
24 50
94 57
24 35
36 92
53 51
67 49
79 68
19 80
31 51
40 99
37 71
86 88
1 14
31 51
46 45
42 46
46 74
36 4
48 7
76 71
99 6
68 32
35 40
37 27
77 36
37 37
78 68
74 96
21 89
21 99
77 19
61 14
99 13
59 75
30 76
58 36
47 89
83 32
26 46
88 98
9 77
20 14
65 44
85 72
46 98
0 70
64 51
97 84
82 80
13 12
23 31
34 90
81 95
18 81
74 35
42 9
16 74
22 87
21 75
50 61
59 53
9 99
19 53
99 97
48 21
67 92
67 71
85 70
47 52
34 72
23 85
11 82
68 60
80 55
14 44
11 48
15 48
28 33
35 42
25 44
83 26
95 0
30 19
76 48
29 21
52 4
90 39
40 97
29 76
