2 100
66 74 74
40 74 76
8 75
75 31
51 51
16 35
5 90
67 29
67 39
57 1
89 85
0 51
92 32
44 89
37 60
76 65
48 71
40 91
63 40
95 78
3 45
97 81
21 21
98 5
29 63
25 44
0 39
40 47
71 6
87 2
2 33
55 11
45 18
37 38
4 55
1 6
76 33
61 98
55 32
11 20
22 77
7 37
64 46
26 53
78 77
77 54
89 92
79 91
97 24
34 24
41 23
74 64
70 43
98 81
37 46
68 99
40 97
32 45
97 34
49 0
22 87
72 6
26 62
2 22
96 49
72 13
64 29
86 5
57 28
53 68
88 68
55 77
70 68
27 44
68 70
25 98
48 31
2 26
28 80
8 70
40 59
66 51
30 96
44 70
49 22
40 95
24 71
47 34
36 75
46 13
21 55
25 32
48 89
63 35
4 83
55 97
30 4
7 81
13 10
63 10
62 21
42 23
