5 100
48 62 26
0 92 32
76 42 24
87 22 33
61 97 19
25 25
49 41
82 15
88 28
66 77
12 31
72 39
74 5
14 75
83 60
39 40
8 99
38 51
62 19
15 7
15 20
86 14
76 78
7 80
93 29
96 59
30 54
66 81
70 33
55 50
41 51
74 73
57 54
42 47
26 47
26 85
61 16
13 40
19 72
42 34
96 88
92 45
14 54
25 80
60 11
33 13
43 84
80 32
82 90
20 69
0 56
97 89
20 76
64 24
70 87
21 22
67 59
56 55
19 37
70 13
59 30
28 63
39 83
88 84
88 0
71 67
49 0
38 52
0 63
59 16
69 18
75 37
81 81
91 72
17 55
12 55
58 64
46 6
3 27
66 60
60 19
77 57
15 81
69 65
36 97
52 43
73 10
22 2
65 8
22 96
19 42
12 91
11 54
29 78
8 9
5 71
15 5
76 37
18 76
42 39
45 78
30 40
82 79
28 61
80 38
