5 100
29 20 31
51 87 32
72 1 22
50 68 31
72 15 24
98 86
84 90
94 28
37 79
78 66
61 2
47 51
43 7
59 31
12 80
42 28
34 38
12 74
63 75
60 31
25 63
38 45
51 19
40 81
93 98
44 48
10 45
19 13
60 92
71 67
93 78
33 57
3 76
1 4
55 90
70 87
80 65
82 73
33 6
2 32
60 87
85 89
39 25
95 6
5 16
61 78
93 12
0 46
19 92
35 32
1 5
33 60
41 90
69 86
4 99
51 57
65 31
30 3
51 42
5 50
99 89
45 20
28 2
43 99
98 61
88 64
73 76
20 86
60 14
96 45
54 76
22 28
92 39
18 74
66 19
54 97
94 41
0 18
20 32
44 40
38 97
67 14
39 27
89 45
52 95
64 76
66 75
34 90
54 78
84 33
84 2
28 94
93 98
82 27
21 71
65 4
76 14
44 94
80 43
84 42
24 95
91 78
64 7
12 61
0 11
