3 100
4 76 42
48 31 48
70 86 61
16 91
1 92
92 33
69 88
3 35
26 84
72 50
85 61
58 39
2 85
96 36
49 90
41 58
89 45
10 15
4 57
36 97
52 68
64 8
95 25
56 23
35 44
6 61
92 71
37 19
15 60
58 65
31 93
30 31
97 4
85 57
73 22
34 88
80 48
0 9
23 45
0 43
47 46
35 81
62 10
32 23
92 64
0 89
63 44
45 23
27 91
31 60
61 99
89 57
46 68
70 81
60 71
90 93
93 16
32 1
30 11
13 32
19 66
64 2
28 26
22 54
63 17
10 51
16 77
63 55
36 63
56 3
26 75
97 61
67 43
82 21
1 66
16 60
37 15
62 78
61 88
79 86
84 18
67 28
76 49
36 23
90 85
45 34
80 9
67 42
59 10
94 17
70 62
71 63
94 9
14 5
27 88
4 92
53 51
59 7
69 30
84 71
46 24
55 92
82 68
