3 100
94 63 44
37 74 62
68 91 45
38 36
21 30
68 98
96 45
65 96
91 47
53 63
99 39
75 67
66 32
47 5
0 60
85 98
44 45
64 70
30 35
48 6
63 64
66 31
42 0
98 64
38 12
93 62
1 13
50 18
96 50
89 16
21 92
71 22
48 24
94 42
49 93
58 11
86 2
40 56
20 52
77 99
98 39
91 10
95 3
86 87
19 15
75 74
62 87
29 11
80 58
13 4
49 90
24 29
86 30
98 23
41 8
8 79
72 91
53 98
36 22
5 18
65 91
18 88
97 61
38 84
72 45
62 29
95 29
4 91
64 40
53 15
68 73
66 91
41 19
61 48
22 71
26 99
57 58
57 99
96 22
7 26
87 77
79 30
84 31
13 99
3 86
81 83
28 19
68 0
28 94
52 85
43 67
47 47
45 59
70 84
46 6
86 83
0 72
13 37
44 76
4 8
77 28
29 85
30 62
