3 100
6 8 51
91 10 69
64 13 31
77 7
63 31
64 1
52 19
93 39
46 37
71 95
94 34
95 42
40 5
86 34
79 85
37 34
9 94
63 28
74 25
80 70
28 50
56 72
67 36
83 43
69 79
86 30
18 36
75 63
19 75
68 59
4 80
64 55
98 96
49 98
46 87
63 21
73 49
27 63
45 7
89 62
43 5
35 59
40 60
90 63
72 7
40 36
9 60
62 11
16 7
48 62
97 30
69 25
13 69
20 74
42 98
97 96
81 73
64 52
51 23
79 52
37 32
2 28
8 57
9 70
22 62
69 15
74 6
88 31
58 76
43 76
46 48
78 90
86 83
85 31
53 57
27 60
75 1
85 0
79 75
53 3
42 35
79 82
87 24
99 87
88 84
3 99
64 90
38 59
85 56
75 66
8 80
78 19
49 82
54 15
7 68
28 63
24 39
56 81
35 24
8 64
44 56
75 16
56 74
