3 100
58 85 34
87 57 71
62 47 45
79 76
81 87
85 65
4 98
77 32
31 56
23 11
50 16
64 63
68 47
66 16
37 58
17 26
56 5
33 79
10 48
54 25
94 41
8 80
98 93
44 36
37 65
48 58
60 34
93 26
80 65
34 53
11 45
99 54
18 83
25 18
46 32
92 17
48 19
56 22
35 2
59 13
69 29
75 53
16 81
32 27
82 59
33 96
10 93
52 99
77 33
65 33
25 31
7 29
29 1
29 43
33 52
99 82
53 85
62 82
85 71
49 43
17 34
26 67
66 9
23 4
91 39
39 95
90 18
34 79
29 14
99 7
71 92
25 12
95 57
74 34
74 24
60 50
29 99
76 37
97 33
38 43
16 36
68 97
6 16
6 54
89 69
66 34
35 22
93 59
46 80
53 35
68 2
32 76
32 36
43 65
25 63
32 2
2 14
13 63
9 46
85 62
23 98
45 2
76 87
