3 100
49 88 52
12 15 61
79 83 37
18 65
79 84
43 17
22 87
24 9
72 84
82 94
98 65
26 21
21 33
98 83
99 75
76 53
68 29
56 20
24 18
63 44
36 53
69 7
51 27
0 83
12 98
31 78
93 26
27 56
87 68
84 92
1 48
60 97
30 67
53 5
98 30
94 50
83 79
76 53
53 37
90 62
66 33
59 17
50 10
27 26
22 1
63 31
68 3
18 98
70 55
3 23
59 71
13 55
21 91
55 48
1 43
34 19
24 52
1 40
10 19
58 26
43 42
68 14
91 19
99 5
48 54
72 2
8 99
28 34
44 16
26 98
8 89
87 17
63 41
35 63
14 56
91 41
54 54
9 57
73 50
26 14
13 62
46 90
25 80
33 90
79 22
83 94
17 5
49 15
49 11
70 17
0 66
87 1
60 96
96 23
11 61
76 26
4 71
54 21
43 17
69 0
37 58
3 78
30 46
