3 100
69 54 31
48 58 47
76 43 72
35 73
0 84
22 3
53 38
48 44
90 31
2 88
53 33
86 36
19 62
53 35
96 20
67 38
90 37
97 52
70 16
11 20
40 84
68 36
73 93
56 16
34 20
32 46
32 69
27 70
14 87
43 1
23 6
34 16
74 1
95 87
16 33
88 35
94 12
13 56
38 24
2 47
28 59
61 41
34 10
62 85
59 2
18 24
43 83
57 54
83 4
63 10
90 40
42 58
78 69
54 35
51 88
87 24
61 11
5 35
75 64
48 70
43 66
89 60
81 83
79 86
47 62
78 82
93 81
53 90
99 50
95 50
32 8
89 71
29 93
92 39
82 68
90 24
95 78
50 86
79 65
81 30
67 66
63 87
34 36
20 73
76 14
71 95
59 0
2 94
65 49
46 2
96 8
24 46
73 10
64 28
80 21
71 35
42 42
90 49
73 95
15 80
2 32
60 55
4 22
