3 100
46 45 38
72 6 69
88 58 44
19 61
62 8
86 96
3 43
12 1
34 89
21 32
66 6
12 60
94 4
4 18
83 32
27 24
84 99
42 46
57 92
75 95
4 69
26 54
49 43
89 79
85 84
0 15
83 10
46 18
76 66
36 61
56 89
58 95
41 17
22 92
21 46
59 30
40 66
14 43
58 79
89 98
1 97
86 27
42 20
7 10
52 32
22 26
58 49
13 90
60 75
74 97
43 56
31 78
86 28
2 28
50 90
83 73
72 45
8 14
22 10
27 89
77 58
17 48
94 87
15 76
12 32
2 59
69 70
52 47
16 38
4 11
72 97
34 51
1 97
78 1
55 31
87 40
40 90
28 46
2 46
52 62
65 54
31 7
29 37
20 11
85 42
95 74
87 93
75 18
94 63
58 77
16 8
3 73
83 56
16 87
5 39
43 14
51 68
15 54
93 69
17 34
7 94
15 48
67 23
