3 100
21 26 54
9 13 57
34 13 63
37 97
67 7
12 42
36 55
98 84
86 51
6 27
30 9
78 69
23 51
9 10
10 15
10 91
39 20
34 44
7 14
42 12
66 25
1 76
32 38
84 64
19 84
72 83
88 87
73 37
23 63
30 5
10 81
50 8
79 4
90 97
99 58
34 13
81 55
86 80
80 61
27 96
80 80
40 38
33 51
51 17
98 88
20 17
14 41
86 4
9 35
87 18
52 87
77 42
59 24
98 99
82 79
86 76
42 54
63 71
43 21
4 59
12 41
80 31
96 12
73 39
96 77
26 40
33 5
9 79
68 79
4 51
3 9
57 4
44 27
17 37
19 22
49 4
1 9
94 39
68 12
30 77
87 76
55 83
91 9
96 99
37 20
87 76
51 26
23 31
47 41
77 63
3 30
19 69
18 36
91 65
22 93
82 91
6 98
30 11
80 61
65 56
67 33
76 41
39 66
