7 100
11 49 25
99 39 14
72 14 30
62 97 15
21 95 21
49 64 15
12 76 15
62 12
40 60
13 77
31 52
72 4
96 80
28 19
74 78
19 79
76 13
59 47
95 42
0 85
84 98
52 71
16 42
19 9
27 96
61 13
54 55
30 7
68 54
3 49
49 72
25 40
15 89
0 90
85 90
77 0
40 22
27 82
26 73
31 97
31 86
33 88
26 57
52 49
9 50
33 58
80 87
48 21
41 59
77 68
37 50
71 45
60 89
60 47
14 91
64 66
53 82
99 99
64 91
48 0
48 63
75 5
26 46
15 60
73 2
22 88
47 42
94 37
99 17
59 11
63 97
28 5
20 38
8 61
30 10
44 89
24 42
4 26
25 14
45 38
97 95
6 69
44 87
78 7
96 10
58 10
57 84
14 61
17 15
3 39
14 19
12 42
51 12
61 19
39 93
20 61
80 25
4 43
63 74
85 27
22 61
38 62
1 82
27 37
62 66
30 43
84 13
