7 100
21 21 25
41 64 18
75 1 19
75 60 20
72 19 17
67 10 27
99 23 9
58 7
39 22
8 61
11 55
90 82
34 26
53 51
51 27
21 89
48 99
21 18
79 54
70 72
41 22
39 42
16 13
39 88
17 35
13 74
27 70
72 53
43 86
22 88
83 46
68 48
66 30
48 96
9 19
33 21
30 39
76 55
8 96
56 92
97 12
62 5
94 57
53 6
71 56
86 63
93 8
6 94
85 89
10 28
61 66
50 47
95 85
53 54
44 88
23 93
76 41
79 84
44 14
54 15
87 95
90 56
61 38
6 28
55 49
33 37
64 42
2 75
81 64
90 52
14 52
26 78
40 14
37 1
57 59
82 25
58 14
84 97
73 6
24 92
95 0
16 12
42 51
34 34
69 86
91 36
21 35
22 54
7 7
39 83
75 81
94 25
9 28
6 42
95 94
38 12
33 2
86 29
52 24
95 20
81 85
4 5
94 76
58 97
4 32
58 16
50 79
