7 100
15 56 12
50 82 26
89 92 13
96 7 22
24 71 21
94 98 17
55 72 22
22 58
64 93
14 89
76 2
46 55
47 77
38 33
9 51
61 72
72 29
22 77
25 6
31 18
6 37
48 37
3 42
40 27
12 7
65 53
52 14
31 33
49 72
98 50
89 30
43 49
87 40
21 9
73 97
54 97
43 60
44 42
10 4
78 42
95 46
93 94
36 46
10 47
57 11
91 46
13 38
6 19
55 91
56 76
18 19
0 21
43 15
23 35
26 60
91 43
48 16
19 4
5 92
64 92
67 0
22 5
21 33
67 78
72 4
25 62
80 27
94 66
93 33
36 51
52 13
49 63
56 38
70 62
46 44
95 26
44 46
16 78
16 95
49 93
89 9
73 29
97 58
71 72
91 36
50 66
46 77
44 36
18 68
32 86
44 6
9 9
40 99
96 39
7 48
91 52
60 94
24 62
65 85
77 17
53 97
19 27
89 94
75 92
67 85
68 19
70 9
