7 100
4 71 14
36 76 14
80 11 20
91 46 26
5 95 18
59 63 24
91 33 18
6 94
57 20
68 9
24 76
67 14
81 45
59 73
98 69
30 33
58 93
63 71
8 37
52 87
85 60
50 70
79 79
51 89
64 91
13 82
9 92
51 90
33 75
28 25
66 60
51 34
8 82
81 99
22 83
34 60
11 76
4 68
49 59
79 43
3 36
13 38
84 40
78 67
71 74
51 45
26 52
2 29
29 66
0 37
87 39
40 68
83 68
94 89
34 56
93 23
14 94
73 23
10 23
30 59
24 2
11 95
47 47
88 58
16 67
45 9
91 39
84 6
34 65
58 66
48 34
73 16
19 44
75 63
60 29
62 12
54 78
36 66
34 80
31 17
27 72
16 32
15 8
14 36
9 20
45 57
4 73
48 95
32 21
57 7
34 33
97 67
11 33
13 29
64 11
68 67
18 58
72 30
63 29
64 67
65 53
85 55
88 8
43 33
42 37
88 65
93 29
