3 100
14 21 67
75 30 60
6 53 73
4 62
91 37
64 20
52 94
19 94
27 80
58 50
95 35
50 8
78 22
38 22
55 60
6 40
97 73
91 9
83 65
62 78
72 97
66 74
76 91
25 25
19 57
79 82
40 39
65 37
55 50
9 30
94 30
51 32
92 46
21 78
9 73
2 2
71 22
37 62
79 9
19 4
0 93
17 64
92 70
99 98
40 64
94 9
87 84
84 5
61 20
12 44
62 94
73 19
80 94
4 52
18 80
62 77
70 47
39 3
34 13
82 21
31 39
59 79
2 62
99 1
94 94
57 76
3 86
52 36
78 9
29 45
62 13
18 16
28 57
17 10
77 88
75 0
99 79
13 44
56 42
88 81
21 27
8 72
66 95
6 53
90 13
79 94
35 94
97 48
11 39
6 99
43 13
97 62
99 74
7 75
35 62
68 93
65 2
56 97
18 55
40 77
55 36
47 38
83 51
