8 100
64 91 14
32 94 12
54 92 11
17 15 16
14 10 16
19 7 17
6 61 8
46 41 9
72 39
45 22
54 5
77 87
19 24
16 23
67 38
2 94
9 54
10 28
54 74
68 52
94 42
88 33
63 14
41 35
73 38
59 22
21 57
51 24
36 28
1 46
69 46
20 63
67 9
34 17
82 90
81 44
82 40
65 51
39 59
90 94
75 32
33 81
85 38
69 41
59 1
30 31
91 76
33 39
42 18
1 37
77 48
99 85
88 18
59 44
76 10
26 33
84 62
52 6
47 81
56 19
89 53
93 72
46 99
12 4
10 31
28 72
31 87
77 17
46 90
5 43
85 61
61 79
16 30
80 12
54 60
16 53
86 74
54 41
94 32
1 74
43 26
3 60
8 46
24 7
47 97
43 78
14 35
67 26
70 44
33 66
88 79
38 24
21 44
55 57
48 63
32 65
25 26
57 63
84 46
54 23
2 23
79 95
33 46
93 2
6 59
6 41
2 94
37 42
