8 100
16 27 19
52 3 7
50 23 9
5 24 13
61 11 13
0 56 17
8 64 10
51 96 19
61 31
48 81
42 8
76 5
46 0
4 34
70 59
57 71
55 39
10 59
64 25
16 51
37 96
79 13
21 24
31 8
78 43
21 83
90 61
83 64
86 17
77 72
41 4
92 52
94 90
1 97
59 51
18 33
62 17
37 16
44 52
0 27
27 75
66 32
84 14
45 10
26 6
75 42
7 27
75 15
48 13
34 8
70 5
26 33
26 86
60 39
55 40
96 4
76 7
78 19
29 50
18 1
69 4
93 41
39 36
13 8
26 92
7 13
83 95
59 43
78 68
49 79
12 99
81 80
67 69
41 49
38 6
14 63
99 45
44 22
45 19
38 8
73 1
44 11
5 79
13 48
83 81
89 8
9 23
72 42
30 2
78 30
53 14
13 82
19 28
7 17
29 39
35 67
11 59
35 46
23 51
14 88
79 1
59 53
74 77
43 41
47 35
23 23
25 12
6 75
