8 100
69 36 10
54 90 14
38 71 18
55 95 10
33 85 11
10 89 12
7 47 10
30 86 18
46 58
23 24
37 53
95 97
36 3
83 34
46 90
90 57
38 9
78 86
98 19
71 48
86 80
56 0
40 22
37 13
57 20
53 53
9 54
7 90
11 72
44 29
44 91
38 70
96 92
9 36
27 40
15 91
18 18
86 97
22 17
40 49
69 20
81 50
19 2
84 71
87 85
88 15
13 95
75 92
45 33
15 5
8 73
9 61
2 56
90 65
94 92
53 54
9 79
65 9
28 97
2 62
80 82
65 30
91 22
14 3
60 93
91 51
77 97
74 45
13 77
15 8
49 52
91 36
95 60
52 62
26 69
63 69
77 55
27 64
46 69
19 3
32 63
92 54
35 13
35 28
35 70
7 78
15 98
71 21
11 80
19 69
6 84
9 70
8 86
46 59
78 59
53 75
37 74
32 20
26 41
55 87
68 59
32 85
22 52
60 20
2 90
2 41
14 34
25 50
