8 100
62 23 19
59 85 7
74 66 14
86 65 12
12 48 12
9 52 13
9 69 10
3 44 13
22 87
69 20
81 88
41 19
80 4
76 94
0 75
1 73
17 52
24 41
88 0
46 56
98 10
62 23
94 90
66 64
38 78
47 41
87 36
91 52
69 46
40 34
36 46
96 18
67 46
65 71
10 41
97 51
54 75
20 95
6 29
74 79
43 14
85 54
73 13
23 24
53 76
80 53
80 21
39 52
0 99
5 2
65 97
23 95
52 63
94 95
78 91
13 2
92 36
32 16
74 79
88 20
90 10
50 53
7 88
81 27
19 25
24 86
7 92
82 55
57 93
56 92
67 23
93 23
22 82
53 22
23 97
50 56
63 2
3 47
5 27
33 23
7 77
2 99
16 21
11 99
33 56
17 47
9 21
88 51
23 20
95 43
96 58
73 65
82 23
51 41
52 82
8 94
69 97
13 3
95 67
30 44
32 16
39 10
65 98
25 82
25 99
48 90
7 70
25 74
