14 100
15 83 12
82 59 12
14 4 9
14 93 7
76 58 6
51 65 11
67 33 13
4 55 14
6 59 7
75 3 13
98 52 13
62 35 9
66 26 14
36 80 11
45 0
20 39
70 1
19 43
68 74
3 47
9 99
58 62
13 93
57 80
72 4
62 46
77 90
90 25
77 59
29 49
95 89
61 52
67 66
40 12
92 62
94 11
99 10
67 46
90 83
31 67
99 99
43 94
27 30
27 47
86 28
45 9
33 65
74 2
62 70
0 50
27 14
83 11
99 96
50 27
14 24
30 94
87 25
54 83
14 64
77 89
11 8
83 22
71 71
73 53
53 37
20 18
83 51
78 47
97 60
89 30
74 44
32 34
58 65
84 9
68 78
30 29
31 24
68 31
0 45
58 36
5 78
87 71
91 65
59 2
61 83
3 84
63 23
37 15
63 98
19 57
19 11
96 92
8 43
13 71
54 62
54 48
88 57
92 93
23 72
75 63
71 89
48 78
97 69
95 69
84 12
52 53
20 96
9 23
86 45
92 4
4 71
69 60
10 33
35 78
