4 100
43 31 26
48 66 51
47 68 49
67 44 27
37 42
69 67
42 64
64 29
75 64
28 16
13 2
67 50
94 69
61 9
86 41
94 41
16 36
16 16
58 3
39 92
46 39
71 83
75 6
88 82
9 77
30 82
20 66
25 82
27 90
34 54
96 72
6 99
54 14
75 85
80 85
22 12
5 13
82 67
52 30
17 77
93 70
23 23
55 7
14 31
70 34
54 25
48 15
95 40
56 52
9 89
29 9
12 77
92 4
84 97
49 17
18 75
98 64
75 31
99 56
10 49
70 39
64 55
29 32
93 92
44 83
5 98
9 35
29 21
92 91
32 51
79 29
19 46
17 89
57 43
62 35
4 76
29 94
50 43
35 3
65 70
13 85
72 30
50 1
87 38
47 26
2 13
22 13
84 45
49 61
81 72
25 13
63 1
26 25
39 75
9 56
30 1
4 79
24 77
77 4
99 36
67 16
6 53
43 66
66 71
