4 100
28 58 49
43 57 49
32 39 31
26 55 24
59 50
22 4
15 34
44 9
47 39
86 75
24 18
64 42
30 59
51 15
34 47
58 4
85 14
70 77
12 49
86 86
20 96
14 78
4 82
22 64
16 54
12 71
75 66
55 91
98 94
17 77
49 11
10 15
33 32
52 17
51 40
88 51
36 74
16 62
16 31
72 15
60 50
30 15
90 9
10 97
22 31
86 40
87 92
10 74
27 69
77 62
60 63
86 84
92 90
37 21
31 47
29 74
29 93
38 15
45 37
33 6
68 93
83 27
7 6
4 30
77 21
7 67
50 41
60 5
85 82
66 14
60 36
67 80
76 1
94 75
7 51
24 19
69 55
48 72
38 24
90 38
28 45
43 26
27 70
98 80
31 7
23 19
26 87
53 58
92 86
75 77
92 34
21 81
83 48
75 83
39 25
79 90
74 53
48 50
16 52
72 82
35 40
46 8
71 63
25 58
