4 100
33 55 41
68 39 38
47 40 34
67 53 38
98 72
42 26
6 67
59 17
51 80
69 98
0 57
9 44
4 36
98 4
8 63
73 79
7 14
30 39
9 68
63 9
49 15
22 75
18 78
25 7
53 19
43 82
15 41
9 24
8 14
10 35
83 61
7 67
2 72
82 17
4 6
28 20
77 15
7 98
18 84
84 56
47 36
68 92
31 5
8 80
79 64
46 24
36 1
16 93
73 95
18 67
59 71
72 81
32 50
52 98
39 44
65 56
19 65
98 32
24 71
62 53
54 30
53 72
82 66
70 94
61 59
45 65
44 56
42 11
68 82
84 29
36 39
8 21
50 43
4 57
17 4
54 70
81 80
83 86
71 55
24 26
28 75
62 68
23 93
11 60
44 68
81 73
85 52
75 58
83 94
61 89
29 14
69 93
50 13
76 54
89 98
90 69
18 91
29 45
90 28
48 34
96 52
73 61
22 58
11 4
