12 100
58 48 17
92 98 12
51 51 13
73 95 17
80 16 20
80 28 19
36 44 9
24 8 11
74 29 11
1 1 21
40 28 18
90 91 13
5 14
19 19
1 51
51 79
27 35
57 14
23 15
11 85
85 40
89 41
17 32
39 29
84 30
50 35
53 68
9 28
98 88
34 71
92 27
95 38
2 13
57 73
26 15
22 0
54 9
66 60
96 42
17 1
20 90
0 3
99 96
10 2
75 50
72 86
62 52
26 74
9 52
64 7
82 88
20 18
19 75
72 77
50 91
93 63
31 89
52 56
28 41
1 98
51 83
17 0
22 37
15 16
26 92
3 8
63 13
47 26
17 23
26 27
63 93
44 65
7 16
73 59
86 19
18 75
50 43
67 41
10 96
87 37
7 69
31 38
70 43
60 66
72 3
94 13
30 34
34 34
70 39
4 97
25 77
63 1
85 38
67 72
32 12
25 64
25 30
61 11
10 28
90 18
72 0
23 83
64 22
85 54
48 91
15 71
84 68
92 72
79 76
34 39
33 18
73 65
