12 100
58 6 15
6 7 19
93 67 21
59 3 10
70 0 18
71 45 12
36 31 11
80 29 14
77 3 16
40 24 10
69 15 19
28 3 12
56 17
39 10
60 71
46 33
6 6
96 44
2 20
56 50
53 6
85 7
58 13
25 65
59 1
22 91
53 8
79 77
83 92
44 21
65 44
32 77
35 37
16 52
50 4
82 25
51 30
81 29
12 69
44 5
19 49
47 54
78 4
49 32
41 35
24 27
49 74
77 14
68 44
37 50
50 48
88 9
84 6
45 96
48 61
86 86
12 92
85 96
23 0
94 54
73 28
15 64
46 27
6 64
93 77
7 12
25 47
14 39
70 52
81 77
86 96
34 20
1 96
40 88
20 41
62 41
60 66
26 71
37 17
83 22
34 1
43 98
61 70
76 55
59 90
26 10
63 86
18 13
17 83
54 12
76 87
68 84
31 18
77 58
50 24
38 58
47 6
18 67
62 91
70 88
37 52
39 65
34 80
60 54
98 16
1 78
92 65
12 37
18 32
54 55
77 89
72 53
