12 100
3 49 17
82 71 8
79 75 20
68 9 18
96 2 20
65 48 13
57 33 8
82 34 11
48 61 21
29 91 12
31 59 16
36 63 14
13 32
22 6
88 14
90 79
89 68
12 35
87 77
6 98
11 83
60 46
7 92
14 25
46 32
85 37
88 38
28 13
96 65
19 46
25 38
22 58
69 54
84 81
79 54
0 83
78 48
65 52
12 44
51 32
16 36
11 30
75 71
50 56
98 56
8 93
43 21
38 45
12 84
94 87
89 31
90 28
28 21
22 59
90 57
1 28
82 52
66 22
85 60
0 98
83 16
61 84
74 56
63 4
85 41
94 96
71 27
42 56
20 47
26 31
28 54
98 21
20 55
11 6
5 65
19 44
62 10
34 20
43 4
71 20
20 67
34 85
56 63
26 12
32 71
47 42
11 98
25 66
51 67
99 15
1 43
77 86
45 53
83 64
27 51
56 92
18 46
37 17
98 9
18 18
80 41
30 49
33 49
73 83
23 86
15 83
25 80
65 45
12 61
69 67
82 87
39 60
