1 100
17 2 142
53 88
29 40
75 85
98 93
17 89
55 5
33 26
20 98
41 27
72 31
19 99
10 61
12 52
51 55
50 66
56 81
24 38
51 66
38 97
0 89
30 96
26 69
50 87
41 11
8 41
45 52
79 44
77 11
1 9
94 81
4 97
21 34
74 13
16 42
87 91
82 55
19 96
45 94
59 91
16 36
54 80
26 34
40 65
82 17
68 87
54 97
79 66
71 56
61 23
74 32
43 29
82 72
89 43
64 69
96 35
66 87
35 14
6 17
91 32
24 68
72 56
67 20
5 0
53 93
68 41
7 18
95 48
82 62
57 68
53 9
59 67
16 15
4 75
92 49
96 85
27 22
45 16
74 18
87 89
98 59
59 21
74 66
86 47
93 79
58 97
24 85
21 37
55 87
12 57
17 73
52 52
59 67
42 62
83 93
36 46
31 0
57 4
77 22
84 46
45 70
