1 100
57 28 120
32 84
7 39
20 75
10 0
21 29
69 20
52 94
86 20
58 33
29 78
37 22
72 18
98 67
49 92
6 43
92 47
10 4
98 48
29 48
21 6
84 27
51 63
7 3
26 25
84 97
21 29
18 47
88 51
45 60
81 64
81 18
65 88
69 92
29 43
75 81
94 56
47 72
0 45
80 91
70 75
88 34
42 62
59 88
44 55
46 47
39 36
4 12
33 37
80 46
87 20
45 42
54 12
14 60
77 25
89 83
51 23
30 45
34 55
98 75
61 78
29 25
94 65
8 99
53 34
45 96
91 14
27 40
61 62
60 87
92 54
25 98
66 19
51 87
26 11
51 79
85 65
5 61
77 94
65 22
28 67
75 47
93 17
30 74
15 57
73 41
14 63
33 13
44 15
43 60
83 75
43 63
66 32
37 0
94 29
93 65
65 78
92 89
39 83
68 12
21 69
