1 100
60 25 120
22 6
93 37
53 93
88 62
6 25
52 81
34 20
84 28
74 10
58 2
41 51
10 46
8 98
25 54
50 45
60 40
59 66
14 11
85 16
90 95
69 40
37 91
31 18
31 51
89 14
35 65
1 12
52 10
74 7
10 66
98 62
87 45
66 1
0 16
91 18
78 44
32 64
67 6
50 47
85 1
41 5
66 45
98 36
1 86
25 4
3 50
31 34
72 88
22 21
91 83
23 61
77 62
54 14
48 53
79 13
49 62
34 80
61 99
70 51
46 56
74 38
15 79
81 98
98 22
56 6
94 61
54 12
55 6
23 19
62 47
66 68
35 87
61 99
44 26
80 12
70 96
87 77
29 24
96 93
22 21
75 7
37 77
95 4
67 93
72 16
13 75
57 61
72 91
33 34
47 88
67 26
70 32
21 12
16 80
14 68
25 66
23 91
38 11
10 99
64 99
