1 100
4 97 120
4 63
81 29
40 22
21 6
86 46
44 98
79 69
5 55
15 33
40 92
8 87
31 9
51 63
2 96
9 49
96 96
66 59
91 92
5 64
83 80
16 77
56 63
22 3
97 5
74 77
63 80
24 12
13 89
50 76
64 15
41 5
34 83
53 94
54 2
23 67
0 25
45 78
18 8
13 47
17 99
35 11
17 67
66 37
37 87
48 22
23 99
7 99
52 26
55 34
78 1
97 97
5 55
98 90
71 72
12 91
46 86
24 90
33 30
58 64
30 66
79 48
31 91
79 86
59 70
31 30
69 25
71 56
44 97
55 76
55 73
76 2
60 72
15 33
4 90
27 87
83 21
81 1
34 41
30 13
32 28
80 43
11 42
53 90
56 78
62 78
83 84
43 17
84 96
47 17
52 14
33 69
15 50
45 44
73 65
8 22
33 67
38 37
39 84
56 42
16 25
