1 100
31 59 120
97 72
87 20
58 72
20 70
63 79
90 50
36 20
15 85
23 78
22 0
57 75
82 61
63 96
91 35
56 40
23 57
38 54
42 79
84 37
64 53
24 21
76 34
15 19
37 71
53 30
48 67
0 23
33 88
47 14
5 29
87 13
49 65
48 38
67 0
29 2
26 59
21 5
0 68
42 56
36 21
19 71
95 25
62 13
43 31
88 77
0 24
32 38
19 21
82 19
8 57
30 33
98 74
76 40
91 1
67 77
57 67
34 17
74 4
29 54
43 75
91 46
67 53
45 86
60 9
55 87
80 6
86 84
62 16
46 92
94 75
44 56
2 74
17 31
34 80
33 69
25 57
71 57
57 19
64 83
98 70
5 46
20 87
45 25
77 52
2 25
60 10
94 40
6 44
94 34
8 30
94 32
61 68
0 45
35 57
68 44
15 34
60 59
76 93
55 94
14 90
