1 100
84 46 120
33 21
36 38
28 13
76 17
55 23
61 8
74 88
28 27
13 61
37 37
3 13
72 61
52 23
53 29
89 4
67 76
15 83
42 89
79 27
59 78
73 79
32 93
22 51
2 20
78 20
86 17
44 5
24 16
70 58
97 97
65 30
31 99
16 84
54 47
2 77
13 43
93 29
2 89
64 16
26 7
14 68
8 75
30 5
82 24
93 64
64 94
91 16
52 48
65 2
89 59
36 62
79 8
69 32
94 88
38 60
29 71
61 1
24 90
26 26
20 10
44 4
36 63
89 8
64 66
7 82
87 35
42 54
38 20
87 18
32 46
43 33
34 89
66 38
66 55
80 84
33 66
92 88
92 12
81 32
91 89
72 80
8 63
79 93
48 44
12 59
85 16
71 54
98 78
99 58
51 1
69 99
81 38
59 66
51 12
53 91
18 43
83 25
4 98
39 0
38 47
