8 100
92 17 21
36 78 29
93 42 16
64 10 26
33 96 22
43 47 20
87 71 19
0 21 31
9 30
77 99
34 91
69 35
95 6
80 14
29 79
43 28
90 51
20 20
58 10
20 17
84 99
94 71
55 55
15 19
18 57
45 71
25 94
10 92
71 25
22 45
38 59
2 61
54 32
41 58
53 48
20 82
71 87
52 3
16 64
39 40
31 29
42 20
67 8
46 73
85 84
40 94
88 35
18 85
74 46
1 21
80 52
21 20
98 29
20 11
52 77
33 51
72 77
58 85
12 47
52 21
96 85
72 41
38 11
75 8
63 46
8 85
11 44
35 19
4 17
74 71
5 21
12 67
30 19
61 73
75 56
69 42
72 19
39 69
58 89
89 70
3 50
74 54
39 31
76 12
85 33
88 59
82 88
64 74
28 59
66 59
78 28
58 10
65 88
55 45
28 66
6 8
28 19
12 98
93 16
62 68
25 96
0 23
58 21
14 98
37 72
7 55
40 78
24 64
