8 100
55 38 33
65 87 18
29 63 25
2 19 25
36 51 26
6 80 15
87 64 22
21 66 17
73 62
74 71
70 51
65 81
28 3
34 66
90 29
65 44
20 6
64 0
81 79
29 3
80 2
71 99
60 87
83 2
85 20
83 15
19 26
42 22
93 1
98 52
21 30
10 66
83 67
95 85
36 32
86 72
29 76
54 63
12 26
15 81
92 46
1 54
96 61
31 25
75 30
20 97
80 58
43 19
42 79
31 64
39 9
98 78
7 27
71 64
45 64
30 16
10 57
75 30
52 91
16 71
43 70
74 4
88 97
73 45
87 27
94 25
41 75
30 10
73 58
26 56
41 1
9 50
26 37
29 1
73 62
55 24
6 83
5 28
37 40
61 63
17 54
14 41
14 29
10 52
76 3
80 33
95 33
94 32
48 50
45 74
76 38
31 71
82 22
71 85
68 52
48 55
98 91
43 16
16 45
47 30
63 1
34 65
31 39
38 1
49 97
3 41
83 56
73 21
