8 100
22 13 28
20 5 30
62 62 26
30 76 16
36 24 15
97 94 21
80 40 28
68 84 18
96 24
26 43
4 83
79 64
70 50
96 20
13 1
60 73
11 99
1 12
5 51
41 12
58 88
19 46
35 70
0 60
59 7
16 25
63 50
24 8
38 34
53 3
16 26
7 63
6 16
14 70
95 77
92 38
12 39
43 45
63 23
26 35
80 86
72 60
81 30
30 1
93 39
40 66
13 17
21 23
60 9
70 2
41 99
79 58
77 36
61 84
55 62
75 69
5 3
14 53
41 64
98 15
82 33
13 66
46 25
98 0
63 88
94 31
54 58
76 51
18 34
49 25
5 65
23 9
46 79
73 2
22 16
15 78
36 62
88 60
41 75
65 13
43 56
22 11
8 8
59 18
48 47
31 5
94 77
9 20
10 83
82 2
17 21
92 43
53 49
51 65
95 11
97 54
30 11
35 33
51 16
13 76
25 36
4 49
91 16
56 46
72 89
41 29
69 83
83 77
