8 100
77 87 24
44 77 22
11 88 23
92 85 25
77 28 28
44 99 17
66 27 28
39 45 17
6 0
64 37
73 27
1 91
59 56
77 2
48 97
27 9
20 97
49 69
72 49
48 76
87 1
2 90
51 18
25 38
29 49
72 24
98 53
49 96
16 60
49 29
31 75
76 13
80 70
79 58
74 51
25 41
8 43
80 34
29 60
84 15
7 8
9 52
78 1
7 80
16 65
85 87
10 77
78 27
50 95
13 71
87 51
93 16
82 78
50 48
1 8
44 78
77 93
60 35
23 11
27 19
63 58
88 7
74 38
7 55
85 10
4 11
12 79
81 14
67 27
34 73
56 5
99 79
9 44
13 95
21 23
27 84
6 40
79 56
48 49
90 84
49 39
99 42
39 34
64 74
35 38
60 74
42 70
80 85
82 15
5 30
19 94
12 71
31 28
22 61
39 4
86 14
29 93
63 46
20 9
29 5
62 80
90 61
67 79
62 60
38 77
98 31
85 54
88 92
