8 100
39 13 35
70 34 35
22 41 15
99 9 24
48 56 21
92 21 24
89 89 13
33 24 18
17 14
33 32
61 63
66 43
60 70
92 7
61 16
2 10
59 73
64 82
6 24
5 49
7 55
54 43
97 74
13 58
43 15
46 94
81 18
8 94
0 29
44 68
74 51
20 80
40 44
92 5
8 74
33 99
5 41
54 24
18 29
2 7
30 32
17 88
82 65
16 57
21 26
3 22
72 32
6 39
92 99
55 9
70 22
7 85
78 56
94 69
39 52
29 39
15 96
89 60
31 20
77 91
40 80
41 15
72 93
21 50
64 71
45 98
65 31
52 48
86 23
97 98
0 29
44 50
60 62
27 8
43 59
34 41
97 29
39 93
30 8
93 69
70 30
77 41
87 90
99 52
49 90
3 93
55 11
46 17
92 57
43 80
78 5
17 34
85 96
31 97
77 9
43 8
90 22
84 68
53 7
33 62
81 83
82 45
19 18
60 93
76 21
44 3
51 96
25 69
