8 100
64 88 21
28 18 13
58 64 14
64 84 28
50 2 24
11 8 34
57 60 25
16 48 26
46 46
68 73
12 64
81 56
2 46
11 20
98 87
19 98
62 10
68 77
35 81
11 25
14 7
5 57
92 37
50 38
17 33
61 13
41 52
2 94
28 57
41 18
16 85
69 77
23 61
59 68
24 9
78 25
48 94
66 22
72 54
45 45
2 9
51 16
13 77
51 37
63 73
39 52
87 63
49 92
23 9
32 11
87 36
0 54
6 67
97 39
85 23
76 36
67 26
38 72
16 98
61 59
99 20
94 28
24 67
64 26
76 1
0 43
71 29
44 78
15 49
74 90
15 8
81 70
26 64
61 74
30 83
84 66
88 84
70 87
73 24
38 34
67 18
29 50
0 39
32 43
84 31
78 52
19 35
79 66
56 76
33 28
45 9
64 48
79 29
7 92
42 28
58 26
41 52
64 47
31 14
22 22
19 88
98 3
59 43
85 20
57 47
75 28
7 8
81 24
