10 100
36 68 12
72 71 17
38 98 8
61 67 12
96 1 8
98 97 14
43 37 10
74 0 11
87 68 8
8 18 8
37 39
87 41
43 51
67 27
90 62
87 6
2 52
87 57
10 92
41 2
66 53
28 9
67 76
64 25
64 75
52 63
55 64
25 31
63 14
41 8
84 77
4 29
25 91
5 37
51 0
71 75
92 91
49 42
6 97
52 93
30 91
37 47
85 27
48 12
43 42
17 93
54 29
23 92
76 53
94 73
54 3
54 47
19 45
30 71
73 78
10 7
92 26
44 4
26 87
49 86
63 76
0 4
49 59
30 72
98 57
90 25
7 18
6 87
79 14
77 9
49 55
10 10
23 49
61 48
79 80
17 4
85 68
8 25
4 8
60 56
74 15
9 2
95 10
42 50
61 11
73 41
87 97
95 57
39 36
93 20
40 87
47 39
1 72
89 94
80 57
26 79
56 42
42 4
27 28
61 79
35 22
17 6
60 91
2 28
99 39
44 0
44 52
71 38
50 46
35 85
