8 100
30 51 30
33 59 24
53 16 13
57 41 27
7 73 13
80 99 24
6 29 29
15 59 14
46 40
98 41
56 11
45 75
71 45
3 17
13 72
48 86
75 57
94 14
30 19
63 50
65 70
80 44
66 47
76 98
42 82
94 45
38 20
34 81
10 27
25 66
7 58
77 79
40 73
5 85
5 56
83 38
98 49
15 11
67 29
15 96
51 56
78 69
92 51
67 77
37 19
74 66
58 69
59 86
53 21
95 0
65 58
37 71
86 86
1 54
66 60
12 70
84 72
36 25
89 81
84 0
63 76
45 48
25 26
5 31
79 14
14 99
9 88
17 83
91 1
34 39
62 18
16 57
55 49
29 37
34 77
21 44
88 9
46 90
32 42
60 64
30 33
56 54
43 24
66 84
49 39
64 42
23 38
4 19
72 64
95 53
54 41
4 28
8 47
29 80
85 83
75 92
47 80
16 48
12 53
17 41
66 31
54 32
76 14
21 51
50 60
93 55
28 40
87 62
