12 100
97 50 6
91 68 15
32 74 13
42 75 9
22 52 14
40 21 13
14 90 10
2 58 14
86 14 15
68 36 7
29 83 10
5 88 11
28 26
24 31
1 88
60 95
56 46
96 3
80 48
52 65
54 89
74 1
25 25
50 70
84 92
87 5
85 3
12 61
54 32
33 27
30 29
8 32
39 9
96 35
42 87
40 33
82 83
84 74
89 43
29 31
95 11
41 69
62 71
0 99
56 14
97 1
42 6
82 4
12 13
80 34
80 31
72 21
18 82
28 23
46 63
89 65
11 46
41 53
6 23
16 43
99 65
10 98
21 52
70 47
21 74
81 67
43 65
60 29
48 27
83 31
56 95
63 95
41 30
48 94
14 67
73 9
50 74
48 0
63 49
56 98
65 81
77 45
82 31
96 68
26 40
17 32
76 68
84 79
88 77
16 57
31 29
59 55
25 82
19 96
77 95
71 15
78 10
36 45
9 80
8 30
73 30
45 51
85 30
31 97
17 60
22 73
68 23
49 29
5 95
72 2
62 98
35 71
