12 100
46 57 7
10 58 11
20 84 14
20 15 7
66 11 15
7 12 9
17 28 12
90 68 14
26 48 7
51 66 15
36 78 13
4 50 10
66 10
19 62
88 21
87 72
37 0
46 56
10 14
64 99
86 28
11 55
0 71
29 42
15 99
51 64
43 34
4 6
54 41
41 22
54 70
44 92
88 44
91 36
13 30
36 69
13 99
70 16
26 95
95 4
39 44
12 67
10 66
5 36
5 70
6 14
86 60
85 28
55 93
93 21
56 83
91 38
98 89
30 84
59 2
43 31
56 95
92 25
55 0
30 50
7 5
60 76
95 44
57 25
16 17
2 82
55 65
35 95
75 55
63 81
9 50
65 8
80 11
17 41
91 16
68 46
58 97
90 66
34 52
64 7
94 26
71 94
52 30
81 10
64 23
95 64
16 77
97 93
7 97
39 24
30 74
61 19
15 30
3 99
10 1
9 89
72 1
32 72
24 74
81 72
63 37
26 47
31 75
66 60
47 16
62 14
75 19
16 82
19 60
91 52
93 65
0 73
