4 100
43 67 32
31 19 55
59 52 35
54 82 29
40 88
88 90
33 99
32 91
92 93
24 52
83 45
34 49
6 36
66 49
67 26
39 68
78 78
64 11
81 95
59 81
28 68
35 69
4 69
76 26
17 59
34 74
35 14
65 10
89 84
3 26
97 95
48 67
34 37
86 68
75 10
73 92
35 76
45 65
21 64
30 68
50 39
3 49
31 75
54 6
6 66
76 69
11 30
10 13
78 82
30 54
21 57
65 34
74 5
49 39
98 28
30 11
28 14
86 64
16 12
58 17
24 7
18 12
15 27
95 21
18 21
70 30
1 2
88 43
3 1
90 54
53 75
59 94
74 72
55 64
90 99
73 89
72 49
21 68
31 22
22 13
32 2
3 86
94 2
15 59
88 52
82 72
18 5
82 72
87 30
84 74
95 11
87 43
36 30
69 33
56 76
69 48
6 50
4 40
41 38
80 46
91 88
46 88
51 29
11 12
