4 100
47 16 52
23 67 45
51 31 27
36 15 26
82 33
79 76
75 61
40 76
34 56
16 6
58 78
66 61
55 51
56 40
17 28
41 48
63 45
38 94
44 70
12 78
80 87
53 36
73 95
37 87
50 17
70 72
55 84
95 43
78 30
86 15
97 6
18 16
67 96
34 6
93 13
4 78
59 62
46 56
30 24
22 44
58 2
4 81
0 74
71 32
93 27
60 57
58 94
26 38
88 87
27 49
41 29
79 61
67 73
95 56
51 32
61 82
94 6
87 4
18 63
83 3
71 49
8 16
28 75
94 39
60 69
32 57
74 8
14 39
91 83
78 55
60 21
69 15
41 11
12 51
33 80
8 43
95 57
23 98
62 73
81 68
74 84
63 6
49 89
19 13
81 6
84 56
43 99
17 8
7 63
98 3
75 51
46 60
70 12
81 36
31 26
11 73
84 28
31 77
21 19
33 15
22 16
19 97
41 4
0 22
