4 100
80 64 43
79 64 50
44 26 35
80 38 23
0 65
93 8
44 1
93 29
96 69
20 19
83 93
38 87
70 47
2 28
54 31
47 69
46 2
21 79
38 58
91 60
70 39
23 76
47 91
43 65
48 22
41 79
63 89
28 38
49 20
54 98
90 90
71 5
74 67
31 80
78 9
70 48
43 77
86 67
90 36
8 17
9 0
87 54
67 69
93 39
43 85
6 2
2 59
62 63
3 36
67 2
56 71
6 65
88 66
54 58
64 87
50 13
91 10
45 61
84 14
78 76
16 73
43 2
20 2
57 9
53 84
66 47
88 59
60 47
7 60
12 54
53 19
45 34
80 29
19 95
26 2
77 50
65 44
55 40
20 94
78 3
60 82
87 73
74 50
38 94
25 62
15 16
94 95
17 5
58 58
56 59
63 14
69 42
66 74
78 40
7 80
90 26
53 45
75 11
70 17
80 91
80 47
34 83
54 47
74 3
