4 100
57 42 27
43 25 51
62 62 48
31 22 25
29 50
34 69
2 9
72 46
83 67
56 89
78 38
73 68
65 6
32 93
41 32
12 20
39 24
3 86
99 45
62 9
8 33
77 99
86 19
47 28
45 63
21 34
60 7
71 14
5 58
49 35
82 89
34 91
10 79
94 36
82 69
70 17
13 30
51 28
96 16
47 5
91 38
38 59
51 30
45 2
20 42
72 78
60 42
85 18
85 54
80 48
57 62
43 6
90 41
36 25
22 74
2 66
52 52
80 48
81 77
49 92
42 80
40 50
61 50
40 88
19 86
28 38
70 2
57 88
48 59
94 66
84 97
80 65
15 84
78 3
64 62
96 13
82 25
9 72
18 7
52 22
81 26
59 45
97 48
41 71
19 90
1 27
47 95
50 24
51 9
15 59
87 91
20 7
73 11
64 50
60 24
56 9
33 22
50 81
0 62
79 23
11 22
20 66
30 57
34 39
