6 100
23 25 23
67 24 22
43 24 10
11 70 20
7 41 13
62 80 17
94 54
37 89
52 43
61 99
85 4
59 95
71 22
74 22
45 79
96 85
88 68
13 65
76 4
49 2
83 14
17 63
2 55
0 97
94 13
87 81
30 37
76 26
72 90
90 45
27 94
59 53
70 82
71 81
27 90
64 56
16 23
43 60
4 33
11 27
84 1
61 45
97 2
16 72
20 88
41 67
34 47
18 61
93 89
16 79
68 12
47 83
81 49
82 93
4 76
14 80
29 37
55 58
66 29
38 96
43 8
34 7
36 94
66 19
98 15
73 5
69 13
76 93
79 67
92 20
68 65
97 96
45 20
23 79
6 99
8 93
40 90
25 35
52 81
19 75
56 66
76 31
84 45
24 16
3 0
78 12
50 36
2 57
19 3
63 9
21 32
47 91
12 83
29 50
76 57
28 64
38 16
36 98
80 60
6 22
35 80
16 50
51 80
47 29
8 64
5 9
