10 100
58 28 28
1 81 30
98 44 17
9 58 8
3 34 20
21 30 13
7 1 11
43 9 18
39 7 3
36 85 2
69 13
50 4
58 12
32 46
1 55
8 97
60 30
69 50
25 87
4 54
52 13
74 66
24 9
44 80
70 4
39 66
48 78
59 10
74 49
99 13
69 38
50 56
40 91
73 54
6 26
92 77
44 22
78 47
18 90
34 22
98 52
63 12
8 0
61 13
56 54
47 4
43 76
73 78
14 52
51 17
76 15
7 7
70 66
66 31
78 95
12 74
80 54
49 87
65 41
80 0
36 35
52 58
63 24
72 99
68 94
61 96
97 21
76 44
68 45
79 84
22 59
66 11
99 9
77 42
80 78
52 73
74 98
9 51
28 12
44 34
81 5
72 92
41 53
85 42
95 89
16 70
21 63
49 9
53 21
80 86
40 78
75 44
91 28
90 78
72 64
9 77
17 4
7 43
6 29
86 36
84 12
90 83
21 88
46 97
19 65
67 98
59 38
63 50
49 67
59 57
