10 100
81 35 23
42 20 23
63 20 19
77 62 19
41 3 16
22 20 15
26 28 17
4 92 10
3 24 7
80 77 6
35 65
21 51
90 53
83 84
6 21
75 50
90 2
24 67
74 36
35 79
45 74
58 30
1 71
68 72
80 43
94 23
89 72
69 32
84 38
95 41
44 32
73 75
27 15
20 42
94 41
69 9
55 69
53 38
43 43
47 28
18 41
51 50
27 52
79 81
90 85
93 96
54 81
64 81
22 48
42 47
0 33
24 18
93 17
13 40
96 31
79 93
17 23
72 12
88 99
63 72
35 34
95 45
70 57
20 74
81 9
72 88
48 95
97 35
35 41
70 61
33 29
33 24
16 64
91 43
51 34
12 48
4 35
9 97
43 24
24 10
60 17
62 84
50 7
6 36
52 89
95 78
48 26
45 35
72 79
8 53
10 6
67 76
36 51
33 38
67 55
26 2
76 42
41 78
31 36
46 1
90 46
36 99
45 92
22 13
17 57
49 0
65 87
38 6
79 71
85 5
