10 100
81 91 31
52 85 29
24 49 13
39 27 13
32 62 21
4 32 14
34 41 9
9 0 10
58 68 6
26 99 7
54 73
55 14
23 47
22 72
68 6
56 80
16 26
48 87
30 27
88 5
39 6
61 43
52 64
43 44
96 96
87 6
41 99
39 71
61 59
41 91
26 89
55 20
24 60
39 37
41 66
68 96
75 78
95 94
38 26
76 67
86 13
35 15
34 74
86 63
71 24
55 19
86 91
72 3
79 51
76 11
61 59
14 5
15 99
38 46
62 26
4 69
48 60
30 16
14 43
69 83
21 46
33 28
82 43
55 30
16 57
15 62
81 5
43 84
97 77
91 95
56 63
90 88
28 72
3 10
96 4
82 83
83 73
46 68
47 83
66 39
93 97
35 51
63 87
18 99
58 50
64 28
48 47
19 45
62 34
55 83
48 9
49 35
77 47
74 1
29 24
47 88
16 78
88 96
60 13
59 0
54 11
55 41
69 73
44 62
48 73
91 75
34 96
87 36
16 37
41 42
