10 100
26 82 30
56 13 27
48 86 9
47 71 22
45 60 9
27 97 12
24 14 15
2 29 20
93 10 7
79 39 5
90 44
99 38
2 95
0 3
72 26
58 34
65 4
61 14
0 71
36 89
35 1
80 20
1 83
22 98
69 49
60 40
50 25
91 79
93 78
86 68
49 31
44 80
43 47
13 79
26 24
84 27
95 70
9 42
70 81
42 45
78 8
57 53
76 74
62 57
72 12
69 43
1 38
21 33
80 94
9 45
56 36
1 19
91 58
39 26
50 81
87 18
74 54
43 71
81 38
57 77
97 28
91 97
51 29
79 54
61 82
51 48
10 94
58 16
94 48
85 22
48 57
4 50
70 74
98 54
71 97
1 55
75 65
97 81
81 43
29 81
25 45
36 44
47 29
70 81
30 68
12 98
47 71
79 14
32 52
54 11
73 93
73 53
82 24
7 68
38 20
91 81
56 36
24 97
54 40
94 54
87 37
49 90
97 88
67 35
75 59
24 30
58 12
4 50
54 67
76 20
