10 100
96 85 28
65 11 30
71 64 18
13 98 20
43 69 14
26 80 9
46 94 18
98 33 9
27 8 4
92 90 6
60 11
73 79
77 93
89 78
4 47
82 97
23 69
40 88
92 21
65 95
97 36
38 79
48 53
96 0
20 99
33 67
52 92
70 25
66 94
7 49
71 81
10 9
76 49
9 10
45 68
87 81
74 26
4 64
84 34
82 14
4 82
90 85
73 14
99 52
77 37
58 38
99 89
21 82
25 72
9 58
94 53
56 75
77 58
57 82
98 23
31 43
78 5
10 34
40 97
6 10
16 85
23 80
97 9
83 13
99 30
1 76
91 87
10 8
74 85
78 30
47 75
41 31
51 92
84 89
33 89
13 64
30 60
31 44
3 6
93 4
20 72
79 42
29 48
71 28
10 55
77 49
63 20
98 22
67 86
57 52
36 29
56 34
69 34
80 59
18 64
71 52
98 5
98 74
81 45
10 49
6 8
5 31
47 50
1 43
46 91
79 23
87 57
97 41
75 89
71 37
