10 100
57 81 25
71 23 30
75 0 13
56 6 9
26 51 20
45 81 13
24 7 10
1 54 21
93 87 6
80 58 4
34 72
2 72
16 73
45 7
43 25
98 53
13 28
55 9
0 87
80 4
81 58
62 21
39 54
86 83
43 64
9 47
26 80
80 56
61 53
11 52
28 40
15 41
66 77
65 86
71 98
0 25
99 51
47 33
93 74
0 75
38 96
75 88
2 26
30 75
50 41
40 79
38 48
56 14
44 76
67 50
75 37
29 75
17 70
69 48
43 66
87 66
96 80
3 36
43 79
6 47
78 33
69 59
47 66
24 8
52 97
18 68
28 23
89 86
12 16
76 93
84 71
32 25
53 18
1 89
9 18
8 9
88 71
52 63
6 41
0 38
8 65
15 30
31 70
10 23
1 35
19 92
71 38
18 97
82 38
7 51
95 28
75 27
73 17
77 45
25 45
95 69
95 48
58 41
98 77
17 60
53 53
23 45
77 54
41 56
59 58
4 89
65 50
97 22
73 26
88 75
