10 100
1 86 28
31 21 25
19 83 21
60 2 16
45 55 12
29 24 16
82 69 13
27 72 12
40 44 6
66 61 8
58 11
52 9
52 58
42 60
73 97
36 47
5 57
67 42
62 94
33 52
6 3
61 10
52 18
11 96
60 3
50 21
58 68
89 45
24 1
54 75
76 45
39 11
64 27
63 80
42 56
65 14
42 55
24 95
22 0
49 93
47 6
70 67
51 22
88 52
31 67
66 77
31 30
37 73
65 81
73 34
65 98
30 56
26 49
96 97
96 90
83 90
24 45
85 0
7 93
91 99
7 33
53 85
77 10
12 56
39 33
52 24
27 69
27 91
10 87
49 90
43 5
93 3
1 77
89 42
77 98
69 49
3 72
30 47
42 58
45 17
38 89
51 34
20 0
77 26
79 98
20 97
67 67
90 8
2 28
9 91
79 88
78 4
7 70
93 96
50 46
71 3
97 62
69 29
7 26
16 46
87 67
31 12
35 20
86 9
53 58
26 97
45 43
89 71
55 59
40 53
