10 100
99 60 30
22 27 29
99 33 10
77 26 16
97 8 20
90 26 18
93 21 20
35 61 8
59 20 3
45 98 4
2 7
97 81
32 57
14 44
94 97
56 45
70 76
70 78
21 31
32 92
54 11
60 86
8 48
23 12
44 68
42 51
30 80
64 45
89 53
97 24
11 40
55 41
38 94
68 84
21 15
9 38
33 42
45 21
24 1
41 70
52 75
46 16
53 1
70 28
39 56
80 60
91 69
84 80
93 75
74 63
10 7
71 21
71 74
5 5
36 68
54 93
96 50
15 53
6 47
81 57
42 2
34 83
74 8
86 85
61 53
52 52
79 7
10 10
6 80
45 8
99 19
19 19
96 81
53 29
44 28
44 82
1 53
0 58
75 96
99 67
71 5
33 8
85 8
56 98
72 69
81 9
28 22
99 22
63 21
97 50
15 70
26 37
63 72
87 10
34 5
8 10
60 82
23 10
23 85
3 15
19 72
13 48
45 17
4 36
36 20
63 19
63 35
82 25
68 89
90 10
