10 100
5 88 21
91 37 23
42 44 20
54 78 19
45 71 20
73 56 9
92 5 17
54 21 20
69 42 2
38 87 3
37 66
59 72
89 57
36 94
53 5
86 3
19 97
79 62
28 55
98 23
7 82
3 32
0 6
26 37
7 7
35 45
26 73
55 77
77 0
31 37
7 1
39 84
53 15
5 89
4 94
59 7
48 21
94 79
56 87
81 91
78 52
47 5
0 19
70 20
47 92
24 94
43 13
76 18
96 60
98 71
80 0
82 14
31 22
90 43
85 34
63 67
9 20
29 2
17 82
84 38
22 30
3 10
78 58
42 52
21 55
87 45
2 89
38 69
90 5
90 30
12 92
25 69
68 3
20 86
30 57
89 89
10 94
2 75
39 46
68 56
81 9
83 94
93 67
80 12
98 89
21 6
58 1
48 45
14 19
55 80
78 79
48 84
94 95
30 82
79 73
23 38
8 93
33 61
18 99
53 23
26 52
53 54
87 45
78 25
50 35
89 33
30 57
55 33
18 22
98 67
