10 100
98 97 27
44 98 24
24 14 16
20 6 19
45 62 16
53 57 9
42 41 8
94 42 21
65 30 6
87 55 7
75 69
93 27
89 53
70 65
52 60
82 93
15 92
52 49
5 71
51 34
13 43
39 68
39 0
48 43
88 15
58 41
94 86
0 53
69 12
58 49
85 50
40 29
70 66
95 39
65 49
91 42
61 61
48 68
24 59
64 40
92 86
32 43
89 93
36 53
9 47
22 70
62 83
12 92
9 68
34 38
70 53
5 31
33 51
57 2
64 8
81 80
23 49
43 96
53 90
71 22
74 4
3 64
13 92
56 83
30 31
23 39
53 70
13 21
29 9
23 23
46 40
53 59
13 72
45 14
60 65
58 43
26 32
18 84
82 64
21 13
6 27
24 80
91 4
91 69
5 73
72 72
45 38
97 61
31 33
44 9
85 87
50 37
67 63
89 49
41 81
1 29
52 63
76 14
65 40
34 39
88 31
23 6
10 81
81 91
86 25
26 54
58 5
87 62
77 77
33 57
