10 100
10 75 26
80 93 30
14 65 18
40 92 8
82 73 16
93 94 15
91 38 14
96 18 14
66 72 6
97 92 4
52 63
7 32
83 61
46 4
70 45
94 15
77 65
95 30
92 61
48 47
93 85
50 95
90 4
47 36
10 30
36 51
87 37
56 51
41 54
65 68
82 92
28 22
71 20
88 15
63 54
57 76
55 1
81 93
61 57
26 3
5 8
83 85
76 44
36 94
46 6
68 87
70 79
10 72
18 38
93 27
75 13
80 11
15 55
69 60
62 31
15 39
18 67
0 62
33 19
84 45
68 68
61 44
85 41
97 31
50 85
75 54
48 23
42 62
1 96
87 56
3 41
94 24
55 13
50 48
7 43
15 64
62 0
58 3
34 2
49 98
12 61
67 43
67 6
36 50
78 32
62 49
23 94
38 59
70 47
92 85
18 72
24 0
77 87
62 82
59 3
30 14
70 50
90 65
76 98
66 19
79 19
29 59
1 37
70 39
72 57
33 58
7 79
9 84
69 4
14 95
