10 100
70 12 25
25 20 23
84 69 11
53 39 20
16 82 9
21 8 15
70 69 20
0 34 16
39 62 4
56 52 7
8 17
24 76
60 78
48 87
20 96
45 34
69 10
85 0
29 24
4 38
57 49
22 81
55 17
17 56
34 96
2 50
71 17
47 1
9 65
8 35
30 74
41 87
46 11
65 46
78 66
75 42
99 22
0 64
23 21
84 47
88 68
69 55
54 66
24 54
7 19
26 52
3 30
21 81
6 92
10 67
63 42
27 7
61 8
72 82
48 5
79 14
91 92
27 54
86 25
84 50
30 64
99 66
65 26
46 5
21 0
51 62
33 85
42 18
76 57
43 91
62 68
91 36
14 78
64 38
71 72
21 84
27 30
48 28
91 91
4 17
30 33
13 53
78 54
82 22
64 73
92 19
14 41
88 88
74 88
92 14
59 44
73 85
8 8
25 18
52 82
51 11
11 16
13 73
48 84
64 96
6 25
67 63
58 5
60 1
17 57
5 44
91 90
88 31
46 99
32 91
