1 100
72 42 150
18 32
70 92
11 77
6 96
56 75
64 2
77 35
56 86
76 44
14 59
41 77
63 54
70 21
61 26
71 37
66 86
74 71
78 72
58 82
82 95
16 84
86 8
90 49
22 96
97 63
67 40
11 53
79 16
91 94
93 32
58 86
48 94
88 80
93 75
80 72
8 73
99 68
46 54
35 54
31 32
50 54
8 57
44 41
38 34
1 25
48 51
22 83
19 35
51 49
28 13
5 90
87 79
10 31
19 98
28 48
10 92
3 75
63 82
18 50
95 50
34 90
27 3
62 80
28 75
38 18
33 29
78 61
89 84
51 34
26 86
74 57
77 31
35 52
97 38
57 20
57 8
71 86
22 39
41 86
40 46
18 80
72 58
38 83
22 66
99 54
46 95
81 52
81 14
74 87
83 68
0 81
40 74
6 38
92 72
3 4
39 2
40 51
10 58
99 48
79 6
