1 100
44 55 150
76 30
12 50
60 3
67 82
13 50
40 3
75 74
34 14
66 78
3 1
93 91
56 55
7 42
70 6
32 1
11 50
60 38
32 29
43 35
8 37
76 6
20 70
94 97
17 11
54 58
75 14
19 56
19 85
84 63
37 28
53 56
2 77
89 15
6 30
41 29
46 28
44 25
54 26
67 67
18 53
70 69
26 25
23 95
67 24
38 45
74 60
82 77
23 22
40 60
66 57
66 70
16 82
5 51
63 79
60 58
64 55
40 86
11 12
78 28
53 20
78 37
53 88
49 80
58 32
40 62
80 68
1 76
41 31
44 78
35 74
38 92
37 39
89 38
75 8
27 87
52 22
50 21
76 96
19 22
64 0
16 4
49 82
69 13
34 45
93 0
9 12
43 9
61 16
60 96
85 83
76 32
93 60
59 8
20 41
23 44
51 14
90 62
37 8
10 63
40 43
