1 100
58 32 150
61 28
32 45
97 42
50 45
35 92
42 10
73 99
36 37
91 27
82 11
5 27
21 31
50 27
75 10
61 26
48 97
44 62
67 27
86 39
74 41
91 77
63 60
91 0
59 62
61 52
72 47
55 19
62 62
36 57
6 67
94 18
85 31
18 60
73 32
63 76
8 32
67 67
48 0
23 92
63 3
32 34
54 72
87 91
23 11
21 27
30 23
43 80
51 79
84 6
95 94
28 80
93 64
83 16
86 36
82 85
8 42
63 75
10 11
48 93
68 33
66 77
69 49
43 16
96 36
98 66
26 47
20 37
33 48
5 52
64 21
58 78
77 78
14 97
30 57
73 10
60 20
15 8
0 43
78 75
49 23
31 62
97 3
22 6
12 34
21 1
39 56
32 77
10 55
35 14
17 28
79 1
56 49
29 84
27 47
63 39
47 84
33 41
26 60
80 20
32 99
