16 100
6 32 18
5 2 11
37 99 17
54 67 11
50 80 19
86 33 8
86 2 15
70 61 10
49 40 19
46 49 9
21 68 19
57 1 9
20 99 10
32 5 12
11 16 9
71 35 13
89 43
91 30
16 82
52 94
82 33
1 82
96 77
73 49
20 73
97 25
67 71
28 32
40 89
3 46
69 65
27 46
72 95
71 86
30 18
68 48
52 0
65 26
73 49
10 9
33 25
61 36
43 91
47 90
78 24
27 71
82 93
54 96
69 71
43 0
11 39
71 49
26 77
13 87
35 49
19 54
16 83
35 26
52 49
93 61
84 38
65 43
23 25
90 97
50 26
25 77
82 50
34 99
67 25
85 77
97 38
5 56
52 62
9 45
99 82
2 97
18 76
42 85
87 60
38 0
5 29
86 28
30 7
95 31
5 63
92 17
99 90
4 15
97 42
15 28
23 85
61 19
99 17
8 57
17 68
62 16
71 39
94 95
32 11
24 10
98 49
57 71
75 43
26 33
46 72
33 83
18 70
82 24
89 53
11 60
21 45
11 75
93 19
76 13
11 25
1 16
