16 100
60 14 9
28 7 18
45 30 16
65 3 9
6 28 11
80 69 18
81 32 19
56 96 12
78 99 14
1 0 12
78 51 18
21 68 8
77 58 15
4 35 8
22 70 13
85 56 10
63 98
1 79
82 81
7 23
92 71
27 65
28 5
58 18
19 90
20 50
48 99
7 88
51 88
79 10
80 96
33 95
99 51
73 50
12 54
23 35
99 50
92 63
1 78
5 71
65 11
50 92
78 3
76 45
14 56
59 89
6 30
91 45
44 36
10 40
70 68
27 6
41 96
24 72
89 72
95 63
86 90
80 18
12 28
63 79
79 40
45 43
43 48
35 89
27 29
82 1
43 64
75 61
79 79
11 63
3 62
67 45
89 98
56 9
76 7
98 85
42 70
88 36
92 73
70 81
16 48
1 35
18 88
71 93
47 69
24 80
23 32
99 11
64 34
83 93
40 68
78 10
80 97
86 25
1 50
61 87
12 22
20 27
96 63
73 86
5 81
22 57
26 31
47 52
56 45
24 18
25 59
56 1
8 67
58 87
95 82
83 79
52 95
77 14
8 51
65 48
