16 100
47 99 12
82 49 18
11 63 10
60 94 18
27 55 10
35 39 13
26 51 8
92 76 13
23 6 10
40 9 20
83 49 9
54 86 12
61 35 11
68 61 8
5 27 12
25 51 16
14 98
51 84
9 94
11 3
99 68
69 67
52 48
48 44
78 86
9 51
14 77
23 2
4 60
52 19
92 48
28 67
31 93
70 81
34 12
47 52
94 62
72 66
91 98
57 81
39 74
13 36
7 24
38 78
39 5
39 0
20 72
65 67
30 60
57 20
92 93
4 32
43 20
32 12
86 36
37 15
32 89
2 61
63 21
61 28
59 55
83 6
64 95
58 10
28 62
72 77
72 83
41 89
43 5
29 17
7 1
14 9
99 95
60 53
20 19
9 31
73 35
29 9
14 17
36 54
98 98
58 79
15 99
31 94
53 6
99 38
8 92
3 66
89 85
48 42
12 95
6 83
94 27
57 10
91 47
71 87
20 89
78 89
41 14
43 44
43 96
4 41
95 75
74 5
99 30
50 13
23 62
10 10
9 97
2 45
69 20
95 7
40 75
93 76
69 34
97 55
