16 100
47 37 15
21 36 11
65 81 15
12 74 8
69 73 13
53 65 7
28 96 16
35 79 9
20 6 17
98 83 10
43 51 15
60 16 17
40 93 16
60 66 12
73 46 18
64 56 9
81 61
32 41
71 75
95 48
91 15
70 75
45 64
91 37
47 69
88 35
35 47
25 58
43 67
1 8
50 1
50 26
30 3
8 98
7 30
10 74
22 9
90 80
69 0
67 57
65 73
3 15
59 60
31 67
75 37
49 71
4 32
81 66
82 19
4 69
36 19
28 91
76 36
39 58
70 10
0 48
70 15
74 20
83 30
0 85
76 86
83 17
11 0
91 42
87 10
31 99
45 4
63 48
6 65
54 20
52 54
33 94
50 4
5 75
92 22
81 82
13 62
40 72
89 14
34 54
16 37
38 64
41 61
11 59
44 47
68 81
35 6
88 67
22 52
48 82
37 39
8 9
0 10
8 2
46 31
62 60
95 98
24 83
65 87
22 68
57 89
22 18
61 26
87 66
44 6
42 66
77 83
3 69
95 12
14 18
76 86
80 80
19 42
79 73
39 61
56 84
