2 100
43 31 73
48 69 78
70 39
96 49
57 42
62 49
92 97
42 84
76 82
95 85
89 65
40 53
66 39
72 10
52 51
84 11
17 69
37 92
21 76
5 61
55 78
80 66
31 94
44 8
65 19
10 46
69 13
82 47
28 4
71 95
27 70
53 34
72 69
41 46
80 74
39 1
32 87
42 23
64 73
96 9
38 53
29 43
54 90
95 79
20 70
68 99
28 25
82 57
9 86
55 19
32 45
7 86
62 83
81 37
73 40
37 17
93 94
30 42
71 36
72 57
79 14
29 73
71 24
86 12
15 35
26 33
51 22
3 32
67 0
85 60
16 9
25 25
11 7
91 86
57 77
1 76
57 61
22 90
58 16
71 3
55 79
64 40
78 6
21 27
96 70
91 86
45 8
16 0
93 25
75 47
55 82
64 15
59 24
18 30
72 34
50 5
96 79
8 50
76 73
18 30
63 23
53 8
