2 100
42 49 46
32 46 105
29 55
93 98
45 77
99 20
46 79
67 30
10 89
83 73
91 50
83 81
57 52
0 94
78 34
25 92
74 42
50 32
34 11
64 91
35 24
98 74
32 17
6 91
92 98
35 92
18 87
24 68
6 84
55 64
47 5
35 27
20 64
19 39
6 81
3 48
11 54
96 36
29 77
24 75
21 64
61 78
97 87
96 8
82 62
39 87
90 62
49 16
17 79
21 67
36 85
36 79
39 36
19 11
86 65
85 11
72 64
78 28
62 79
87 71
83 43
1 94
37 65
34 14
42 69
6 85
14 81
45 61
52 87
24 62
94 89
12 82
51 28
88 98
96 40
62 93
3 81
71 13
63 16
5 66
66 18
25 24
75 43
89 75
61 69
40 21
40 10
80 80
9 48
15 15
93 22
46 76
91 11
90 22
62 62
39 62
66 41
35 39
64 26
75 12
42 62
1 66
