2 100
33 45 88
36 30 66
95 37
39 20
78 48
59 10
43 54
31 25
4 95
80 52
69 80
28 43
31 91
65 75
0 44
52 64
78 72
31 43
17 70
75 1
21 52
87 17
61 65
48 62
30 71
99 6
67 52
93 20
77 54
83 15
86 36
85 71
17 43
54 41
5 32
60 80
14 82
11 71
81 83
9 80
52 54
12 71
4 97
20 45
94 46
87 19
69 90
14 74
8 58
58 27
68 87
82 65
97 53
57 55
80 21
7 32
19 64
36 13
35 49
92 64
12 94
30 80
38 67
25 19
12 91
40 0
77 19
32 51
95 66
25 73
79 50
58 9
46 48
70 34
73 18
67 13
5 42
19 52
66 80
1 61
99 90
23 56
69 47
73 22
45 4
82 89
9 80
9 71
1 57
13 26
40 34
23 7
46 33
44 38
79 24
76 50
91 37
35 81
82 61
83 78
76 69
24 7
