2 100
43 44 98
57 47 53
46 46
69 24
80 65
1 54
39 9
52 65
13 76
69 19
13 91
86 50
31 99
94 22
1 18
36 24
51 72
20 9
59 34
10 32
94 53
52 84
46 42
22 3
4 19
19 79
79 18
62 36
46 57
60 66
4 55
14 2
73 96
5 96
0 93
25 96
63 0
51 14
77 70
0 99
34 6
4 6
80 85
97 78
46 77
33 90
2 97
4 82
90 59
31 57
58 29
28 19
29 70
59 55
54 33
54 17
30 29
16 23
93 24
52 60
38 84
48 6
57 38
88 59
48 75
40 86
71 40
88 14
2 69
24 11
47 14
77 33
94 32
1 87
94 38
60 74
93 34
27 82
25 15
65 25
14 20
6 98
2 16
17 88
53 23
51 0
21 43
28 69
25 47
27 36
3 53
62 42
46 85
90 17
12 1
60 97
22 60
68 39
43 29
42 79
82 87
7 56
