2 100
61 44 43
55 48 108
69 33
33 53
2 54
69 35
67 97
15 63
15 92
4 13
26 51
42 67
85 85
82 92
90 42
87 30
26 19
58 31
29 34
34 5
25 0
55 59
81 94
53 89
6 36
67 80
60 45
57 35
38 59
74 43
44 24
71 82
82 48
61 80
72 32
27 6
62 61
31 49
20 53
61 49
28 61
29 77
74 49
29 17
88 43
47 77
87 68
75 34
19 61
15 61
0 14
54 9
56 59
63 94
22 46
5 27
77 91
54 60
25 73
65 81
18 95
44 97
94 37
51 50
51 88
11 42
77 90
34 73
9 64
53 81
20 12
93 30
3 55
8 40
6 95
38 39
0 21
71 79
36 93
48 11
27 33
27 48
83 99
71 26
55 17
28 43
62 8
50 68
55 69
56 28
12 33
86 94
66 68
43 43
61 70
98 9
68 66
30 48
84 23
22 68
10 19
37 21
