2 100
56 69 61
66 63 90
37 91
48 95
32 30
68 48
36 86
54 39
31 38
59 69
37 32
76 90
12 65
60 22
12 22
68 68
36 58
40 78
86 49
67 0
28 14
28 51
40 92
98 66
21 84
46 38
34 91
53 93
8 52
21 77
87 34
24 79
15 97
34 20
51 25
38 60
50 93
64 92
30 0
64 50
72 19
32 14
60 70
93 92
35 48
50 55
89 36
49 31
72 96
73 70
18 29
21 71
32 47
52 16
58 55
88 53
60 63
11 52
87 32
53 51
38 25
99 74
64 14
16 69
4 75
89 33
95 74
90 22
7 1
19 38
87 87
39 32
35 74
67 45
45 5
55 23
55 80
2 0
58 87
55 47
89 77
29 73
94 57
56 40
2 5
63 56
45 78
25 80
92 32
7 44
84 55
88 22
21 60
89 80
59 66
0 17
45 19
95 59
89 21
62 59
30 84
49 33
