2 100
35 63 48
67 67 102
46 65
10 21
41 26
94 43
27 58
90 93
18 33
35 71
59 13
85 6
20 49
22 6
83 25
71 71
70 56
5 97
12 2
56 70
72 56
71 59
42 56
45 32
8 80
94 8
87 74
10 33
25 80
8 80
46 81
13 81
76 38
87 22
35 55
35 82
23 8
62 17
81 31
25 0
20 91
7 43
2 39
64 69
30 71
93 26
78 35
41 64
2 96
26 42
78 33
39 14
66 94
61 38
96 80
65 87
7 15
38 14
15 97
69 40
50 85
88 64
42 27
85 64
61 59
45 49
9 64
99 71
36 6
73 49
46 58
91 32
64 88
69 65
61 76
23 83
59 1
83 0
71 25
97 74
72 92
43 47
61 3
64 96
35 44
74 71
90 19
96 91
62 11
41 25
49 32
28 61
16 60
45 29
24 48
86 15
69 65
56 14
79 58
99 61
15 93
47 82
