8 100
50 35 12
74 75 24
21 19 22
48 26 19
78 28 21
68 22 12
64 63 17
53 83 25
72 88
53 40
45 67
78 45
40 95
9 77
61 98
18 0
58 3
31 95
21 75
55 37
24 38
85 48
26 64
96 38
61 12
94 20
10 36
97 77
41 83
66 37
27 0
95 81
98 59
4 8
61 83
47 33
28 38
67 63
26 40
90 45
39 20
12 94
85 18
91 6
81 84
58 77
95 63
61 80
78 63
26 68
1 64
23 46
14 14
65 41
20 4
0 74
1 57
44 23
25 13
7 17
47 88
17 53
40 49
22 7
8 11
83 40
91 86
9 30
68 72
59 78
71 47
52 42
80 40
89 71
95 31
40 84
2 83
22 21
28 27
44 42
21 9
74 69
4 42
21 31
11 91
16 85
42 77
26 41
61 61
33 55
73 41
27 81
90 36
42 9
51 52
0 37
35 61
78 66
28 55
65 43
82 91
63 43
11 39
39 17
62 94
97 24
64 77
36 17
