8 100
51 30 26
18 65 18
62 51 13
18 56 24
55 44 13
47 29 15
30 22 22
65 39 25
95 10
56 29
71 9
55 12
50 69
24 58
54 38
60 10
82 97
60 63
88 20
82 60
31 74
70 63
37 27
18 32
95 93
92 81
30 93
97 40
44 27
81 17
0 42
96 40
21 85
11 83
13 18
61 27
35 44
66 10
91 71
13 99
19 8
91 76
8 7
13 20
62 21
19 8
52 78
99 85
5 54
80 71
84 18
37 71
70 84
98 16
84 65
91 47
73 37
52 78
1 81
21 64
40 11
42 0
83 75
14 33
57 13
1 99
21 92
66 25
55 12
88 76
30 96
80 22
62 77
29 13
84 62
21 63
65 62
5 68
48 53
33 79
34 95
78 58
4 5
97 91
66 95
56 11
3 7
89 84
57 12
23 99
85 56
87 46
26 46
39 94
58 40
60 26
37 86
96 51
84 72
89 10
40 0
32 70
54 73
35 71
41 90
77 29
90 32
89 24
