8 100
53 45 17
33 21 20
83 80 14
42 31 14
57 15 13
68 50 16
76 47 31
46 28 26
74 83
68 51
16 15
97 44
12 63
28 66
89 60
61 48
64 67
1 42
59 32
53 72
36 69
69 93
53 10
26 95
7 41
42 82
89 52
9 75
35 75
89 87
15 29
41 81
92 34
14 85
74 25
41 99
88 77
3 38
14 39
93 40
70 23
75 16
93 9
98 8
35 45
68 69
68 79
34 75
72 40
76 43
44 4
50 65
63 45
99 35
40 68
19 22
28 89
54 8
87 97
32 29
90 50
67 77
54 75
97 84
41 77
22 57
8 76
85 72
99 18
44 90
76 49
27 40
7 38
71 47
0 80
92 13
81 67
23 45
70 0
71 8
16 5
2 72
29 73
97 71
95 86
54 40
13 6
29 63
62 50
30 94
27 17
98 24
94 71
30 21
77 81
61 24
79 20
83 33
27 84
28 43
66 80
99 81
84 8
43 36
70 5
60 94
79 56
60 37
