8 100
48 54 21
43 79 11
52 39 15
30 15 27
48 27 19
56 40 18
56 45 18
27 73 27
73 78
30 40
73 7
47 11
29 99
97 29
55 56
86 53
80 96
46 80
94 31
92 64
8 68
67 3
51 2
90 45
42 71
73 39
49 66
32 83
69 41
91 84
17 35
25 64
74 70
65 39
79 7
31 74
62 50
82 10
64 76
80 65
84 41
89 15
62 63
79 41
76 56
79 59
84 89
59 95
56 91
10 76
31 49
48 59
61 33
91 86
9 84
14 67
12 95
85 75
81 73
83 42
44 63
67 25
6 98
7 19
33 82
87 72
50 36
95 87
70 35
10 58
95 92
29 15
76 56
22 11
7 41
10 71
51 77
9 13
37 81
25 66
70 31
60 0
74 30
65 48
17 11
94 65
95 23
67 99
39 33
6 97
38 16
81 32
78 67
14 64
39 36
12 48
41 24
1 46
12 54
91 36
69 81
60 56
97 60
25 63
43 39
31 10
96 57
14 57
