3 100
57 40 52
51 64 68
48 49 31
15 3
18 93
99 21
42 49
12 55
32 51
38 25
40 53
89 1
58 26
49 33
5 72
62 7
44 13
1 55
90 56
23 91
50 71
20 80
1 61
29 72
9 35
29 28
60 62
0 57
97 75
45 96
12 86
17 4
17 45
19 65
44 54
87 39
99 96
17 76
67 41
13 23
6 60
9 83
10 75
37 25
59 2
99 75
9 70
21 72
15 48
58 88
46 13
42 91
91 5
70 71
98 11
47 80
9 96
12 73
99 43
28 46
48 87
40 35
99 18
42 33
5 83
85 62
39 3
76 0
61 28
35 94
60 53
62 93
15 92
19 79
24 5
87 15
78 75
76 96
56 57
65 54
92 53
62 83
26 94
63 90
65 63
26 48
44 86
66 33
0 46
87 66
1 18
66 68
11 15
61 14
52 39
49 98
79 71
57 55
40 51
48 71
63 67
90 54
69 45
