3 100
33 28 65
54 32 33
44 65 59
67 58
62 40
75 15
42 89
47 73
39 65
33 11
20 69
29 5
2 5
14 75
69 49
85 28
67 7
39 9
16 20
13 21
53 34
7 50
35 28
28 26
33 32
81 49
44 23
56 33
98 80
92 95
79 13
14 75
50 60
90 65
31 13
87 91
32 28
72 78
70 23
83 47
43 43
1 46
10 79
19 63
94 59
70 8
9 85
96 16
23 83
78 50
91 7
37 94
71 65
85 15
94 60
78 35
60 64
75 24
39 97
19 12
17 71
43 14
79 47
73 4
67 66
6 95
75 8
42 91
25 88
78 35
28 67
48 9
86 29
38 59
47 51
17 96
60 60
67 57
21 72
23 53
80 73
8 65
40 93
94 18
68 11
60 42
74 9
0 85
29 0
6 1
17 5
77 80
99 0
89 26
53 21
58 77
82 60
85 95
37 18
72 8
13 22
67 59
79 90
