3 100
61 63 26
34 50 62
37 62 63
73 14
37 45
44 15
28 83
78 12
2 82
31 35
88 18
64 36
97 0
71 42
93 9
4 5
72 72
31 67
6 62
10 39
9 59
11 19
90 61
62 68
88 86
10 0
85 88
76 93
28 78
56 71
68 29
21 28
89 99
61 72
41 43
76 43
61 58
41 85
33 91
66 65
48 31
89 85
43 10
78 30
90 64
66 77
51 24
38 84
33 27
49 45
47 10
89 5
85 27
47 86
17 35
98 67
48 42
7 56
88 36
86 23
98 84
0 39
3 93
78 25
33 70
83 60
53 90
75 71
73 30
8 99
18 62
46 51
98 62
75 6
81 46
52 42
5 85
99 52
55 30
55 10
49 56
62 7
30 92
67 15
65 55
63 11
60 68
89 58
23 42
41 54
50 24
22 59
22 86
66 82
41 83
89 51
95 55
25 62
37 76
48 54
3 47
6 81
38 23
