4 100
56 51 29
55 58 31
46 43 43
47 45 50
65 24
81 59
65 94
18 69
58 73
6 19
44 70
80 10
24 1
7 37
47 32
25 23
42 77
2 23
1 75
38 49
23 31
36 43
82 79
67 10
42 93
74 84
17 31
7 46
74 55
95 66
83 98
59 28
42 84
87 15
43 16
36 58
70 98
92 33
48 63
67 42
3 91
95 27
59 27
19 84
47 92
76 92
41 44
16 11
4 49
85 60
79 57
26 60
36 2
18 65
30 73
46 50
92 1
82 65
38 2
58 33
68 9
26 95
70 10
88 71
23 19
18 32
84 29
31 69
49 18
69 59
6 99
70 46
32 66
58 36
5 18
96 37
5 72
43 83
33 17
15 62
86 5
46 92
82 72
54 18
98 25
6 64
25 86
39 86
92 14
4 22
34 67
23 71
61 63
58 52
36 87
60 99
28 1
84 18
14 0
12 92
41 57
11 93
4 77
86 30
