4 100
55 43 46
57 52 27
49 54 44
53 54 36
29 74
16 15
95 91
62 20
86 6
39 58
68 13
52 4
12 40
11 71
90 13
59 80
72 81
98 82
45 23
59 24
24 20
60 35
92 25
43 29
80 21
96 3
57 26
39 37
10 19
87 97
14 53
41 46
22 72
95 54
34 97
83 56
88 54
23 79
16 10
50 31
90 48
92 33
57 80
96 5
78 0
24 42
3 51
48 27
15 3
1 62
22 84
18 38
2 28
62 72
90 98
10 11
43 24
64 48
74 57
54 85
48 81
25 81
86 89
39 74
42 56
72 11
7 40
82 25
50 88
58 59
35 84
75 14
63 88
19 28
76 32
28 32
61 47
84 37
45 13
43 33
63 57
22 86
82 92
6 70
8 76
66 53
71 40
51 37
52 8
81 81
21 5
18 98
57 27
21 36
17 94
87 8
6 21
25 29
52 45
87 77
11 43
82 20
64 74
81 44
