4 100
51 48 45
40 41 40
40 56 41
59 50 37
27 94
8 6
8 47
55 72
56 70
56 37
92 67
72 10
18 21
10 5
77 24
11 96
92 40
86 24
82 34
21 76
15 31
79 70
99 33
4 70
32 14
68 74
43 86
83 85
4 14
18 1
80 72
4 40
99 77
45 88
1 57
57 60
91 25
36 0
46 62
49 37
75 43
5 47
45 74
91 4
81 99
75 75
64 45
50 93
41 96
54 14
31 32
2 37
44 80
89 18
88 17
72 54
47 60
92 68
36 60
8 56
53 65
96 52
45 15
96 35
20 95
0 26
22 94
52 33
96 67
98 72
39 86
85 95
28 54
54 98
51 43
4 98
0 14
87 37
21 74
87 61
52 20
36 46
8 65
28 72
97 77
62 48
9 20
34 15
98 67
5 11
1 65
18 2
65 26
95 80
29 92
39 79
14 67
24 24
49 44
89 61
40 18
49 25
13 33
34 31
