4 100
46 47 51
54 47 34
44 57 28
51 53 37
38 27
28 7
60 22
93 94
2 26
86 34
94 28
47 41
61 41
65 95
56 64
95 42
41 3
83 9
17 33
42 39
46 62
43 52
16 65
93 85
21 92
76 56
48 39
96 89
19 88
75 43
28 96
74 73
65 94
78 4
55 42
74 43
19 54
47 7
80 43
80 12
0 1
39 33
72 37
38 40
3 37
2 96
1 69
55 35
39 36
59 23
6 54
72 10
46 26
16 51
36 29
57 6
26 32
68 79
84 2
1 4
52 17
47 70
43 79
62 43
2 27
95 70
35 56
14 89
22 34
82 73
52 28
92 11
87 54
30 48
0 74
57 3
49 30
15 45
77 96
18 50
17 37
3 15
68 15
31 4
73 60
43 31
80 2
72 89
17 31
53 21
55 14
32 17
75 51
10 72
48 17
35 6
90 60
35 18
36 4
16 91
65 22
68 17
67 28
78 23
