4 100
43 46 25
54 55 49
43 40 34
54 40 45
69 32
46 26
67 18
59 37
14 54
39 3
14 78
75 69
1 91
58 97
51 40
18 20
13 39
36 10
25 45
91 45
14 51
83 29
65 41
21 24
31 47
38 74
30 11
84 50
93 56
71 53
32 26
31 51
17 24
37 44
18 39
76 55
0 85
5 38
31 64
45 27
13 53
27 64
91 73
13 41
50 47
28 88
81 73
25 54
44 21
32 96
37 51
79 81
73 85
88 32
83 25
6 31
93 68
36 45
93 29
18 28
16 62
54 56
67 69
23 51
68 63
61 51
49 52
58 52
59 26
67 98
29 82
93 5
16 92
5 58
40 47
13 47
43 74
25 68
77 78
91 26
27 71
59 76
94 34
55 99
32 92
55 20
37 20
20 7
17 49
43 85
29 1
69 17
70 15
2 65
10 49
67 88
50 4
94 62
76 70
7 47
2 13
7 18
24 57
1 98
