4 100
51 57 34
52 43 52
52 55 31
42 49 35
4 62
21 83
7 24
32 94
0 79
0 34
87 17
70 82
18 0
70 71
77 41
34 18
23 80
6 40
33 66
92 64
10 16
18 50
45 0
52 10
16 4
95 65
49 74
67 43
58 46
6 80
98 51
19 19
34 31
0 18
16 68
72 50
11 62
5 95
69 25
80 44
98 10
66 96
59 51
14 32
65 83
51 66
62 8
73 78
48 77
38 71
46 74
37 31
97 92
69 51
45 14
23 24
81 37
87 33
40 52
65 18
3 62
68 48
69 85
6 24
44 54
51 78
56 85
12 72
6 63
77 92
28 3
30 11
86 99
38 4
2 55
76 20
13 85
87 5
13 56
14 58
1 79
16 81
19 29
86 7
54 2
68 86
99 29
31 14
0 18
12 39
64 60
80 53
69 62
52 30
16 17
98 78
58 99
33 87
10 72
94 52
6 87
16 54
88 99
7 35
