10 100
50 55 10
99 92 19
11 24 13
87 22 13
46 81 20
4 94 18
52 4 9
21 24 12
7 8 17
43 39 17
69 85
76 71
96 89
19 54
56 15
84 40
92 59
92 74
14 58
92 67
58 99
99 43
92 59
80 4
47 56
77 29
10 12
35 9
39 50
6 84
74 71
10 16
84 15
69 16
80 52
91 89
32 26
36 22
84 28
1 0
3 14
42 66
42 72
54 10
73 72
74 18
35 54
82 62
58 78
98 70
93 53
0 89
81 64
97 4
30 10
23 50
51 44
17 82
46 15
82 29
73 22
45 26
58 90
47 97
16 6
56 73
54 70
68 5
16 47
31 6
47 73
20 15
48 68
2 92
53 10
66 47
55 21
57 62
93 6
54 68
8 8
29 25
47 11
34 15
59 77
47 94
25 1
86 47
23 92
55 3
47 12
1 79
63 85
83 86
61 56
22 76
32 88
42 96
72 20
59 27
40 74
10 36
18 66
62 99
0 26
78 52
50 37
41 84
46 55
56 20
