10 100
31 53 12
34 97 9
90 35 13
57 9 19
71 48 16
26 77 11
23 63 10
54 92 19
79 24 17
82 94 14
59 60
92 21
6 37
30 58
23 64
26 70
45 17
11 30
14 23
46 19
99 65
22 81
95 93
39 72
45 25
48 19
26 95
20 49
86 85
88 99
95 31
24 28
94 66
91 4
55 69
80 38
91 75
89 49
17 57
40 33
94 48
44 84
99 70
33 8
29 44
66 99
37 3
59 37
80 36
37 56
98 82
44 53
2 23
2 60
46 74
65 20
69 79
68 45
61 79
24 81
44 63
19 58
68 42
2 89
57 58
69 78
37 70
89 12
46 73
59 63
9 49
76 16
36 69
95 41
2 79
17 31
94 69
42 8
31 54
11 31
39 85
46 64
85 27
51 20
5 67
19 91
69 44
28 24
14 94
31 10
30 32
99 68
33 10
91 8
63 10
89 48
76 24
11 72
91 38
16 2
70 98
59 93
9 91
7 86
93 92
28 31
24 36
44 61
48 84
51 63
