6 100
60 86 28
52 29 11
7 18 20
2 73 27
70 96 25
29 45 9
58 91
28 62
74 30
24 0
14 77
13 86
0 87
15 24
77 41
89 85
49 39
72 93
63 45
41 87
62 47
90 83
35 66
65 83
50 94
27 19
31 13
72 73
41 18
7 35
94 14
3 16
26 18
82 1
9 75
47 86
7 69
93 82
0 80
80 85
39 1
93 84
3 95
66 9
43 78
84 21
93 77
9 20
5 76
99 6
96 12
75 24
47 43
97 25
27 42
28 76
50 10
25 63
10 11
11 23
66 53
34 93
82 38
50 65
38 31
7 12
47 80
64 36
50 92
29 78
41 3
88 9
23 98
20 13
62 93
10 74
58 57
35 41
21 49
95 7
36 68
7 90
40 76
14 10
77 47
89 55
38 86
68 11
24 82
60 25
92 31
80 26
86 21
27 78
86 22
32 90
99 18
70 98
27 45
55 30
7 23
21 38
47 86
58 96
18 65
95 70
