6 100
46 34 23
67 95 13
85 35 22
93 81 16
39 65 22
58 44 27
93 50
78 44
92 58
29 49
44 67
86 10
18 82
72 32
82 74
3 68
47 92
19 75
12 44
76 20
74 59
29 56
9 13
69 42
40 67
10 60
6 56
37 10
39 88
98 53
5 60
53 15
80 49
49 37
81 59
51 13
47 7
13 51
47 34
8 40
34 12
3 46
59 69
45 69
36 59
71 5
68 21
54 91
38 81
12 83
23 9
28 66
35 39
92 48
66 80
46 26
5 46
98 93
8 52
96 24
88 46
19 16
12 3
42 53
88 4
5 83
91 84
83 66
64 0
10 8
91 22
3 38
13 4
64 81
11 63
13 20
73 6
58 85
90 44
11 29
61 60
71 16
55 79
5 44
50 71
73 49
87 37
55 63
32 60
5 36
89 75
13 67
88 2
29 40
21 22
19 99
31 58
2 90
21 34
54 68
89 75
99 63
21 84
70 65
29 49
76 71
