6 100
75 19 29
52 7 28
25 49 21
96 45 24
15 1 31
66 58 20
54 48
82 65
0 74
52 48
66 18
59 75
9 80
76 87
11 82
9 81
19 9
96 88
85 3
52 8
44 47
0 99
68 0
20 10
4 56
92 80
63 37
91 98
1 74
30 63
73 17
16 34
4 18
3 76
95 5
87 78
54 33
51 37
15 26
79 67
9 43
89 53
71 56
32 75
68 72
58 99
82 37
12 41
87 49
42 22
76 80
45 10
23 98
44 47
90 21
17 50
37 11
44 82
86 58
88 86
60 16
34 85
10 76
14 41
88 53
40 57
90 51
71 42
54 0
93 12
81 84
54 42
87 75
53 5
51 58
19 26
62 64
46 26
53 46
74 49
55 10
3 56
3 78
80 94
80 21
0 68
29 33
96 6
88 9
94 75
36 81
78 47
40 61
58 35
83 4
30 93
92 87
9 0
51 20
6 41
68 11
3 34
92 47
91 79
24 11
4 66
