6 100
17 86 18
86 97 32
59 23 34
81 20 31
92 25 14
10 75 23
42 15
7 68
52 42
37 80
37 43
31 57
65 89
76 94
31 29
53 77
5 37
48 15
99 0
34 58
28 17
61 54
87 63
17 4
48 40
26 35
43 68
89 61
64 15
82 87
67 42
48 56
82 89
61 62
79 83
54 29
77 24
42 73
69 11
14 38
21 51
49 19
18 68
57 70
95 34
99 70
88 81
91 15
82 37
64 90
9 88
66 82
71 49
95 83
8 18
37 13
38 57
47 74
66 18
20 67
58 50
97 11
22 69
2 13
60 13
35 83
42 31
85 1
38 72
28 30
39 31
82 13
84 14
14 75
30 68
29 81
41 84
88 6
10 31
92 64
83 31
37 38
97 66
24 54
80 33
98 26
0 47
37 64
15 16
81 33
50 17
16 9
74 87
25 51
88 22
64 45
59 92
89 18
92 41
47 8
95 23
68 99
1 25
86 13
87 76
49 12
