10 100
75 31 31
10 57 30
1 99 24
38 72 29
44 22 13
65 99 10
47 64 5
82 97 3
49 37 3
17 89 6
88 66
63 62
69 27
75 48
7 10
0 12
22 74
7 26
53 52
77 17
5 78
45 17
97 45
71 17
29 36
99 11
61 86
51 14
54 93
5 68
62 67
78 93
83 67
63 30
58 37
93 22
49 7
10 13
2 11
37 99
2 7
94 82
59 31
86 46
37 11
18 40
27 80
95 21
27 84
27 13
2 98
52 61
49 47
82 54
63 76
92 82
25 84
88 36
8 79
22 17
91 25
56 98
45 76
96 38
49 19
38 41
47 52
92 2
46 84
75 79
10 61
66 12
13 65
95 13
5 67
91 29
38 97
36 74
40 33
49 10
30 92
4 96
18 57
66 80
83 32
67 20
88 31
89 84
46 9
43 88
64 3
96 9
5 89
78 23
31 98
31 64
74 96
68 39
67 69
31 52
98 93
62 33
1 8
44 43
0 77
2 35
58 44
88 28
14 59
63 2
