10 100
79 70 27
28 4 30
12 80 21
76 85 29
44 3 19
95 94 16
12 93 2
67 75 3
54 81 5
62 96 5
19 57
63 77
94 93
55 80
49 1
48 30
73 64
39 61
62 97
6 61
84 30
69 86
64 50
24 10
53 70
50 95
42 2
33 94
35 48
68 68
46 72
23 66
31 67
95 64
72 87
30 64
34 63
40 68
95 78
33 50
72 38
78 0
14 27
65 7
38 58
41 69
16 95
99 39
19 41
12 85
28 44
76 86
77 92
97 57
71 46
89 32
34 39
40 24
89 0
98 20
35 18
44 54
78 65
79 10
49 21
79 46
79 89
69 9
16 97
8 69
15 19
20 40
32 45
84 59
10 71
47 81
78 60
53 5
51 93
91 78
41 93
75 7
12 22
45 77
66 9
14 58
53 27
20 55
85 16
75 11
30 99
3 50
87 50
64 52
81 16
8 54
24 90
94 96
54 94
70 30
37 93
57 75
86 94
38 85
8 91
3 97
31 66
80 89
52 26
96 80
