10 100
35 67 26
21 28 27
37 55 24
16 63 28
96 93 10
40 69 19
28 3 6
27 28 5
91 41 4
97 96 7
2 67
66 39
63 90
29 70
43 74
35 15
97 84
37 57
57 30
2 66
70 99
60 32
3 90
98 86
80 26
40 31
73 82
54 93
84 29
29 9
2 21
87 61
76 63
12 52
56 65
52 13
8 50
40 53
1 75
38 40
91 78
98 34
24 48
2 41
97 18
34 61
90 49
43 49
17 66
10 84
42 12
61 4
88 65
13 67
30 56
60 32
48 5
64 67
94 58
5 73
55 85
93 90
8 11
89 97
99 12
53 43
26 9
35 47
48 14
19 38
69 71
94 59
69 85
69 5
57 48
63 20
27 45
43 16
29 21
76 98
18 27
86 33
51 27
87 85
89 28
98 69
97 19
26 29
49 16
60 70
71 17
81 9
57 84
16 4
69 5
66 5
53 65
20 11
72 36
63 69
22 82
44 58
4 59
18 32
40 51
26 39
93 2
81 74
24 72
67 22
