10 100
22 55 24
55 99 23
39 34 23
37 59 24
22 15 21
11 54 22
21 23 4
62 53 6
3 19 5
71 32 7
56 40
34 13
32 94
11 76
91 67
34 1
57 28
81 97
14 78
80 57
40 39
27 80
60 77
54 91
1 81
1 38
56 16
69 50
36 55
68 0
58 92
71 63
72 59
26 16
66 82
23 4
1 9
54 34
41 72
21 58
99 82
11 37
87 34
6 35
65 87
66 65
40 27
42 67
34 37
58 29
93 80
77 69
79 95
36 98
79 38
47 25
7 23
43 93
11 45
68 47
80 50
76 92
7 30
61 52
91 37
68 53
50 76
35 5
57 57
99 15
58 50
49 38
37 81
47 81
15 38
72 51
29 84
14 76
47 73
85 15
63 9
70 60
71 7
24 71
37 92
33 13
13 17
42 80
29 49
68 59
12 50
43 49
23 68
93 34
12 98
96 71
96 89
7 75
5 13
66 0
9 80
79 68
34 73
69 5
95 17
45 84
35 46
65 84
37 1
61 72
