10 100
29 60 27
61 72 25
73 66 22
14 52 30
45 82 21
42 15 14
18 78 6
0 23 5
75 61 3
24 34 6
99 9
95 81
20 53
84 34
9 41
11 69
42 73
22 3
64 99
5 81
82 21
0 4
91 66
94 62
16 23
46 78
78 74
90 74
18 5
22 11
59 60
63 67
38 26
91 12
45 43
54 64
47 98
25 91
14 53
21 32
67 49
61 21
7 84
29 19
76 63
85 41
7 86
47 19
1 78
49 75
32 12
42 33
99 35
66 97
65 4
61 59
66 0
48 39
78 6
27 36
50 79
36 64
25 48
3 27
7 74
75 73
53 9
18 52
75 89
93 36
96 76
48 0
28 69
38 97
1 92
55 52
4 82
50 83
14 9
52 64
71 71
82 31
37 87
82 30
50 56
97 57
58 53
6 59
18 59
24 15
37 35
68 92
22 79
19 33
9 5
25 35
82 19
63 69
22 27
14 9
8 78
35 62
91 33
94 90
29 7
37 4
87 19
78 27
61 57
10 81
