10 100
28 5 22
10 60 30
34 13 25
21 54 24
22 84 19
82 99 19
7 84 5
89 64 3
81 24 5
74 52 2
90 36
77 52
85 27
66 66
51 59
57 46
87 51
40 15
15 15
76 21
86 77
50 10
26 39
93 96
64 24
37 64
31 44
78 47
70 20
54 67
60 92
39 24
20 93
21 91
59 90
10 50
6 30
99 53
22 48
32 60
95 4
77 93
84 81
38 74
4 13
69 48
87 61
6 60
17 46
93 51
17 5
69 35
29 17
44 77
28 52
75 8
74 89
11 47
74 0
60 79
48 55
49 86
77 34
65 99
80 47
16 44
75 12
66 40
48 55
71 12
79 69
51 3
14 29
27 12
55 27
4 93
78 58
46 14
13 12
75 75
47 81
72 26
72 53
60 18
94 2
49 36
58 47
7 46
37 26
29 2
39 5
54 99
37 23
40 90
34 65
18 42
15 77
98 81
58 21
40 11
49 97
27 70
12 27
52 49
9 35
12 43
82 80
92 27
97 30
86 67
