10 100
39 4 25
39 81 27
31 41 25
0 68 30
1 91 16
52 43 10
97 98 5
39 88 4
56 86 5
70 34 5
29 87
69 88
90 13
26 11
86 99
54 26
26 79
26 54
22 25
72 1
88 49
67 89
17 22
67 62
99 84
61 83
67 37
77 76
10 54
86 57
0 23
49 43
24 80
3 18
84 79
77 79
46 37
2 77
0 70
4 28
95 90
90 27
60 94
74 47
77 24
38 71
90 53
42 39
75 36
73 58
51 49
91 69
81 20
80 93
5 48
94 9
23 62
51 4
33 39
42 25
81 18
32 96
47 6
31 61
73 36
36 68
21 98
22 39
39 98
45 13
53 15
34 23
61 29
18 38
76 68
85 22
11 79
56 75
20 28
46 22
9 10
66 91
79 70
78 20
25 32
44 64
32 80
21 3
99 89
80 56
83 76
67 95
85 83
43 39
53 62
17 32
56 80
59 77
69 3
93 84
26 83
75 67
43 43
41 82
1 63
66 44
6 2
99 19
74 47
0 61
