10 100
8 64 31
1 52 26
24 27 26
57 11 27
37 16 15
44 24 11
6 46 5
98 47 6
44 70 4
27 84 3
7 39
8 29
72 90
64 87
0 44
91 92
32 34
34 12
96 37
76 64
91 7
39 94
31 24
37 86
1 51
2 24
70 43
5 37
97 47
4 48
42 68
84 7
11 62
41 97
26 30
22 59
45 2
86 5
5 56
31 4
47 63
69 1
45 58
7 99
91 16
70 51
25 44
18 8
59 31
31 3
61 34
91 40
40 88
42 16
32 50
59 29
12 84
8 14
51 33
78 81
65 79
19 49
22 89
53 38
30 71
52 75
32 48
78 56
25 88
31 61
52 51
40 84
11 6
41 87
52 45
96 3
31 83
61 45
90 46
33 97
4 73
93 8
96 63
27 51
99 8
46 20
65 44
68 27
60 70
72 43
44 81
38 97
94 81
3 30
12 93
11 12
78 69
1 26
94 60
9 31
8 40
36 8
38 21
30 77
83 54
65 86
11 41
52 2
86 90
14 77
