10 100
21 58 23
6 38 25
18 78 27
22 53 28
57 55 20
21 98 18
17 0 3
14 0 4
51 12 4
7 93 5
17 83
24 97
66 77
16 4
60 89
1 84
55 58
66 65
10 15
48 77
85 72
55 74
79 67
3 99
73 60
86 49
5 80
15 90
69 20
45 54
61 44
38 40
13 61
60 9
9 51
11 81
58 0
32 63
2 81
74 63
81 41
66 19
36 99
18 33
40 47
95 18
32 33
72 79
65 46
47 25
47 74
25 33
30 94
83 30
98 32
47 39
10 87
98 68
80 42
43 96
60 39
55 48
64 52
64 42
33 33
13 66
12 58
98 15
37 0
79 36
95 16
22 65
23 78
8 33
75 15
22 52
60 2
87 23
24 40
40 66
97 21
20 29
43 29
28 63
46 29
25 10
6 10
35 44
28 0
39 46
67 8
20 24
16 19
43 41
1 18
93 18
66 25
39 35
86 62
27 62
90 56
52 80
2 9
2 45
93 80
16 71
96 63
38 11
2 79
23 17
