10 100
53 98 29
27 22 26
18 73 29
29 68 23
21 75 15
51 37 14
25 96 5
57 48 6
49 56 4
77 3 4
60 69
64 37
81 89
46 41
27 95
50 89
77 4
50 4
68 0
12 26
52 54
97 20
72 54
29 18
5 66
6 96
57 8
20 90
58 30
10 8
43 99
85 8
72 85
43 90
62 25
26 20
84 87
88 88
96 20
42 76
78 8
0 71
37 34
51 3
41 33
33 6
52 44
38 96
32 86
13 86
49 23
6 19
56 26
6 13
39 9
27 66
80 64
72 95
73 4
4 89
29 35
73 90
2 41
84 25
42 38
54 91
38 70
79 79
99 96
48 41
76 54
56 36
9 1
9 93
74 91
48 35
73 88
58 44
76 33
9 35
77 58
72 26
21 80
65 82
57 13
30 77
14 45
27 45
43 19
22 77
40 41
84 31
32 1
94 61
43 57
58 82
23 32
9 2
92 75
35 2
17 93
88 92
52 75
23 9
88 19
62 47
20 25
52 52
25 25
22 86
