10 100
77 42 30
90 55 32
10 59 25
59 70 27
34 99 17
77 63 8
86 83 4
23 69 4
91 49 4
14 54 7
4 0
56 2
93 64
2 46
77 14
48 89
19 53
13 76
26 44
85 34
1 0
74 17
84 68
85 67
89 36
19 24
30 37
34 66
40 23
39 84
46 1
10 45
70 97
99 49
92 28
18 60
74 24
17 60
77 15
56 93
14 7
68 73
22 0
39 54
12 97
6 31
11 40
78 15
30 13
37 18
25 30
17 14
79 5
61 36
42 53
65 57
47 45
49 49
45 72
37 23
88 13
64 79
5 96
50 71
23 97
26 8
59 74
1 60
84 54
45 25
10 17
35 98
68 59
13 34
94 51
97 63
92 46
79 13
58 18
31 99
63 62
94 39
89 42
97 98
52 20
36 11
68 2
61 66
45 94
92 57
92 50
86 66
90 70
15 78
70 50
63 63
95 44
96 31
18 65
18 65
99 52
93 34
8 74
81 41
24 87
11 49
79 13
30 9
27 71
6 60
