5 100
95 8 39
75 23 32
93 99 38
95 73 27
41 74 34
50 74
33 81
68 25
83 86
30 49
92 30
40 39
56 59
26 60
0 20
61 50
11 70
94 36
17 75
27 94
17 19
19 44
65 33
11 22
26 17
18 32
17 53
70 76
47 75
41 9
86 80
74 40
39 37
74 84
2 97
58 61
61 7
79 85
30 80
90 58
40 99
60 62
48 95
62 90
73 79
81 64
22 1
91 23
40 92
44 94
68 84
90 57
48 3
40 13
65 27
34 38
45 34
46 74
11 25
77 48
50 56
25 52
11 38
0 3
38 1
31 72
20 50
78 79
58 58
32 75
33 98
39 58
86 71
5 50
3 95
98 13
0 96
22 69
50 49
80 62
82 7
25 89
94 36
58 67
65 35
33 9
10 12
75 65
36 5
85 72
78 15
38 38
14 80
98 16
22 44
11 94
97 48
44 10
30 13
45 63
36 43
27 8
37 57
55 99
21 68
