5 100
49 1 22
54 15 35
48 61 38
13 87 24
2 49 53
45 20
47 27
41 72
86 62
20 23
58 58
49 29
35 28
84 39
76 48
33 36
12 82
63 95
67 84
50 96
41 70
39 4
5 30
81 83
4 7
63 83
20 3
97 95
77 20
13 55
57 96
83 15
82 15
58 98
82 7
82 7
99 91
49 62
38 24
85 0
9 54
95 63
83 52
19 7
71 43
55 95
7 36
22 3
10 88
32 84
21 89
34 88
84 37
85 31
12 63
18 39
89 18
13 43
20 18
16 78
13 72
11 63
54 0
55 80
4 49
61 1
22 17
12 77
69 58
50 81
84 32
87 86
42 91
63 45
72 0
2 1
88 59
17 97
63 23
98 60
82 74
51 0
49 76
88 81
53 39
62 66
80 20
23 99
42 67
3 19
16 54
22 79
20 40
23 17
86 22
47 35
14 19
8 28
40 12
51 87
48 36
41 9
74 90
50 40
55 76
