5 100
86 69 41
19 79 42
78 19 14
17 58 32
89 24 41
91 69
60 54
51 59
33 78
13 90
80 82
13 81
29 9
7 44
70 58
95 10
52 94
99 78
96 95
8 66
90 0
48 78
84 50
57 69
79 93
13 6
56 8
31 31
16 91
31 80
6 2
22 14
43 85
78 83
5 31
41 73
67 16
48 92
51 40
46 79
53 33
95 46
62 52
26 6
16 76
97 1
77 57
56 89
46 25
32 94
61 15
73 38
30 49
48 36
30 82
68 31
54 94
65 90
24 74
68 91
59 23
45 45
47 12
97 38
42 70
82 83
3 65
65 74
35 67
73 10
28 64
28 46
51 65
5 90
22 48
19 37
12 80
56 77
57 21
19 26
9 63
90 36
39 79
39 11
25 67
25 75
41 62
52 97
82 36
73 57
92 31
54 26
8 98
9 96
18 40
83 75
32 23
70 44
21 55
82 42
8 62
40 59
66 14
16 23
24 82
