5 100
73 14 24
44 17 30
3 49 23
48 6 46
3 93 47
93 19
15 59
86 32
15 52
64 75
98 90
77 42
54 59
37 61
97 96
9 76
16 34
83 67
41 76
69 55
62 96
9 99
64 88
3 30
66 94
24 95
54 72
73 50
22 27
65 31
97 36
78 77
47 96
17 46
47 42
76 37
2 92
19 20
94 57
99 6
4 96
41 58
91 82
65 22
24 75
12 69
84 35
63 73
63 67
21 91
0 50
22 16
89 47
1 16
27 58
92 44
49 10
47 55
32 46
58 68
11 46
7 48
97 38
2 74
18 71
91 51
4 86
94 78
50 7
16 39
73 44
11 20
60 82
17 35
64 29
35 71
21 61
93 95
80 87
88 2
61 92
64 56
13 5
86 8
68 56
58 69
66 98
78 66
96 31
98 43
1 67
50 91
53 67
82 63
58 32
10 14
79 28
9 82
57 46
19 71
37 47
88 89
7 8
25 7
76 42
