2 100
39 4 75
40 26 79
85 33
2 51
72 61
86 57
67 79
72 37
46 80
97 21
21 49
61 84
42 14
90 36
37 88
23 63
61 98
45 2
35 74
28 41
28 30
39 73
88 59
65 19
14 73
98 38
11 8
59 98
68 25
32 32
24 49
4 67
25 58
83 46
24 93
19 0
39 71
49 45
2 67
43 70
39 97
36 78
65 4
53 77
26 80
97 78
26 5
81 74
48 29
7 66
72 54
63 6
83 38
36 75
37 33
90 44
62 67
10 70
3 63
85 10
49 33
12 75
42 35
88 22
90 72
19 98
38 20
27 74
16 97
5 50
27 99
7 97
37 2
62 71
35 96
69 58
98 86
2 28
53 75
58 28
51 1
88 4
63 68
30 67
21 3
65 59
3 69
91 26
31 88
70 10
30 18
45 14
75 2
2 31
85 31
13 63
37 86
4 45
53 16
74 92
52 32
84 14
