2 100
84 67 91
95 84 60
86 90
62 79
20 86
8 14
52 39
27 94
22 74
26 18
97 49
86 64
91 44
75 44
62 25
83 66
38 33
61 87
27 19
54 66
1 63
42 97
73 41
67 46
82 4
4 34
63 57
9 20
7 4
1 92
20 96
78 59
30 7
76 92
25 62
43 45
12 7
96 67
17 35
86 88
79 35
29 31
32 31
2 62
40 89
20 54
41 62
38 22
97 5
67 38
71 78
61 10
68 33
95 59
71 86
5 72
52 57
34 71
86 91
1 30
28 83
12 30
31 28
31 64
5 95
69 69
36 43
54 16
83 29
36 67
41 43
77 47
27 51
73 82
50 63
2 12
62 47
47 63
73 60
38 15
55 2
49 67
75 52
71 28
66 53
61 36
48 59
44 47
98 31
84 96
5 57
35 97
92 12
66 73
17 4
56 86
72 2
62 6
6 87
38 94
62 50
57 11
