2 100
1 30 88
9 6 80
7 80
87 80
55 71
3 84
80 84
86 4
91 66
8 21
58 68
32 71
8 68
7 28
21 62
72 77
98 5
11 22
60 95
34 58
75 59
87 17
57 21
55 23
21 69
3 14
2 77
30 2
24 67
31 37
40 46
15 13
13 46
94 8
3 97
7 94
96 15
99 94
6 97
15 86
23 2
72 88
16 81
27 30
9 98
79 87
15 87
49 78
10 11
78 3
91 83
6 88
50 67
49 36
7 10
62 48
6 0
98 31
90 68
97 34
70 66
97 34
23 69
38 24
30 30
44 21
57 38
32 68
76 34
30 49
86 51
2 45
30 44
6 77
56 11
13 20
28 1
25 98
6 70
20 0
13 45
75 24
93 71
68 4
51 68
63 23
50 50
84 78
46 60
48 52
26 33
48 33
96 96
57 50
52 61
45 77
66 17
51 58
65 93
19 7
50 25
42 67
