2 100
64 29 58
94 68 93
62 37
91 62
0 61
61 0
36 93
33 72
38 0
67 19
4 61
9 40
22 61
20 8
22 69
94 41
39 16
12 25
12 74
12 11
47 53
42 28
99 94
8 72
72 41
42 61
52 97
46 19
60 7
67 16
96 13
29 91
93 29
55 53
38 80
69 9
78 76
43 7
14 31
47 68
33 63
48 29
35 54
83 36
3 37
18 90
96 43
52 43
23 53
87 21
62 33
8 68
69 73
90 16
74 72
76 84
75 68
76 68
57 89
63 52
53 66
2 22
6 64
91 94
5 87
19 82
66 17
11 83
63 43
32 80
11 43
27 67
32 17
55 79
2 84
87 50
29 19
68 12
93 73
19 3
27 79
29 12
63 70
28 12
37 74
24 98
37 23
95 59
0 82
16 37
62 82
60 19
13 59
78 61
14 63
31 83
62 70
94 90
25 67
31 54
16 54
16 41
