4 100
29 20 32
29 48 24
69 74 20
93 96 34
88 70
44 6
75 85
81 13
7 75
36 50
47 96
61 84
88 73
32 76
82 56
14 30
1 36
60 84
4 57
89 76
54 90
14 53
92 87
31 15
22 90
78 97
48 12
81 37
68 53
43 52
58 34
23 28
87 91
85 92
21 80
46 66
0 18
66 79
26 61
26 55
71 29
72 9
18 27
35 34
74 76
0 16
57 21
50 24
49 77
35 62
70 90
52 30
30 6
61 68
70 54
91 14
39 49
80 16
30 3
19 82
63 52
68 18
67 19
21 10
99 44
1 30
30 41
40 47
42 69
50 6
11 27
31 85
46 5
7 69
99 22
82 32
64 85
17 38
72 61
20 51
23 85
94 78
8 98
80 8
99 20
48 45
76 81
13 84
55 2
24 42
44 8
97 57
1 92
69 95
14 81
5 87
83 36
16 20
10 19
99 11
7 39
89 52
8 53
38 7
