4 100
70 50 29
99 95 38
6 57 20
71 23 25
62 43
74 16
1 59
38 69
39 56
98 60
94 57
85 55
73 15
38 81
24 51
28 23
24 95
87 70
37 74
67 83
76 59
4 52
97 52
79 99
58 0
8 75
29 24
54 45
11 52
77 21
66 17
11 91
98 85
42 38
26 13
81 75
90 74
26 82
94 53
57 47
4 72
36 88
47 80
64 61
40 56
59 88
38 28
28 51
50 12
75 87
74 62
37 10
2 87
12 3
93 31
4 5
79 94
28 7
83 4
46 48
42 75
8 34
29 12
61 64
83 87
79 27
41 93
82 55
98 97
42 5
0 90
50 54
57 62
66 65
0 49
66 76
92 56
80 75
35 54
43 84
41 86
88 38
33 14
50 76
80 25
54 36
96 72
3 96
34 36
61 95
50 21
74 68
96 31
62 47
44 42
61 98
9 52
78 12
8 74
40 77
73 79
54 54
93 40
85 6
