4 100
22 24 34
26 33 22
17 68 36
58 72 19
49 56
47 14
5 85
73 58
97 31
94 67
25 33
35 92
41 10
88 46
31 77
74 32
41 82
31 80
91 69
83 29
57 51
32 6
81 7
83 72
9 90
86 53
0 24
63 47
13 35
1 12
13 34
64 92
36 44
70 47
64 23
62 78
57 14
67 87
7 86
97 55
31 50
51 1
94 21
50 22
76 71
52 56
93 54
79 67
48 70
20 82
17 67
19 63
56 5
88 93
84 57
69 85
22 70
95 68
29 70
61 67
22 74
16 2
52 34
55 91
10 25
93 84
7 3
8 51
74 63
47 93
3 77
4 29
28 95
53 74
81 66
58 39
50 97
8 19
33 87
23 51
86 79
9 68
31 74
86 1
86 62
91 63
59 74
43 80
13 9
89 29
23 91
47 75
14 91
78 62
65 56
22 54
75 66
11 88
88 77
43 11
30 71
96 42
91 28
41 60
