4 100
12 59 18
45 47 26
69 67 36
70 97 30
13 4
46 95
42 73
10 43
26 9
74 67
59 21
85 81
48 1
99 15
29 49
70 75
21 25
7 57
36 91
66 66
87 50
38 86
80 21
34 12
94 15
58 16
32 52
90 70
3 8
63 61
31 51
18 95
47 99
30 36
70 94
56 17
5 2
4 13
25 90
87 80
17 58
73 54
40 60
21 37
47 99
58 5
42 12
21 93
7 45
92 87
1 86
95 89
85 46
29 33
34 6
58 4
59 82
92 90
0 51
46 54
91 11
40 77
65 34
12 97
31 99
25 65
84 92
70 48
94 97
0 11
17 27
19 35
24 42
11 32
11 85
4 78
18 38
79 29
85 21
68 63
11 21
44 94
2 69
3 73
28 2
92 37
19 41
43 21
92 97
3 63
20 14
58 14
62 42
74 85
91 96
17 59
92 34
15 74
69 21
73 77
92 68
73 91
25 63
46 40
