4 100
66 77 28
45 99 36
64 98 28
54 22 27
48 18
2 29
56 91
32 46
36 23
65 49
50 45
68 13
7 20
18 91
80 22
0 47
23 39
12 56
2 87
54 40
14 45
57 34
52 76
13 40
1 37
68 70
47 69
2 38
16 85
18 34
42 15
94 28
97 70
90 79
35 80
21 99
26 25
67 24
4 39
90 22
55 69
44 5
23 78
94 43
56 89
67 12
73 40
33 68
71 65
26 70
63 81
83 92
73 84
97 83
98 68
62 99
40 79
72 50
15 81
59 95
51 91
56 5
53 81
39 55
15 5
33 32
91 98
54 75
58 10
30 44
25 29
8 19
87 85
88 89
84 56
88 51
65 49
76 53
40 70
86 19
62 34
90 11
81 96
63 16
53 78
48 50
73 41
54 82
67 68
93 58
21 48
42 40
46 27
73 51
14 66
66 36
20 24
12 44
31 28
1 94
24 59
21 4
68 88
89 88
