1 100
71 33 130
79 10
78 90
48 5
0 19
41 61
83 44
7 40
23 83
25 96
55 60
75 22
92 65
61 81
32 4
19 34
48 42
54 75
91 36
42 50
25 54
82 74
63 95
34 34
58 44
59 48
25 21
69 84
50 89
30 80
36 50
77 28
80 97
0 24
50 74
26 70
3 37
17 83
41 29
81 65
64 15
62 47
51 10
0 91
66 59
5 93
8 90
91 28
49 42
39 75
91 74
96 2
89 99
11 45
71 48
16 43
33 67
54 66
58 7
25 23
23 65
49 63
58 28
89 79
38 12
82 54
42 61
16 48
12 54
35 15
52 14
20 73
11 85
75 74
16 40
37 18
35 42
86 33
19 64
31 3
99 77
78 1
68 79
41 13
56 1
84 16
95 55
1 9
69 83
67 9
9 16
44 88
5 49
2 7
81 97
86 57
78 20
33 15
9 42
4 44
92 57
