1 100
53 72 124
93 90
69 93
13 76
5 21
73 53
27 62
18 78
35 69
86 34
84 71
40 5
14 48
38 39
29 68
58 86
73 84
35 66
98 46
25 27
61 32
62 34
51 42
50 5
77 12
11 32
83 94
4 39
44 54
93 29
10 45
58 74
86 26
7 43
56 96
0 6
59 54
0 49
41 37
90 73
76 28
90 51
88 0
77 62
24 5
11 45
60 24
81 91
66 95
62 44
17 98
82 83
2 27
12 74
37 90
89 38
32 85
3 39
86 11
56 59
74 45
46 68
54 77
36 48
35 27
57 34
74 15
3 3
70 29
72 13
91 78
90 95
8 87
3 91
53 46
24 97
34 86
45 27
10 23
29 59
75 55
38 54
24 8
34 49
29 72
7 77
36 76
22 83
3 24
2 75
50 42
29 73
89 10
94 20
80 10
78 39
69 99
28 30
44 12
13 99
80 49
