1 100
43 24 160
82 35
82 66
92 9
91 66
77 75
94 4
41 58
20 71
49 4
36 62
22 97
54 26
96 27
36 18
2 49
8 65
38 21
82 69
2 75
42 71
65 81
11 63
82 68
32 84
83 66
29 7
19 64
48 23
57 52
63 63
55 78
42 54
62 46
90 60
4 55
85 50
28 24
5 80
80 60
6 98
85 68
2 25
42 57
71 65
75 80
72 36
84 55
19 88
23 10
19 62
28 60
90 76
85 29
89 48
31 47
4 81
24 98
44 97
88 61
17 66
1 2
17 82
32 74
41 51
34 49
45 94
48 60
66 6
20 18
14 42
29 12
30 71
46 50
88 85
13 94
0 95
8 27
67 82
23 55
44 0
6 85
92 97
60 74
69 76
35 48
65 61
34 65
93 11
64 41
53 13
15 79
27 97
90 96
98 99
26 73
7 2
14 81
43 90
15 49
17 35
