1 100
82 19 160
55 91
2 14
48 81
54 72
89 42
98 56
84 46
98 84
48 22
92 23
98 57
90 36
11 65
22 15
79 87
55 21
19 36
24 34
26 3
16 27
4 15
19 23
64 91
46 9
61 61
6 2
6 76
24 18
67 56
89 34
84 55
96 17
37 11
31 54
78 72
0 60
71 94
35 75
49 1
79 22
57 73
52 16
97 29
50 98
80 82
58 37
32 63
93 85
71 33
23 63
44 10
61 1
12 56
75 79
81 63
33 50
46 91
20 33
68 48
23 94
94 5
38 66
46 83
35 18
8 37
33 82
51 24
46 41
37 83
68 86
22 40
11 53
30 12
71 55
84 93
33 1
70 36
30 70
18 78
12 29
35 20
50 89
71 35
21 65
99 16
36 98
15 27
65 39
13 72
81 3
9 42
68 97
18 23
36 43
10 19
52 6
61 55
62 42
89 94
61 77
