1 100
72 22 160
11 21
80 91
69 23
72 73
83 64
75 99
86 48
97 58
30 66
71 69
39 79
12 92
27 70
38 42
55 38
34 97
66 40
71 71
11 52
49 79
18 8
51 55
36 10
60 62
68 44
34 97
49 34
50 77
60 48
94 29
42 98
18 35
22 56
10 44
36 43
28 49
38 69
18 49
24 61
27 70
55 38
85 38
84 10
97 17
72 78
76 85
10 68
17 90
43 76
38 33
62 56
70 95
7 27
18 27
24 84
23 23
96 56
65 97
64 87
76 34
25 51
86 84
6 25
12 20
3 19
70 67
38 20
80 59
81 33
28 85
32 31
74 48
98 71
15 12
10 33
41 18
27 93
38 56
99 3
73 7
54 75
15 8
56 12
73 42
47 83
85 67
62 63
15 85
28 20
57 98
86 62
37 64
56 16
40 53
85 58
29 17
20 82
37 88
28 81
73 42
