8 100
51 49 15
63 37 11
51 37 12
46 52 28
61 47 17
52 50 19
50 51 24
64 38 24
31 44
13 10
73 53
73 30
62 46
51 43
6 53
65 53
73 20
14 27
14 76
30 10
28 54
87 39
7 56
81 42
4 46
30 44
12 2
32 76
86 13
67 39
34 66
43 64
64 11
50 27
39 17
37 49
90 74
43 52
47 2
39 24
92 29
18 62
21 84
62 62
10 91
88 58
85 63
24 70
77 49
81 44
49 68
35 10
19 21
36 19
59 63
62 73
91 7
55 60
45 21
85 66
72 40
78 59
14 28
50 31
5 90
37 22
75 74
15 46
98 87
84 38
62 89
72 62
38 50
32 60
53 73
54 57
16 62
38 16
40 52
36 52
42 61
4 82
24 61
64 0
13 60
78 66
85 79
63 73
7 97
76 19
41 36
10 50
69 73
96 34
1 59
46 76
78 45
4 32
46 31
91 74
56 82
29 98
9 13
56 60
82 38
58 9
68 57
28 68
