8 100
58 42 23
39 62 12
54 54 18
42 36 20
53 54 26
39 41 14
48 40 18
44 51 22
58 40
60 82
6 95
43 81
90 89
96 84
78 42
57 14
8 98
33 78
68 5
71 41
83 67
31 70
47 14
58 41
95 52
74 23
39 28
37 6
34 54
60 70
1 37
67 49
77 6
90 67
45 49
93 52
40 34
94 77
80 41
14 48
4 10
22 28
39 22
68 35
46 42
92 6
56 50
77 61
91 21
45 2
6 63
30 18
63 58
64 1
87 95
8 95
64 40
29 84
73 55
19 97
33 52
31 76
31 97
7 48
7 67
11 11
14 28
91 80
62 39
83 35
22 4
63 51
33 5
71 65
5 96
45 33
81 83
72 64
14 73
49 87
94 11
88 58
75 48
48 75
86 60
1 95
54 94
12 73
25 17
18 16
68 47
79 13
92 16
27 90
56 88
47 30
57 9
13 98
28 49
74 99
57 64
85 69
73 81
67 67
35 66
70 23
60 51
47 72
