8 100
60 37 11
43 37 23
43 44 14
45 60 21
37 49 18
50 44 24
64 59 15
36 63 27
4 81
18 35
48 38
25 55
38 77
35 79
43 73
87 9
46 15
29 0
80 78
3 99
39 43
49 47
57 13
79 19
53 44
93 11
51 91
16 21
42 12
55 6
88 50
2 30
35 28
54 66
38 71
78 38
31 16
41 90
62 1
75 44
57 61
99 38
98 75
81 55
17 2
28 49
79 59
6 82
69 42
81 87
19 55
0 31
72 71
67 28
41 73
33 1
26 26
34 74
42 25
16 1
38 54
16 25
59 36
50 99
94 16
41 34
18 9
62 50
76 39
94 15
27 83
10 70
78 32
82 49
43 2
41 6
83 68
41 51
76 44
98 95
41 74
29 7
88 61
30 47
35 56
83 39
75 38
91 36
8 0
97 60
2 5
84 74
24 51
29 80
85 63
36 89
98 81
76 48
56 72
20 93
83 68
39 42
66 4
57 11
44 5
78 10
7 5
58 64
