8 100
59 52 13
43 61 27
61 63 12
44 52 18
55 35 25
57 53 30
42 49 13
56 64 16
4 92
9 81
48 62
66 41
3 10
44 48
28 74
72 0
92 90
17 59
67 70
33 91
2 40
29 96
32 35
65 11
78 46
83 19
44 52
63 74
48 20
31 18
14 33
73 10
66 39
54 98
69 49
53 67
86 14
17 59
72 10
38 27
40 35
22 33
19 39
16 28
27 87
94 92
72 80
33 50
58 20
59 14
68 27
25 72
81 22
61 87
13 9
68 21
81 89
39 36
67 49
61 1
66 44
24 29
63 38
87 17
38 88
44 37
16 36
84 57
89 87
80 58
93 69
17 62
20 30
56 44
84 59
52 24
33 66
39 38
20 61
68 32
50 84
17 70
29 33
1 73
27 73
50 45
14 85
20 57
14 3
83 25
61 42
36 80
2 31
5 62
8 99
70 86
5 88
52 98
35 90
88 51
29 84
56 27
93 58
80 94
60 49
60 71
83 87
50 61
