12 100
6 63 17
46 91 12
67 0 20
88 87 17
29 83 11
40 40 24
97 18 10
55 90 14
98 86 17
73 38 20
0 43 16
92 40 18
34 93
65 11
67 26
37 97
55 79
88 58
61 32
89 70
50 88
58 93
18 76
56 68
55 98
26 8
25 97
92 87
91 24
96 82
72 49
54 61
95 15
61 29
75 80
90 74
45 50
3 50
75 6
42 4
49 85
9 51
70 55
1 97
83 4
26 30
80 30
4 91
66 25
50 50
82 98
33 6
88 83
16 52
90 27
40 90
69 7
18 76
84 23
44 79
57 4
41 31
90 83
45 50
4 43
91 8
46 87
72 81
1 25
61 29
48 74
16 33
31 90
73 92
45 64
70 87
40 11
73 74
4 92
21 79
96 96
61 60
61 85
30 44
49 28
81 79
85 11
12 80
80 39
84 89
73 60
20 67
16 26
19 50
61 44
58 54
88 7
53 45
62 42
58 18
21 53
54 58
99 25
60 16
79 1
43 37
58 51
77 92
5 69
68 48
91 3
11 31
