12 100
63 25 20
37 83 15
17 36 12
5 36 21
52 96 9
0 0 10
94 23 9
40 3 23
43 7 17
61 28 20
83 1 17
31 8 19
59 57
97 79
50 44
86 92
22 70
10 58
88 11
23 87
83 40
98 47
68 86
51 92
45 77
75 59
46 97
4 83
52 73
41 46
11 74
60 85
41 27
2 60
33 72
86 40
20 20
95 44
1 72
8 98
30 17
33 31
42 55
60 5
36 58
46 16
5 20
66 93
72 2
25 30
9 82
16 8
24 64
51 31
32 20
58 8
87 11
40 91
55 63
56 28
14 7
25 16
68 14
21 66
52 98
93 90
9 28
84 83
17 53
77 94
81 93
70 85
22 56
84 84
13 88
15 0
13 75
49 96
6 48
13 56
24 63
72 88
15 82
86 48
69 15
1 75
27 64
13 19
47 41
32 55
81 10
33 8
78 6
12 45
32 26
93 43
36 58
78 9
55 69
15 92
94 41
70 67
4 29
54 61
61 31
93 93
76 99
98 36
44 73
80 56
21 32
72 5
