12 100
29 40 16
10 76 15
75 53 21
49 26 19
74 35 19
87 86 16
74 99 13
97 84 14
76 84 16
49 29 12
16 48 16
59 81 24
23 95
97 18
4 88
98 61
87 78
74 38
38 1
19 76
57 61
22 65
64 94
46 69
60 18
13 3
70 73
30 19
13 4
22 14
69 2
29 9
1 48
78 32
69 8
17 95
78 82
82 32
3 57
36 97
79 80
71 29
27 52
91 95
23 66
78 84
77 98
81 85
3 37
97 33
10 43
36 16
67 84
7 90
97 95
92 91
41 86
91 21
6 65
42 97
73 89
14 98
98 16
34 89
2 70
2 61
94 11
73 32
82 82
73 61
99 59
76 81
30 95
88 3
43 28
27 70
42 70
4 71
99 39
14 62
84 7
33 84
88 91
76 67
19 84
53 79
79 94
54 42
37 49
38 30
14 73
31 7
62 67
51 90
65 84
28 2
65 13
64 96
55 12
36 80
60 1
62 36
25 96
37 8
44 28
38 3
21 87
51 58
82 11
10 11
77 7
37 56
