7 100
45 57 13
70 67 23
57 33 28
43 73 29
31 34 11
51 62 25
61 25 22
30 83
38 32
11 88
16 0
63 58
74 80
58 22
18 62
48 85
22 5
83 90
54 67
85 38
73 73
96 16
0 44
44 17
74 5
53 41
21 40
19 40
17 52
9 54
75 71
79 53
2 38
8 28
21 42
5 20
14 37
62 80
72 18
8 15
55 0
17 15
58 79
39 74
33 75
82 87
31 39
67 29
58 27
39 41
19 10
58 26
4 20
42 15
19 2
51 49
98 95
42 25
69 48
56 59
19 42
5 15
3 81
70 0
21 31
73 27
55 75
81 80
88 1
90 86
10 34
48 95
44 57
0 67
56 78
73 52
18 57
20 75
47 79
96 90
88 3
43 63
80 5
62 33
19 1
97 48
76 39
56 0
13 57
68 35
17 68
34 37
39 90
55 13
51 75
98 40
34 16
18 80
61 80
88 14
80 32
40 23
78 18
10 55
11 29
62 7
32 1
