7 100
46 29 14
72 34 16
45 65 17
50 61 34
41 54 18
47 25 34
54 62 21
25 85
74 15
96 18
13 72
0 24
99 36
16 27
9 2
79 99
19 94
82 57
86 79
97 9
6 19
45 16
66 75
17 44
86 36
55 88
75 14
27 2
95 55
63 7
45 71
13 51
21 55
92 28
88 7
78 37
28 55
72 65
86 2
28 34
64 31
35 1
14 3
81 48
72 73
85 99
26 91
48 26
7 2
89 71
80 75
16 76
7 1
1 57
54 33
71 76
1 69
20 83
13 98
72 53
72 97
88 99
33 60
53 30
76 64
38 0
24 17
38 25
67 64
86 91
25 59
94 9
89 32
78 49
88 0
33 62
66 24
94 48
65 80
70 28
18 39
1 83
54 31
13 47
67 96
35 56
45 64
79 83
49 31
16 69
5 52
98 3
50 75
49 52
98 99
57 67
97 49
32 18
24 40
78 86
43 37
36 24
1 73
21 32
22 20
89 85
22 54
