7 100
40 49 11
65 55 18
59 45 30
31 28 14
53 34 27
65 44 29
42 27 26
63 34
32 1
38 58
16 99
87 91
26 79
43 57
84 11
13 75
53 58
33 79
10 89
30 72
55 79
32 64
72 42
74 75
64 74
11 97
55 33
28 52
41 25
24 83
4 77
9 80
55 11
44 13
54 67
40 51
93 13
46 42
17 77
33 38
60 98
29 98
84 37
31 63
1 88
6 43
4 35
65 55
13 21
44 19
44 93
29 38
76 94
42 33
92 90
78 60
33 16
86 21
6 92
78 39
36 75
68 57
24 19
18 21
30 3
15 21
15 32
25 36
67 37
56 55
65 45
1 6
90 72
42 48
73 11
61 75
66 73
10 88
17 77
66 8
13 20
27 87
54 58
91 82
45 19
82 14
66 97
88 16
82 52
53 51
19 53
37 82
76 99
19 74
74 53
66 70
36 41
52 0
17 75
99 59
74 88
97 84
52 99
26 86
34 1
88 12
81 93
