7 100
50 58 14
25 41 26
54 32 23
69 37 26
72 58 14
35 33 26
31 65 21
70 86
71 42
58 92
79 5
1 89
34 24
35 42
25 32
36 8
61 47
59 13
91 47
83 50
1 42
97 26
58 67
56 8
85 66
89 43
15 21
19 39
29 50
69 64
88 71
94 79
13 94
30 65
55 75
71 17
66 13
83 38
64 29
13 46
28 93
80 29
65 26
29 99
53 13
51 67
21 82
54 77
30 44
24 92
90 71
91 16
10 68
57 79
98 11
21 10
68 17
46 18
84 30
94 51
74 32
98 33
30 29
33 61
96 53
56 74
71 83
8 37
2 45
7 93
0 8
7 3
29 34
49 18
78 32
43 65
25 90
1 74
46 25
40 80
93 66
69 0
14 84
26 67
87 93
72 28
79 12
91 58
66 32
43 24
47 12
77 10
64 65
96 37
35 34
44 50
22 44
64 87
4 48
18 74
40 75
0 54
98 46
36 83
50 69
61 65
56 6
