7 100
56 58 14
59 45 21
30 74 30
29 34 19
27 51 26
71 47 17
32 32 26
72 71
61 43
33 21
18 60
27 82
81 47
67 9
23 44
92 51
60 31
33 44
4 62
10 12
51 44
13 42
35 51
72 67
79 35
88 17
6 24
41 6
48 82
69 57
1 28
61 71
95 63
86 22
55 27
79 17
82 82
10 50
9 71
52 3
27 30
83 64
30 9
69 24
63 11
22 45
88 94
3 41
84 53
51 83
17 64
63 79
79 72
98 92
1 82
4 61
8 72
92 25
28 98
83 57
97 22
73 42
59 50
86 83
26 35
35 41
8 37
53 98
77 33
31 0
35 88
50 61
39 48
56 26
40 48
83 61
57 34
53 31
83 70
84 19
16 72
54 10
7 97
99 5
78 10
76 24
29 71
9 37
63 56
37 95
95 60
71 27
64 96
39 57
55 89
65 69
70 23
80 85
61 23
8 21
15 44
10 62
69 92
5 71
35 87
7 62
4 43
