7 100
34 37 13
48 66 26
52 73 24
54 36 29
33 50 18
56 27 13
71 50 30
40 34
34 3
88 59
42 19
47 22
41 87
47 14
66 42
36 76
88 79
40 33
85 44
61 22
1 2
49 69
0 54
7 11
19 2
6 43
52 79
28 63
2 93
17 81
56 39
94 95
14 79
1 40
30 9
76 4
78 31
76 83
25 69
83 85
77 56
9 26
34 35
7 81
21 50
86 23
34 60
24 4
64 33
95 40
6 18
78 46
89 65
54 21
28 20
48 56
60 2
44 88
42 49
97 18
48 22
25 62
97 28
11 32
53 71
36 84
65 31
36 44
45 43
82 85
94 58
51 26
43 21
88 39
92 25
27 81
75 30
16 81
25 1
49 65
7 40
18 30
12 32
12 34
8 51
46 13
1 17
97 58
65 42
99 31
75 97
95 30
59 65
58 15
73 28
23 7
15 29
2 30
20 13
35 58
97 9
17 95
82 12
81 62
89 74
0 1
76 27
