7 100
44 67 13
70 70 17
56 70 14
45 49 27
36 65 31
70 40 20
42 64 30
43 18
55 14
54 45
86 98
35 68
57 93
4 70
66 33
64 13
80 67
85 21
49 4
13 81
39 25
71 77
78 58
90 2
97 7
28 64
36 86
1 19
1 13
21 60
83 37
40 28
70 93
61 10
63 23
38 4
51 63
54 2
98 54
41 35
20 73
98 93
3 62
69 83
71 1
60 80
55 94
61 80
81 15
89 20
4 54
90 46
27 14
38 20
80 63
77 4
32 50
71 87
97 76
68 10
77 90
45 69
37 77
22 74
96 46
16 68
70 40
68 97
32 17
23 78
55 98
30 77
75 73
15 77
7 4
65 17
4 12
98 30
34 71
73 9
55 66
44 2
85 10
7 73
35 47
27 96
15 99
83 32
1 25
94 39
34 96
39 99
60 16
44 80
58 33
90 94
64 16
87 75
73 71
96 32
38 37
49 20
87 58
76 31
51 56
40 1
80 83
