7 100
62 70 28
64 38 15
25 64 21
52 74 26
43 54 20
35 63 24
57 73 25
85 28
81 75
43 19
83 31
6 15
23 7
99 35
27 50
5 89
57 28
56 43
60 21
86 46
84 65
80 52
71 19
17 60
96 97
91 69
40 73
14 84
95 85
20 28
2 81
60 31
43 56
82 80
83 4
44 48
4 5
21 46
73 71
44 10
32 64
37 91
34 30
68 18
23 78
45 25
7 45
0 76
42 55
88 15
48 58
84 14
95 84
35 47
67 61
54 63
48 40
93 39
0 15
35 10
21 89
3 97
4 47
14 64
9 95
98 82
39 84
35 53
92 68
73 8
92 88
68 62
76 13
6 43
23 83
54 84
95 75
81 89
70 89
61 69
73 79
91 66
4 5
15 40
65 78
61 30
39 39
54 81
79 98
58 77
61 1
72 49
2 17
78 75
51 59
29 89
52 76
32 58
73 0
60 38
92 13
98 97
76 49
78 84
69 37
90 31
15 89
