7 100
46 53 24
73 74 19
28 66 16
37 41 22
49 34 26
31 34 27
67 37 19
51 26
7 94
28 21
90 80
4 45
52 2
80 23
37 87
82 67
92 88
77 54
63 4
54 32
95 21
30 93
44 31
13 79
66 5
73 14
91 56
17 68
62 76
93 31
43 19
37 94
30 50
57 24
74 0
49 81
82 64
40 80
58 39
3 53
19 93
5 90
58 5
96 87
63 97
22 21
68 0
57 39
34 32
56 24
52 30
46 90
27 19
36 20
43 78
75 31
38 5
68 94
25 0
37 30
1 54
59 5
68 24
71 62
84 10
27 99
30 23
16 87
37 42
5 64
36 96
18 48
95 99
26 50
84 77
35 58
83 23
95 42
93 26
4 98
66 47
97 92
99 20
7 83
98 43
77 9
58 24
28 42
18 49
95 93
7 98
33 88
88 69
48 40
50 93
94 59
59 32
40 79
22 82
50 84
33 16
37 50
47 94
84 13
9 13
27 21
8 76
