7 100
59 26 29
30 33 20
61 39 18
57 57 28
45 70 22
25 40 13
54 58 22
90 28
19 58
54 48
80 43
6 83
92 39
23 64
82 59
43 4
64 41
67 83
89 10
80 44
8 26
25 29
78 88
64 27
66 45
39 95
22 90
69 56
27 67
15 19
32 64
28 22
62 36
74 36
84 8
73 63
90 77
57 0
98 14
99 1
29 23
88 22
81 40
93 53
89 50
60 9
24 12
7 96
89 64
33 95
13 80
68 57
34 78
80 11
82 18
42 80
91 90
83 24
91 88
32 94
51 38
48 2
83 61
69 0
25 76
19 74
32 66
47 41
85 56
8 18
28 31
17 96
78 79
11 27
73 67
50 4
95 46
70 57
3 99
97 21
32 10
99 51
97 1
71 69
16 0
64 89
99 99
66 97
29 35
53 10
5 66
35 16
79 69
50 33
68 79
48 71
17 42
51 69
6 27
25 35
68 90
50 70
47 13
42 99
45 74
28 19
23 8
