7 100
54 73 16
26 41 24
71 63 13
29 31 31
33 68 20
53 32 24
44 60 23
19 55
49 71
88 24
31 85
4 99
83 29
34 51
72 91
37 77
89 55
41 20
24 80
36 95
29 50
0 30
59 40
31 82
0 40
43 27
97 3
60 10
5 26
95 25
39 1
82 71
73 19
70 19
18 59
89 64
76 85
35 25
14 75
12 99
5 94
91 86
21 17
90 10
49 89
9 33
35 58
63 57
84 41
86 19
59 26
86 11
30 14
19 37
25 94
1 45
2 8
38 57
3 99
88 61
72 26
98 27
10 23
21 45
3 28
93 9
51 49
99 13
17 25
17 25
91 61
85 24
67 28
12 37
21 64
32 19
69 48
21 34
30 4
10 21
34 59
84 86
6 66
59 9
10 34
94 78
88 77
97 80
34 29
34 67
24 56
82 76
11 32
5 75
68 29
84 83
29 4
46 81
96 25
8 33
39 99
46 60
44 85
86 73
38 89
59 45
19 91
