7 100
58 38 26
71 26 18
61 37 21
29 44 34
43 51 24
41 39 16
71 25 17
65 95
11 77
8 42
1 14
73 23
99 75
5 10
92 85
9 27
97 38
95 5
65 67
83 44
30 42
37 65
52 57
12 14
90 10
71 28
75 29
72 93
99 27
83 14
42 19
5 57
74 67
8 46
99 24
19 19
83 68
54 81
72 24
31 50
24 89
16 11
0 82
13 16
49 96
56 63
80 16
80 72
26 38
19 80
25 85
20 72
48 68
85 73
92 91
92 58
1 24
80 27
93 61
72 56
70 15
33 80
96 37
79 95
26 65
14 13
86 26
80 87
75 16
33 38
31 52
7 36
66 63
71 77
53 23
30 67
33 34
74 82
1 38
37 85
10 80
76 94
81 82
13 26
12 26
85 88
72 32
76 69
10 30
11 44
31 84
65 66
76 66
78 37
45 56
56 31
50 25
0 80
75 98
52 9
9 36
78 47
66 71
17 38
49 25
73 86
23 86
