7 100
38 69 15
56 41 23
37 71 19
69 32 25
27 53 29
25 63 27
40 30 16
72 33
62 99
87 36
11 81
99 9
99 72
8 49
19 29
90 1
97 17
11 54
50 57
17 86
30 66
57 9
30 32
71 0
32 50
26 62
4 30
93 67
21 3
43 73
71 77
25 18
21 74
1 69
87 63
59 70
61 33
84 64
66 61
91 40
80 74
30 85
24 0
88 69
76 77
92 63
36 72
80 36
87 87
68 0
54 30
96 80
55 85
85 33
50 32
44 12
12 56
30 79
21 38
72 86
78 16
9 2
99 47
17 2
50 95
34 44
13 81
15 3
69 68
3 53
51 30
62 12
75 38
1 76
90 17
97 73
94 69
29 40
37 22
74 64
1 14
31 69
4 98
52 89
31 71
80 11
47 15
15 23
67 27
88 11
49 37
16 34
88 93
51 81
64 42
99 27
44 71
79 42
25 39
81 35
14 47
68 90
93 31
17 40
54 31
80 70
3 25
