7 100
74 35 21
28 35 29
61 32 13
28 29 14
55 34 20
31 42 22
38 36 34
74 38
75 76
58 53
13 27
27 7
85 61
17 96
20 95
44 23
71 29
8 54
89 51
25 9
37 48
31 46
18 88
94 5
88 67
39 88
11 62
69 77
99 36
29 48
72 49
76 65
49 13
35 31
22 47
16 25
84 93
66 50
30 45
8 76
37 93
65 65
15 65
78 51
84 12
11 58
79 61
36 68
93 79
15 16
31 54
87 60
17 38
10 22
60 72
45 74
98 26
48 62
4 55
13 92
53 76
93 77
13 47
81 62
3 2
58 65
5 21
73 67
43 12
34 5
2 72
44 72
32 47
81 71
42 84
94 71
71 68
97 25
67 35
43 57
90 1
11 82
54 8
80 60
67 27
83 67
1 34
30 86
85 68
53 34
79 90
84 57
9 40
36 98
94 2
73 18
96 63
0 16
70 31
52 38
66 80
92 8
22 11
57 23
52 32
32 40
2 65
