8 100
34 46 25
58 47 8
55 44 23
28 63 14
36 48 20
52 26 22
25 61 20
20 44 18
76 93
80 26
52 86
57 80
51 15
62 17
88 73
57 19
39 93
30 8
36 5
83 47
92 35
76 27
13 68
41 79
79 71
91 98
10 81
57 41
46 67
69 25
69 79
20 26
94 8
16 21
55 67
25 67
66 18
81 32
22 30
93 90
71 77
7 40
44 20
37 41
44 11
38 62
45 79
59 98
60 94
46 38
11 12
87 61
4 72
48 61
96 67
76 51
10 79
51 38
37 98
36 52
56 72
80 48
97 69
36 75
58 25
41 37
49 16
92 92
5 68
85 8
95 78
52 73
26 37
27 0
51 67
71 63
39 33
10 29
58 14
29 59
6 30
70 78
80 4
36 43
22 32
47 65
9 60
46 47
62 82
24 34
61 33
30 15
85 8
63 38
2 79
32 81
40 41
93 27
42 24
88 83
52 2
73 12
36 96
67 52
38 53
69 82
11 51
39 23
