8 100
76 44 19
63 55 25
38 30 15
51 30 23
72 64 18
65 74 15
42 39 18
73 24 18
70 62
67 92
13 68
41 88
41 37
51 96
37 7
31 91
16 19
63 63
58 50
96 34
84 28
21 21
89 76
26 35
78 71
73 35
51 21
7 18
92 67
9 46
54 68
58 63
83 12
12 71
22 78
54 28
34 91
27 8
24 79
40 86
2 7
10 83
8 42
82 93
97 71
71 64
24 87
14 39
18 43
53 63
14 61
76 72
77 49
79 37
65 88
61 99
68 55
48 81
92 38
41 51
44 49
18 14
36 15
81 41
10 11
44 65
65 77
24 4
53 31
33 14
58 97
47 50
38 43
21 25
53 52
34 74
23 69
18 45
95 50
8 50
13 42
6 69
66 36
41 38
65 76
82 44
99 18
37 44
2 50
25 13
66 54
5 37
7 72
0 62
39 34
16 37
94 25
84 26
28 28
26 32
82 8
3 63
43 67
9 3
51 19
27 93
92 64
54 7
