8 100
39 42 22
28 22 15
50 75 15
27 36 25
55 63 17
22 78 22
71 77 13
27 46 25
40 5
97 21
0 59
73 14
7 87
21 41
71 38
31 50
93 75
23 61
65 82
50 27
97 94
11 11
85 85
43 71
85 94
26 82
40 75
56 70
54 18
51 9
8 22
33 57
87 81
4 4
13 18
41 84
96 7
23 28
16 93
0 65
25 25
5 48
43 81
2 96
66 38
10 73
70 6
61 72
68 52
1 67
53 59
2 99
18 12
87 10
96 38
59 87
53 63
53 93
5 44
64 31
36 25
7 77
52 32
28 32
45 12
46 74
16 78
92 49
56 21
85 8
84 61
72 15
66 23
10 82
17 53
15 71
49 35
35 21
68 1
6 31
29 85
83 35
34 73
51 42
21 37
71 70
84 48
42 21
91 22
95 7
31 22
59 43
88 80
80 27
37 32
51 52
8 4
86 80
62 6
66 89
60 95
28 79
70 70
81 61
78 57
48 68
49 76
61 32
