8 100
35 65 23
72 21 19
43 66 17
44 57 23
52 48 17
71 49 24
25 42 12
70 67 15
67 95
63 35
49 10
33 58
4 77
18 36
39 73
36 30
5 96
40 54
78 21
21 4
76 85
43 89
28 98
8 55
36 7
11 33
56 66
31 74
56 82
34 59
55 62
82 91
18 64
46 58
67 56
60 3
52 31
85 67
56 39
16 61
38 2
11 46
71 76
38 20
66 45
65 26
26 60
75 7
65 83
18 2
51 5
49 32
85 77
19 24
59 45
97 10
75 65
67 16
76 0
99 57
4 59
69 15
39 96
73 75
70 70
21 39
35 9
56 1
1 86
5 98
54 48
60 90
79 35
77 12
82 73
52 9
28 37
33 80
54 36
36 41
78 97
41 30
20 35
52 24
94 60
53 46
94 67
76 33
66 80
79 34
4 84
51 79
50 70
93 30
62 4
22 17
96 56
17 76
53 9
9 68
71 10
92 40
13 6
58 4
43 8
94 83
29 78
41 53
