8 100
40 62 19
32 37 19
70 44 14
40 70 25
22 48 22
54 54 14
72 49 16
60 43 23
23 38
70 55
0 80
2 91
81 12
63 37
28 74
87 92
72 2
25 43
98 70
31 97
84 54
80 38
21 23
42 50
0 54
52 17
73 98
19 98
82 90
70 89
39 91
45 7
48 10
70 21
85 62
89 57
0 13
12 47
72 20
90 49
14 81
56 89
27 46
3 15
16 75
15 13
27 6
93 75
59 4
26 85
97 70
62 12
30 57
76 32
11 75
26 93
83 9
75 94
95 26
45 33
85 65
67 21
0 84
84 94
7 95
89 27
36 9
76 94
70 72
72 26
62 26
62 90
78 95
89 40
74 94
67 9
90 62
19 32
76 3
9 31
85 27
2 31
22 10
33 10
23 84
41 83
98 88
53 94
87 32
95 22
79 31
42 15
3 59
22 84
72 11
55 50
46 63
51 31
95 86
64 40
74 46
53 32
7 46
85 92
78 0
19 63
90 19
60 71
