8 100
59 44 15
23 39 22
23 64 29
51 49 28
65 72 11
49 58 17
27 53 19
46 50 15
59 79
42 39
23 54
82 32
97 83
60 40
7 59
84 77
14 82
21 74
45 60
38 90
20 92
57 5
85 10
43 15
39 16
39 41
94 14
10 59
61 2
14 92
88 1
23 13
40 74
4 78
61 70
28 67
18 34
40 75
28 77
20 68
67 16
99 14
38 17
22 12
21 18
53 30
62 71
97 75
70 54
88 16
50 16
4 64
41 19
5 38
85 22
31 53
1 34
23 96
23 12
81 32
61 15
31 85
54 10
29 31
65 84
54 13
14 67
60 61
54 62
14 1
83 40
89 87
74 30
56 85
71 13
67 86
18 81
85 2
55 68
45 17
24 66
62 53
21 65
32 28
83 84
65 96
75 62
99 26
74 36
95 85
32 87
15 82
62 6
69 86
94 72
90 3
90 90
51 48
51 85
14 45
37 58
35 41
64 67
47 5
50 17
1 93
15 91
65 54
