8 100
21 36 21
58 28 17
39 49 19
20 38 25
42 58 15
67 43 16
44 42 17
45 75 23
50 81
52 20
18 95
80 54
70 24
43 51
17 1
89 93
42 13
82 17
55 50
2 76
36 44
32 59
19 89
14 28
87 7
3 19
10 60
80 88
4 0
79 18
75 82
70 43
40 42
46 88
4 4
17 7
8 44
59 35
46 17
3 31
81 74
6 37
28 7
93 92
71 25
92 65
27 36
57 24
48 36
12 77
3 91
75 51
65 55
66 4
14 35
41 70
51 50
26 67
4 81
90 67
42 64
52 33
99 50
1 30
37 78
73 15
42 60
11 84
42 59
10 32
65 20
94 17
65 94
8 22
10 63
65 17
87 41
30 66
79 57
12 8
91 88
0 19
33 25
13 68
50 81
61 13
63 2
58 22
49 66
34 21
1 8
2 83
12 93
86 8
99 71
50 3
0 79
61 82
40 60
63 71
18 86
84 72
86 8
62 97
99 16
26 40
10 47
62 8
