1 100
60 45 155
72 19
52 14
67 22
99 17
7 9
64 6
35 63
95 68
77 67
53 43
37 39
77 97
92 66
69 1
64 71
59 1
47 69
47 97
11 37
67 90
53 21
31 68
98 85
79 14
72 68
57 70
40 24
61 48
84 11
22 2
47 50
30 72
36 32
16 96
17 24
34 85
67 20
40 39
94 41
21 51
84 9
45 59
78 47
34 54
30 80
33 74
29 70
83 40
64 72
39 75
34 68
9 25
31 21
98 66
66 61
20 92
95 76
16 35
86 47
88 79
50 8
70 51
68 34
70 99
99 60
39 13
52 95
38 64
79 9
25 9
67 35
20 21
72 73
17 1
62 39
67 49
96 86
20 27
14 59
22 42
10 36
30 21
35 45
19 25
30 18
42 65
28 19
20 44
3 17
71 40
28 73
82 60
78 11
31 81
94 3
1 74
18 52
46 12
98 62
99 32
