1 100
31 42 179
63 74
22 74
86 90
83 84
44 62
21 11
23 11
99 59
50 8
99 27
33 44
73 13
98 14
53 64
20 93
58 36
9 5
76 46
94 53
44 19
27 88
85 83
65 23
28 74
21 74
98 48
24 99
93 58
3 83
62 90
97 1
45 90
32 82
45 76
50 27
77 74
22 99
89 26
29 45
55 32
37 91
67 78
8 71
30 65
77 9
46 27
70 19
52 60
3 56
7 93
83 77
45 8
83 36
0 22
67 25
60 46
41 80
44 50
0 92
94 73
53 81
6 90
56 92
43 65
2 76
13 42
29 5
25 61
23 86
49 17
78 29
9 42
11 94
75 97
22 57
7 87
23 57
53 9
69 48
40 62
57 62
29 78
73 96
37 67
1 37
98 10
84 60
95 17
19 12
14 24
27 34
51 40
69 63
4 85
0 14
65 57
30 65
35 71
60 87
14 62
