1 100
58 48 151
76 57
51 87
4 61
2 65
88 86
7 47
84 39
58 58
45 19
23 97
58 77
78 3
96 12
88 99
58 5
24 81
9 42
97 87
90 53
37 25
71 56
88 44
1 7
68 8
73 44
49 27
3 58
17 75
20 20
1 75
33 6
38 10
80 53
5 69
98 49
5 31
62 30
59 28
6 24
57 61
30 27
41 45
49 7
33 28
17 25
32 18
93 97
7 12
61 87
25 68
58 78
95 24
51 66
90 34
88 30
22 60
25 89
31 22
55 76
28 45
52 42
38 46
15 26
35 98
7 55
59 89
56 78
70 20
87 95
43 71
69 43
84 61
17 70
33 75
83 4
63 19
1 97
94 31
47 6
65 60
7 75
71 65
17 59
46 87
94 2
50 21
51 10
19 66
95 25
8 69
90 41
95 99
88 94
13 43
93 40
63 47
11 91
91 0
39 66
39 63
