1 100
34 34 177
80 0
52 71
47 47
15 43
21 73
17 26
94 8
23 67
74 44
3 13
65 20
19 70
28 51
99 73
27 71
88 75
75 11
62 87
79 50
30 28
47 9
33 67
27 48
14 72
68 78
3 31
46 23
59 42
79 56
99 2
58 34
23 87
17 66
90 28
87 72
2 16
55 66
26 50
14 46
45 57
54 9
86 66
60 86
61 56
60 81
25 77
27 11
96 22
53 79
11 36
49 76
91 16
58 9
84 54
92 12
40 95
28 97
74 26
27 36
9 50
54 45
77 58
62 10
91 41
67 13
32 17
46 54
37 52
37 4
83 74
11 65
67 65
71 48
14 93
83 19
5 87
16 86
52 19
34 59
71 40
19 45
57 37
79 37
29 36
78 63
45 53
62 80
43 38
82 32
41 66
77 71
67 1
57 26
92 10
79 33
27 6
50 35
84 30
91 74
56 71
