1 100
68 69 150
94 8
16 72
66 26
41 74
34 35
88 34
62 83
19 51
66 40
82 15
22 22
14 3
67 46
7 17
51 77
46 35
1 18
13 20
6 5
93 35
37 36
51 39
65 70
2 30
12 5
89 82
60 18
60 55
12 2
66 37
79 3
0 17
76 61
87 66
83 22
91 10
65 35
75 21
80 44
30 40
7 82
25 54
97 77
59 53
42 95
18 88
29 44
94 68
48 87
22 38
24 92
1 59
95 82
7 36
30 13
0 15
27 70
86 7
75 30
42 52
98 36
20 23
89 51
44 6
19 82
66 17
50 71
33 7
93 92
35 68
97 37
29 33
35 75
10 97
31 96
98 23
60 54
78 8
38 93
39 86
93 95
34 97
96 63
21 18
73 4
88 58
17 29
1 52
6 79
65 76
6 51
29 91
24 13
95 37
20 90
53 29
77 69
67 40
54 4
73 35
