1 100
52 39 150
72 0
8 18
80 36
2 71
51 4
95 22
90 80
60 89
92 91
68 39
40 98
9 32
24 78
60 64
7 27
39 52
31 22
55 93
81 13
41 20
82 90
90 15
56 56
62 83
63 84
75 25
52 73
2 65
19 87
19 14
57 90
12 83
3 7
37 77
48 16
1 63
22 72
17 9
2 1
32 76
2 23
66 5
22 38
94 25
32 12
21 46
24 51
88 10
31 53
87 0
65 60
93 53
35 35
22 63
88 67
73 3
37 84
31 17
65 32
78 38
55 18
38 18
80 2
77 30
72 45
80 71
76 52
99 75
46 21
27 16
51 40
38 64
71 41
90 82
9 33
82 24
81 87
59 5
3 81
42 16
59 72
85 47
53 65
92 52
62 98
36 63
57 11
51 66
28 54
53 88
20 42
36 84
66 11
73 16
8 62
38 76
33 98
8 3
93 9
92 77
